500	623437
6316	5563
6742	6709
6370	7024
9296	9548
6199	6191
2187	2033
606	785
7525	8505
2326	1693
3574	3545
6475	6058
5257	5935
847	679
10216	9275
5626	6252
5586	4774
8963	8130
7703	7200
4631	4534
2329	2607
6449	6460
2122	1879
1195	1814
10474	9618
2882	2369
312	888
1106	933
7359	6749
-283	344
9851	9906
780	750
1343	1113
8176	8866
3485	3088
2103	1411
4990	4122
2388	3037
1314	1466
9169	9087
1513	1059
6246	6950
7113	6233
7804	7824
5363	5845
6105	5356
6922	7466
6358	6782
5038	4041
3368	3242
1751	1749
8394	9174
4785	5225
4263	4574
10422	9763
3945	4126
1541	1468
9816	9118
5600	5308
832	681
7200	7813
7179	6903
232	1198
444	208
2481	2034
9497	8717
3692	4452
3029	2355
2730	2803
2281	2718
7134	6941
9143	9737
826	621
7034	6107
8638	8500
2743	3433
1565	1880
1664	1589
5868	6722
4771	4666
1976	1596
4637	5240
4568	3976
8203	8427
5016	4522
6507	5695
1120	691
6530	6221
-37	637
7725	7239
1840	1819
2495	1799
4447	3709
6202	6774
8676	7887
2721	1888
1649	1172
5082	4585
1434	1073
9221	8277
6180	6859
10307	9760
3083	2105
8951	8859
4107	4659
4056	4581
5554	5824
705	174
2768	2471
6021	6314
289	1089
2154	2543
2158	1680
213	111
2579	2842
1748	1050
1572	1413
4116	3600
9301	9492
8112	8963
8153	7612
7412	6979
6777	6274
3061	2967
3786	3155
1047	1805
-117	186
8423	9208
4846	4178
7691	7321
6481	6761
8594	9423
2255	1882
8413	8042
8187	8185
1021	1875
6751	6899
6104	5582
2257	2358
5130	4620
6659	6885
6175	6107
4138	3474
4288	5286
6940	7336
3173	3727
3826	3679
5530	4972
2535	2523
3342	3285
6526	6369
9823	9206
4150	4012
5214	5495
1504	2392
8507	8233
8930	9241
2409	2697
3337	2357
2111	3069
6733	6940
6107	6491
6756	6296
2698	2530
1639	827
2775	2229
8108	7324
10204	9518
5287	5277
-574	408
1467	1477
3010	3295
3024	2035
9172	9783
174	325
7048	6786
9920	9646
3524	4233
849	1089
6728	7462
7967	8927
1064	1815
862	180
744	290
2391	2696
4998	5828
2513	2041
3962	4889
7486	7817
3956	4817
4473	3873
2624	1756
2215	1229
1477	2162
10076	9102
6314	6936
2117	2017
6528	6982
3055	2786
4483	4004
3501	4320
5362	6004
1546	1656
7256	6786
2514	1914
8397	7612
3920	3203
5085	5656
875	1707
3257	3099
-822	145
698	1539
1007	1488
6332	7061
6205	5791
8861	9753
2705	3598
3072	2821
3604	3000
4989	4725
7245	7559
3163	3404
4464	4407
1006	1543
9572	9580
10346	9624
7540	7380
8102	8237
9977	9682
10315	9492
2954	2712
7593	8286
7809	7704
7615	7913
6699	7064
7942	8321
2047	1325
816	1735
7762	7134
4259	4547
6143	6975
2141	2789
1706	1683
10287	9572
2734	2673
9923	9541
5483	4659
7404	8044
6239	5284
8763	9417
9328	8593
6237	6970
5866	5812
8295	8351
4932	4685
6668	6011
3215	3418
2815	2364
10758	9824
8663	9169
7409	7350
3238	4232
2159	2886
3890	4370
7367	8231
3395	3221
7415	7875
4832	5796
742	1597
2263	2983
9738	9747
4807	4292
7446	7792
1934	969
4078	4943
2104	2814
5240	5197
3732	4300
9339	9320
6207	5307
1035	1510
3811	3429
5291	5068
5437	5774
9477	9723
9765	9298
4688	4101
8227	8985
7547	6596
9098	8562
462	89
817	182
7899	8420
1512	2423
6580	5853
4704	4344
7027	6256
3771	3098
6866	6997
4056	4339
4612	3978
5615	6187
4099	3577
2195	2673
1708	1476
8977	8062
8202	8961
6283	5905
8400	9075
8099	7822
1923	2408
4653	4992
2080	2641
6972	6337
3337	3311
3346	2707
7259	7015
8011	8070
6862	6769
3061	3467
9206	8328
2798	2512
1889	2474
1917	1019
3285	3095
9678	9178
-420	61
215	516
5165	4962
1608	2338
626	232
8860	8264
2325	2993
1300	541
2433	3428
3462	4357
8456	8238
1456	1747
7751	7988
8691	8610
3446	4309
2303	2936
5109	4659
7687	7069
3764	3008
4481	4244
3011	3506
2684	3188
5918	5192
6228	6259
4051	4086
2399	3078
6712	6538
8909	9385
1284	292
1558	1960
8729	8484
5461	5320
789	1050
8169	9114
4853	4498
2648	3647
2049	2216
1610	853
7023	6914
8728	8730
-414	429
9638	9674
9391	9334
8818	7843
6204	7052
1463	577
6647	7401
4478	5030
481	988
9695	8859
3355	3852
5609	6192
5733	5691
5780	6177
762	506
3536	3604
6043	5768
4703	4252
8131	8687
6519	7430
308	952
3328	3978
6610	6605
3744	3153
4862	5853
8484	9430
1839	868
8030	8474
9018	9017
9682	9162
8727	8612
6186	6808
9155	8746
6262	5832
6115	5856
9327	9522
8115	7618
1083	1510
8870	8857
4579	4519
10323	9377
6359	7117
6509	5920
3440	3154
2610	2945
1364	810
8399	7784
5814	5935
4144	5027
6896	6664
7267	7731
1092	393
3288	2388
2870	2275
9059	9268
8301	8658
7864	7092
9249	8888
6755	7716
309	651
1518	708
8409	8568
1632	1780
4231	4075
8708	8972
92	391
3408	3275
7416	8403
5064	5389
9265	9611
3087	3821
3210	3300
3579	4041
1029	274
854	580
3053	2416
5420	5087
8697	8833
8446	8189
181	23
9761	9997
835	214
3514	3900
1923	1637
6241	5644
4758	3944
6107	5866
7632	6727
2485	2134
8079	8015
408	628
7417	6704
5004	4117
8235	8932
1100	1147
9957	9464
4748	5720
4087	3470
5101	4645
4898	5259
9257	9057
2728	2456
3329	2796
1108	1180
9079	8887
4507	3995
6024	5976
1022	1580
4800	5290
8535	8748
5379	5818
7522	6635
46	592
8094	7507
4381	4266
8549	8229
8352	8318
5059	4595
1695	2570
9553	8747
7763	7672
4671	3674
2745	2494
7224	6442
2303	2116
6207	6924
10660	9752
1866	2173
5396	6366
7912	8283
5009	5148
768	304
10147	9899
7101	7283
2403	3376
