500	1782047
5999	6423
2741	1886
4059	5056
4027	4894
9176	9108
755	1578
5734	4959
3458	4203
4452	4011
4007	4491
7352	7807
2329	1342
7975	7918
-25	755
6488	6919
1236	545
577	1148
3102	3549
4579	4787
7581	6689
3480	4216
6948	6424
3666	4042
7184	7782
3691	4068
2146	2921
4783	5171
5005	4567
8344	8025
7954	7661
9447	9891
1375	987
3225	3340
9068	9944
2014	2032
1265	2020
7394	7601
9116	8124
6325	5421
3235	2397
1549	882
-532	418
2265	2283
5148	5491
7159	6657
7850	7953
4350	4061
687	289
5759	6177
1083	1877
5166	5920
1325	807
4971	5043
975	1514
447	1187
5368	6302
1649	1931
7330	8119
9015	8055
580	871
9638	9465
4837	3962
65	465
3267	3628
7687	7185
1654	1200
1460	2104
3120	2976
3479	3640
3784	3960
361	1102
3276	3246
3694	3332
3981	3596
7493	7677
2940	2449
5400	5992
9527	9721
7357	7011
5346	5800
5202	5204
308	3
2037	1709
1150	804
-69	170
796	174
1792	1375
6712	7007
735	1134
2606	2445
7663	7772
9417	8655
7029	7655
2938	2923
7796	8075
8544	7916
4991	5722
7364	6936
9041	9952
2250	2778
9154	8853
3323	4097
9174	9073
490	1286
8785	8057
2547	1720
4347	4974
5922	5944
4966	5102
6523	6349
6850	7588
3465	2806
3977	4886
3279	3443
6106	6536
2049	1311
2631	1874
8615	8319
9815	9213
7771	7503
10258	9685
9107	9450
6340	5949
10390	9990
3594	4258
-227	577
7686	6954
7047	7858
2829	2179
2740	3028
-89	223
-101	453
2218	2448
6404	5745
5325	4727
4692	5282
4903	5174
5542	5422
532	123
4605	4875
8902	8101
5685	5281
2026	1537
8661	9596
7116	7142
5495	5132
10599	9665
5275	5812
7614	7059
-739	125
8264	7508
2228	2549
5808	6488
114	154
6110	6084
2875	3693
7154	6830
5305	5589
5351	4816
2091	1136
-223	512
4847	5673
5390	4555
5603	4992
5859	5745
6352	6102
2873	3225
6642	5932
2054	2971
2726	2673
828	1112
8881	9590
8572	8043
9219	9011
2563	3067
2094	1166
2954	2765
774	105
1122	1027
1404	1635
7299	6564
809	22
7337	6386
6559	5852
8264	8389
1613	1115
7648	7594
1130	144
9090	8586
199	1197
1716	2004
8051	7933
1292	1904
4718	4790
5260	5838
5803	6052
3231	4160
4789	4893
1768	2025
8369	8958
5043	5621
6828	6264
3237	3479
7320	7905
8716	8265
2038	2772
221	518
1159	1387
972	1446
1984	1703
9705	8952
6496	6035
457	179
2266	2712
8691	8024
6314	5320
5026	4444
6834	5913
-138	695
2648	2691
2433	1973
5067	5579
2833	2518
2224	1263
6161	5845
7743	7597
4406	3424
7562	6962
6287	7263
2793	2157
4521	4046
7473	7985
6307	5412
2220	2764
869	417
803	1416
7611	7267
5661	4878
6154	6663
-44	99
2504	1810
6589	6358
8348	7679
5477	5186
6037	5696
3670	2930
1083	1171
8163	8231
1154	1162
6319	5391
2955	2799
-267	318
7049	6504
6717	6201
3337	4039
5574	4728
430	347
6455	7432
371	755
9118	9317
5908	6312
3376	2544
5635	5863
6789	6767
7626	8119
5220	4953
8638	8018
3556	3685
2404	3168
6947	6742
9356	8889
3287	3054
8741	8905
2621	3611
9380	9455
9578	8814
8231	7876
10335	9599
8197	8482
711	761
288	1225
812	220
2940	3686
6318	6467
6699	6493
790	411
1844	1029
1898	967
6229	6654
5050	5944
7258	7503
2601	1873
3286	2465
5411	5467
116	539
3010	3897
461	995
3386	3708
6600	7076
8803	7885
9027	9734
1413	1653
7728	8111
808	694
7184	7196
7271	7223
8191	7746
2341	2780
2865	3269
6665	7508
7932	7177
7442	8273
3907	4576
9852	9203
4943	4858
7864	7923
2306	1733
898	1704
1941	2193
7697	7311
7623	8091
5976	6790
6899	6332
9349	8750
3422	4166
6803	6111
100	366
2156	2217
9485	9068
3867	2944
8369	8505
4455	4868
361	440
2766	2784
7117	8024
3836	4724
1491	980
8611	8302
7482	7433
4211	3263
10032	9660
1019	1996
-681	109
1844	1318
4889	5630
5288	5804
5147	5126
7989	7074
9154	9946
6571	7252
1981	2656
7420	6787
9925	9839
7918	7297
8048	8490
7425	7925
7203	6285
4269	4526
-324	483
7382	8272
5880	6455
3879	2949
6822	7450
6945	6200
3033	2583
8303	8067
1629	1778
6191	5224
5811	6292
8075	7943
3945	3080
6349	5635
1648	2138
8078	8460
8788	8707
5594	5083
2538	3509
9753	9445
5399	4405
1393	1056
1920	1799
5856	4929
-523	327
4218	4249
1861	2672
3205	4104
3498	4410
7363	7818
8580	8953
4528	5519
1662	2063
6446	5524
5302	4984
9971	9233
8954	9667
9542	9078
4767	5763
833	1394
1150	510
5590	5411
5048	4184
4875	5284
8758	8307
1750	1492
2442	2082
6764	7622
4457	3962
2362	2419
7818	7168
4517	4684
1052	1940
7352	8300
-486	471
6472	6494
7293	8038
84	513
3268	4122
6945	7166
1607	1600
5071	6040
9029	8370
210	529
9455	9510
3655	3980
4259	4598
3398	3511
4288	5128
4243	3294
-304	558
2523	2930
5188	4396
7035	7168
1624	1941
4540	3649
1083	2045
5689	6277
5856	6053
6008	5448
6529	6104
2289	2238
5189	4442
10509	9942
847	262
1337	1519
5525	5726
5237	5766
525	594
1227	1342
10309	9969
4494	5131
7787	7382
5562	5130
4140	4564
5012	5347
586	4
7162	7719
8694	9684
1310	366
2833	3599
1087	765
4916	5388
6777	5797
6303	5815
353	1220
4179	4831
62	500
4735	4108
1666	1997
6899	6206
8897	9337
1333	1279
3318	3358
1788	1067
7274	7259
7684	8311
7389	6693
744	905
6100	6031
2578	2330
2067	1557
9357	9951
1133	2076
3459	4037
2321	2729
3535	4119
6254	5507
5336	5473
8951	9062
8258	8939
507	260
645	695
8248	7299
2471	2144
6844	7373
6859	6931
4215	4336
7098	7337
8014	7291
2557	3187
1326	671
