500	2269797
4442	5088
5085	5763
9011	9637
4466	3858
3800	3497
10157	9218
717	320
7462	8289
5910	5463
3409	3529
3617	3926
2103	1636
2811	2057
985	413
8578	8074
7513	7354
328	213
9036	9836
535	1492
4149	3811
1728	1349
6298	5632
8401	9131
5785	6194
8441	7720
8470	7475
9227	8767
5638	5465
8444	9217
9036	8748
-814	87
6099	6802
9204	9217
6558	6500
2694	3033
8131	8399
1775	2395
9276	8753
598	653
5840	6118
1611	1021
3505	2720
4940	5405
6581	6961
7471	6765
8464	8263
1871	1808
3877	3502
3756	4405
4872	4436
9552	9367
8930	8171
6193	5920
3209	3286
8622	8221
8239	7648
9064	9346
5479	5379
945	1256
5093	5723
5382	4398
7131	7575
5828	5402
7090	6286
203	132
4092	3595
3374	2611
788	1259
934	1392
2417	1455
750	298
2550	1557
2106	2173
7523	7097
2147	1978
3877	4152
10232	9508
1543	1636
6424	5505
1701	1067
4653	4994
6088	5134
2169	2778
1653	2486
6578	7288
1068	132
4784	5746
10848	9932
1705	1327
8000	7698
9750	8903
5438	6030
10590	9926
10099	9671
1673	1938
994	1065
4594	5397
6763	7239
9665	8943
7922	8694
6544	6368
-722	167
2666	3217
5923	6382
5259	6182
8280	7846
5153	5927
9048	9846
8759	7893
8461	7633
6300	6604
2463	3113
949	1248
8418	9230
7347	6426
2562	2771
9740	9452
1276	1257
2729	2092
9186	9915
828	1717
10703	9709
5244	4340
5781	6199
8955	8125
4491	4765
9756	8881
8557	9431
4589	4579
7024	6669
9724	9287
6237	6501
9484	8728
7575	7758
771	1748
6258	5444
8639	8137
3285	3811
3121	3761
1942	1059
7366	6545
3387	2964
-556	52
1884	1904
3328	3758
4732	4690
4551	4362
1869	1781
6189	5300
657	260
10616	9915
2263	3214
3581	3558
7194	6878
10672	9738
8482	9202
-727	110
7569	8058
1870	911
7161	7495
4066	4884
7954	7711
10567	9726
9061	8686
8029	8085
5772	4775
1987	1000
1957	2401
1641	1365
8679	8227
3992	3565
2760	3735
10383	9593
6392	6539
7487	8104
1859	1522
9503	8921
8227	8583
2046	1427
6884	6375
9417	8918
3129	3862
1453	1841
7381	7178
2295	1892
1464	658
2575	2833
7961	8186
8610	8887
5620	5632
1964	1461
5707	6328
9350	9089
5244	5379
5634	4883
5527	6377
5193	5605
6864	6420
9800	9204
7095	7002
8012	9002
8438	9254
5193	4755
7602	6962
8459	8516
7957	6983
2759	2450
1245	357
10	925
3913	4756
4321	3839
2751	2310
3801	4074
3515	3240
7918	8678
1400	723
3579	4253
5869	5864
3943	3767
8632	9000
5455	4474
5235	4962
6313	5645
1083	1164
3025	3756
6023	5079
10493	9755
8918	9740
2446	2468
3952	3456
2749	3221
5999	5176
7247	6857
2805	2831
2102	2921
6001	5609
85	517
180	669
1421	2239
4777	5433
316	455
5850	6291
-369	602
7159	6740
4907	5362
6498	6918
6520	7076
3336	2406
6423	5837
1014	907
5636	6122
2138	2502
3957	3437
8176	9150
7638	7706
3883	4373
7458	7796
467	1072
2207	3046
7223	7818
442	709
2474	3340
2275	3180
8433	8067
360	36
-368	476
8169	8193
9774	9147
2146	2499
-438	8
4961	5582
1443	1067
884	1396
1565	1774
3241	2652
6261	5551
918	678
3054	3847
2954	3690
6300	5577
2641	3591
7015	6234
6112	5381
8993	9763
7150	6381
8099	7139
-293	503
2587	1691
3510	3047
8091	9042
8997	9407
1196	1762
10792	9833
7165	6645
6149	6578
2764	3598
3806	4624
7657	8302
6978	7916
6234	6940
3262	4186
2295	2609
7933	8635
1969	2937
5092	4116
956	84
5764	6569
6061	6310
6461	6509
2710	2626
1100	1526
9104	9605
9663	8759
4881	5209
1820	2322
6826	7321
8209	8930
8109	7547
61	580
1994	1949
7843	8813
1652	921
457	229
573	838
6996	6535
5233	6175
6815	6038
6706	6912
3156	3685
7177	7821
7111	6972
6115	5216
1534	1422
9168	9817
10360	9597
9159	9400
-533	149
5868	6493
4229	3901
2898	3465
8134	7145
5026	4846
2525	1770
5134	4330
5729	6581
4714	4163
4371	3643
6219	5805
5815	4844
9558	9768
4255	3738
6436	5552
5232	5838
1350	614
5154	5726
40	172
6788	6421
1943	2403
9208	9478
5403	6347
5093	5234
5836	5962
9707	8942
1074	291
-501	91
1754	928
1406	1929
3181	4065
1255	1227
3806	3856
7189	7812
5755	6173
8025	8100
5700	5125
2480	1659
3524	3634
1629	1035
3093	2119
7473	7714
915	113
5208	5170
8080	7984
3269	3871
1311	1216
6203	5782
8991	8400
8075	8153
-222	528
6500	5850
4686	3828
10638	9826
7313	7103
9980	9761
8011	7187
8630	7981
8130	7981
4005	4691
6511	6600
-119	716
5856	6361
5699	5589
5533	6441
2001	2035
5579	6345
8494	8971
8242	8096
7238	6690
1807	2359
1666	771
376	275
9153	9548
4193	4605
7126	6923
2490	1854
4583	5371
796	486
9601	9325
4466	3757
5696	6597
9215	8298
2720	2977
7730	7066
5069	4295
2530	2467
1763	1672
7088	6519
3822	3700
7780	8160
7691	8680
4011	4611
4672	4578
6965	7713
5544	4725
4635	4316
3886	4274
3487	3239
5012	5358
3918	3268
9515	8783
872	1068
2116	1179
4253	4377
4948	5062
6238	5499
8008	8901
1322	494
1113	1556
-638	84
1776	2379
7250	7600
3552	3364
3974	3902
716	197
5054	4725
4749	5606
1918	2136
5593	6083
2155	1661
2261	1752
7590	7588
9050	9971
7357	6833
2905	2639
8173	7805
4773	4019
8401	8021
4569	5297
3298	2455
2324	1794
7573	7175
2689	2028
-5	535
7720	8526
7584	8309
2952	2058
6307	7280
-561	328
3871	3554
8089	7380
1436	688
5524	5818
5597	5132
7918	6982
9436	9311
7305	7469
9724	8878
8911	8500
684	309
7575	7960
2669	3654
795	864
8939	8397
2346	1397
6989	6862
6912	6013
3706	2878
8319	8960
8587	9296
8256	8299
6537	7420
