500	1849125
8763	7857
8330	7837
2477	2650
8278	9168
1387	1335
10026	9375
8480	7892
7582	7027
3351	3188
3178	2200
3112	3761
9109	8279
5177	6020
1828	2501
106	495
3468	3766
5472	4520
2718	2198
7146	6783
1100	1633
1128	771
-219	121
9095	8949
-296	218
8432	8664
3889	4467
3569	3474
8746	8255
5361	5256
5273	6173
9008	9720
2394	3157
4596	4244
8136	7760
3813	3071
1037	1846
4068	3103
4255	5206
6240	5466
-335	538
900	545
2272	2904
961	453
5272	6214
4000	4616
199	514
5695	5027
1898	1278
9059	9024
2443	2999
976	1133
7871	8638
4004	3163
2615	2637
6142	5618
8620	9108
243	882
9920	9235
6318	5872
5935	6098
3794	4185
8088	7526
82	281
1839	1185
3373	4191
4422	4101
5468	5380
5801	5909
8827	9284
10125	9873
8049	8071
4069	3767
3694	3694
9905	9342
5239	4801
3091	2755
7680	8402
581	901
4517	5434
1312	689
6407	6268
2296	1299
436	230
3756	2892
5514	5752
7939	7119
8330	8095
6264	5478
55	238
8093	7704
-285	258
2738	3080
1716	738
2863	3693
5796	6064
1830	2148
2318	1874
2488	3034
1577	653
4076	4321
9126	8689
3064	2930
8080	8675
5186	4923
2851	3226
3840	3007
2169	3085
4018	4846
6306	6417
2527	2697
5466	5624
4362	3867
4541	4642
2596	2304
2448	2826
5266	4402
4744	4414
1440	1001
5012	5738
1018	1057
4315	4902
8134	8798
7493	6500
4777	4511
5091	4885
7605	8099
3015	2051
4399	4357
8524	8866
7379	8338
9725	9636
4955	5908
6681	6422
8999	9841
5783	5536
7261	7474
7284	7663
638	1126
3252	2618
10281	9781
10073	9195
4606	4362
9561	9845
701	641
5705	5377
3466	3104
4782	4421
1605	1765
5578	4975
2509	3001
8679	8854
3516	3650
9222	9449
2446	3382
6923	6763
6875	5920
6672	7393
4141	3554
8191	8998
8374	8650
8627	9524
3032	2090
4320	3468
4226	4786
946	1810
5317	5304
1267	964
9646	9883
694	80
8670	8830
9228	9129
9022	9150
1083	1381
6190	6462
7360	6898
3227	3808
8815	9568
6750	6717
3306	2454
7090	7829
2473	1991
7935	7630
5650	4788
6288	6071
10081	9831
4369	4412
9265	8705
1267	1832
5909	6265
3679	3167
6433	6109
2960	2286
5574	5574
4440	5063
7096	6855
5189	4993
8346	8726
1719	856
6409	6485
397	1084
5374	4529
2209	1626
6215	5408
5044	6022
4992	4454
7097	7537
8038	8865
2378	2590
5826	5176
4549	5168
6052	6894
4549	3580
8567	9134
2803	1835
7980	7712
4227	4637
6729	7469
8051	8177
5266	6070
7126	7252
9875	9737
7388	7437
6338	7314
1582	2094
4640	4029
792	872
3573	3772
9499	9244
2018	1589
1877	1227
7561	6700
3409	4243
8245	8476
2939	3396
2613	2968
1474	1420
1993	1786
810	360
1037	1586
8906	7941
6227	6065
8427	9240
1800	2318
6349	5445
5935	5914
9520	9557
8034	8885
9843	9485
8800	8922
7496	8257
8904	9878
6310	7297
8242	7588
10342	9818
7217	6461
7015	7492
9002	9273
5653	5065
1426	1566
2324	1847
10637	9884
2915	2796
7184	7906
9009	8832
1949	1511
2157	1419
9533	9468
2511	2106
3645	2723
5817	5284
5806	6033
4715	4411
6332	5858
4020	3247
2781	2689
824	1254
8599	9200
4147	4044
2554	2680
-177	283
1719	2667
7765	8281
2504	3120
1085	1893
2483	2309
7420	7728
5440	6303
9509	9999
8561	7966
1938	2286
5579	4690
8817	9577
1262	291
3666	3698
3827	2848
4023	3511
1175	2034
855	352
7771	8529
3886	3699
6195	5771
953	1882
9146	9916
-185	584
7697	7829
1106	1238
2573	2760
9512	9111
594	787
3356	2372
2374	3141
2375	1851
-423	377
3285	3030
523	797
8364	8798
4535	4506
4763	4992
2189	1615
5799	5006
4038	4797
5570	4664
2534	3409
2855	3310
8319	9287
6661	6884
4353	4268
6650	6656
2675	3640
2040	2605
9869	9117
7976	7356
4129	4784
4142	4394
5023	4274
8612	8544
2552	1994
3730	2978
9323	9686
2623	2301
5206	4672
4391	4102
377	622
5547	6287
7034	6793
5957	5050
2399	2996
5011	5882
4377	4751
3256	3233
3152	2378
4167	4446
1756	1335
9199	8829
541	62
2778	2695
2810	3016
7012	6376
3916	3904
4298	4251
4554	4256
9910	9309
8597	8056
3889	4085
8485	8170
8079	8182
8719	9093
7399	7622
5850	6402
3964	4151
3773	3930
4195	3900
9618	9993
2532	3286
6174	5640
2893	3648
3142	3187
10089	9849
3782	4499
418	400
7181	7602
5962	5918
8097	7560
10784	9824
5664	6340
2747	3128
3900	3523
10431	9918
206	5
756	114
7851	7091
1165	1890
2158	3070
8789	7871
7643	8375
3913	2939
3056	3202
5133	5373
8941	8747
1511	1075
5074	5522
8101	8059
3259	3933
9845	8910
4255	3882
9551	9581
6308	5488
7156	7601
6381	5912
8112	8828
856	92
6904	6613
7957	6974
-524	406
4362	3532
3560	3509
9303	8386
3764	4448
2953	2246
2084	2606
4268	5084
3372	3451
409	8
1101	1832
2530	2873
2870	2908
2943	2425
3357	2609
1868	1504
8206	7821
7525	7198
7725	6792
9485	9248
1447	604
7507	7300
57	324
4520	5395
6409	5657
8015	7529
128	376
8428	8147
5990	6069
2477	2802
8679	9024
4237	4395
2633	2043
4356	4524
8999	9878
5904	6425
8690	7968
3330	3689
9243	8810
585	1121
3188	3540
2867	1954
1205	1755
8018	7197
9074	9726
2599	2852
3602	3358
5991	5592
4302	5189
650	586
598	238
5101	5546
4021	3437
4795	5551
691	1021
6622	6712
1688	1673
5252	4827
7193	7820
8144	7601
4175	4725
1725	2645
6931	7697
9717	9834
4472	4702
4591	4302
978	133
3119	2199
4533	5433
1970	2167
1001	773
3511	3716
138	246
7990	8575
2442	3269
7656	8313
2934	2979
8451	8778
5154	5544
9156	9912
946	1735
7105	7888
3497	4060
8982	8140
197	540
5662	5000
1953	1888
