500	1234270
8443	9240
4212	4625
8013	7438
2750	1954
7678	7200
4470	5054
2392	2025
9187	8422
6927	6125
694	1408
6084	6693
2266	1614
5814	5812
6670	6755
2592	3177
6996	7582
8179	8622
2765	3356
3146	2487
8892	8208
6104	5493
2618	2103
505	982
6091	5635
6721	6680
8468	7745
10495	9787
4679	3730
2195	2713
3754	2867
9052	9253
9176	8304
6017	5359
1127	284
9513	9672
4044	3882
5438	4455
3466	2680
2526	2861
2487	1597
8400	8061
6461	5616
1745	1402
8910	9797
6195	6181
6786	6355
2177	2168
10182	9658
8313	9022
1413	1722
8440	7487
3148	3857
4177	4291
6582	6433
6581	7554
10007	9395
3730	3722
9934	9813
1666	707
5826	5589
5918	4976
5164	5023
2632	2954
1993	1020
7415	7324
6827	7019
921	1048
9790	9454
4647	3763
9155	8841
3148	3915
3916	3282
9688	9596
8762	9110
8751	9054
9272	9892
2906	2994
4821	3876
6191	5945
4891	4273
7333	6692
-130	781
7751	8518
5059	5781
5739	6120
8979	9947
9785	9207
4173	4021
9154	9025
1237	1808
3230	4181
4984	4812
3002	2965
9731	9472
1732	2638
5209	4881
8397	7738
2673	3420
2445	2247
4251	4886
355	172
5480	4752
6887	7116
23	884
7944	8255
4	571
1473	741
5015	5960
3553	3124
2430	1670
5074	5526
5352	5091
8070	8562
5677	5870
4167	4062
8406	9175
7567	8291
10368	9963
5598	5402
8553	7899
5707	6240
2420	2442
5953	6554
4064	3389
3887	3831
6144	5438
7485	7959
8489	8971
5580	5390
4481	3680
8502	8298
-378	35
8831	9484
8230	8347
9141	9898
4028	4893
1397	1065
10437	9469
1942	2087
2913	3646
4700	4266
7199	7977
2612	2315
4149	5095
4263	4490
9995	9858
7223	7980
6188	5727
2016	2593
8541	8700
3611	3021
4414	4979
6722	7277
1471	758
3057	3655
5254	4336
5501	6191
5998	6495
2550	1962
2362	2561
6132	6716
1986	1941
4032	5014
9115	8510
1355	796
3616	2801
4281	3504
735	605
8939	8578
2077	2847
2298	2118
5810	6504
6193	5845
2320	3164
6365	7291
5964	6960
1096	846
5910	5053
10183	9271
8882	9817
9441	9826
562	235
233	396
783	460
2857	2201
6872	7556
6248	6839
9010	8977
5252	6113
3593	3192
-283	568
7820	7409
5214	5403
7295	7272
5164	5078
992	1091
6380	6057
8033	8231
8556	8516
7842	8128
3733	4700
1922	1386
8158	8798
481	573
9616	8854
8732	8312
-663	267
1501	834
339	884
4004	3045
7031	7897
8166	7215
2255	1812
6081	6756
368	487
1227	1043
3047	3269
2139	3075
9786	9141
7968	6975
4048	3763
2795	3768
6957	7358
5641	6049
5501	5410
7210	6906
8699	9580
7648	7258
8576	9565
7471	8070
5709	5247
1101	1588
4256	4243
1315	581
1918	1013
3855	4082
10040	9193
5056	5155
9354	8801
6704	7496
2399	3000
7444	7515
8643	8521
-242	322
4878	5136
572	840
-15	207
1049	1601
9325	9794
3989	4185
1703	2439
2563	1933
2903	2466
4798	4534
373	994
4819	5476
3121	2781
9575	9275
1413	466
6690	5739
620	692
8935	8687
1346	1709
2551	1699
4404	5171
9267	8660
6794	6852
5907	5592
-495	382
1308	583
7913	8505
8707	8071
2447	1751
4505	5291
10025	9646
3856	4169
163	310
3307	3938
10480	9493
6237	6224
808	575
9048	8623
7391	8178
6653	6743
1366	691
3184	2638
6145	6086
4020	3185
231	758
-195	52
5073	5855
9309	9795
2508	3426
1154	886
8532	8424
281	284
4953	4696
6649	6425
9990	9473
3650	4137
9672	9548
2693	2062
782	186
3762	3469
7295	6424
-323	401
-11	444
2014	1146
5660	6631
3191	3139
6265	5492
-410	404
5211	5033
9268	9413
3598	2699
6967	7371
3809	3026
4792	4230
6431	7382
4014	3210
4884	3923
1799	2435
7087	6509
5076	4587
1039	1963
4997	4545
4150	3852
3875	3993
5235	4480
10268	9740
10117	9657
2160	2127
8600	9246
8224	8598
5915	6758
6815	6785
8690	8121
1026	1398
4837	5503
935	472
6427	6413
532	1270
2929	2668
5644	5499
5255	5019
350	676
8500	8700
-643	62
5518	5509
6893	7276
2579	3169
6290	5650
6380	5983
9458	8623
5827	5735
798	1653
382	462
2538	2411
7443	8184
828	275
9799	9499
130	582
6096	6455
8159	8846
5125	5653
7104	6933
2466	2885
2679	2814
6767	5981
3768	3055
6587	6882
555	214
7251	7629
5985	6823
6979	6884
1450	1718
47	750
3837	3635
9124	9293
5813	5518
755	1306
5658	6470
2018	1385
10124	9409
2884	3423
5086	5432
7813	7170
498	350
4790	4620
4166	3313
4297	4268
6956	6941
3606	3681
8896	8572
5198	5759
1036	622
3332	2891
3583	3958
9442	9078
4194	4344
1305	2180
5854	5507
7329	8123
6942	6850
8540	9379
7944	6948
783	1545
5237	5014
8102	7167
4825	4550
899	377
3311	2693
4614	4966
-713	246
6306	6367
8790	9246
7169	7067
4786	4247
3405	3311
321	634
8542	7610
2838	2686
3222	4173
1420	731
4617	3987
3034	3320
2517	3155
-546	335
5295	5365
2892	2163
8632	7873
6917	6628
9088	8864
2357	2832
5137	4674
496	1215
6649	7398
2358	1437
3468	4303
1605	1965
4080	3798
5308	5357
6688	7647
1434	1425
9911	8974
1289	1093
8418	7699
4402	4489
5264	4946
2058	1441
7141	7136
1786	1902
9947	9259
9720	8808
7978	8208
-90	907
1669	2408
4361	5309
4740	4657
3693	3065
2179	3024
6548	6828
8895	8229
4161	3636
1765	1339
8617	9145
831	435
4754	5711
3307	3439
6602	5958
7856	7994
-598	3
10139	9478
-62	454
5616	4748
4885	4116
672	379
4801	4844
1144	1314
4135	4485
7239	6259
7520	7477
3917	3731
9258	9090
454	409
8215	8815
8430	8263
7892	8802
7086	6832
5507	4578
5520	5477
4906	5701
8585	8691
6168	7166
2375	1727
3639	2655
1112	1631
1390	1030
5139	6022
8312	8883
