500	1931538
7318	7117
8712	8652
4099	4671
7939	7236
5822	5701
10290	9416
9129	9083
9250	9989
4057	3898
9035	9328
3385	3110
6855	7614
4680	4905
9077	8593
4092	4516
4198	3216
2998	3781
4847	5398
4279	4648
8207	8508
7380	8107
8763	8576
884	1322
10372	9803
557	77
8816	8280
5650	4759
8793	9780
8392	8670
10035	9500
3016	3302
7600	7520
849	934
2816	1884
1642	1901
7992	8634
1576	1017
9588	9900
9177	8476
-189	261
1426	1536
7381	8089
6355	7136
3111	2308
9750	8944
936	1693
1086	875
4836	5678
3041	2129
5825	6445
1084	656
5764	6741
4980	4990
3530	3066
9722	9046
1597	2017
4025	4569
5930	6875
7563	7030
1184	213
4598	3694
4136	4570
715	1118
9675	9079
1034	512
6849	6331
7374	6953
2837	1896
2374	2415
5866	5408
1765	991
2950	2041
6851	6585
10579	9967
6332	7154
5784	5939
1591	2085
5966	5414
6948	7106
10119	9151
7199	6367
8511	7841
1990	1256
2282	1614
1067	1048
870	1482
8020	7148
1032	301
4406	5141
6638	7346
7432	6798
9724	9492
46	143
5386	4787
1389	2101
3387	3922
2883	2123
8514	8138
6950	7849
3646	3400
9354	9475
3259	3638
5690	4754
5952	6707
-394	556
5596	4892
3070	3688
8119	8939
6364	5640
872	134
-580	367
2398	2559
1862	2168
1232	2218
7766	6799
4887	5264
6748	6849
10200	9247
10141	9190
-352	553
6799	6357
9196	9802
9566	9827
3746	2929
8879	8818
9740	9558
2583	3469
8659	8024
8755	9164
1316	2004
9179	8562
5698	4938
8406	8871
5126	6068
2459	2841
4352	4157
9372	8416
1536	1944
2569	2698
7277	6412
5255	4287
7803	7050
4860	4437
10693	9743
5115	4370
2546	2265
5918	5365
278	1044
4553	4091
2224	2295
6236	6435
2328	2480
2534	3113
8604	9444
6500	5647
960	29
8604	8176
4003	4040
5635	4855
9138	8916
6059	5528
8749	8506
1986	1087
2007	1480
8488	9364
5608	4811
3217	2929
6391	7000
7506	8065
3615	4554
8230	8650
6171	6348
7397	8012
2357	2141
4223	4168
7487	8441
8885	8589
2317	3292
8967	9198
7467	7555
963	1248
6590	7064
5420	6007
2341	2920
7330	6858
990	485
1885	2055
8099	8683
3392	3570
6371	5635
7657	8232
307	137
4150	3724
9470	9198
4652	4550
-314	539
2772	1820
1853	2677
4962	4368
1527	952
9856	9421
10261	9435
3736	4620
3433	4245
4523	5293
2801	2279
6423	6658
2779	3047
7788	8546
2452	2359
1946	1699
2463	1595
8823	9554
4967	4048
6216	6219
8487	7850
3069	2787
4223	3466
4462	5401
8343	8300
-130	294
7221	6920
6660	5696
5627	6388
8657	8561
2944	3687
4625	4346
7378	6481
9078	9552
3292	4172
897	1878
7423	7760
9880	9304
8478	8423
1360	1640
5384	4453
4022	3651
2283	1587
7015	7690
9187	9938
10046	9424
1981	2861
5595	5256
3825	4020
5761	6220
6024	6928
6601	6563
8331	9114
9503	8617
8881	9627
6038	6961
8501	8540
4927	5451
3151	2660
399	804
4969	5743
2525	2572
1174	349
366	648
8851	8986
878	1615
4491	4964
2731	3304
7665	6747
4039	4316
8801	8527
7220	6804
4194	4590
10143	9896
7795	8098
5387	6197
7044	7278
6123	5147
3739	2947
1980	1050
2322	2660
5170	4196
8042	7192
3693	4404
2193	2123
2663	3015
3515	2699
4354	4067
5736	4776
760	889
1097	1013
2353	3065
1766	2205
8769	8620
1023	356
3799	3434
2960	2332
4215	3342
6929	7833
7118	6165
6051	5521
-179	604
1722	1701
1333	1859
1082	1336
8695	9349
5948	6185
6377	6990
3934	3327
2572	3540
5600	5277
10358	9400
7398	7306
9970	9834
10540	9543
5154	5093
6928	7882
10213	9633
3912	3070
5814	6058
7699	6943
3230	3105
-34	522
713	1515
2458	2054
561	233
5713	4731
7027	7641
5550	5077
3495	3526
9793	9825
3089	2385
6033	7017
6724	7287
6555	6213
7349	7196
1103	1453
3605	2633
2243	3098
8674	8525
2012	1905
8818	8833
916	1093
893	1374
196	299
2613	3492
7094	6220
8063	7828
4710	4245
5482	6027
5382	4810
9224	9963
5818	6225
5260	4588
3557	3094
7525	7177
3932	4573
4999	4336
4244	5185
5020	4538
2339	3312
6135	5606
1040	256
2266	2767
1395	1252
720	1309
4988	4718
5320	5027
1183	218
3277	2968
4573	5431
4013	4660
2849	2504
9059	8372
7315	7408
2889	3172
7416	7289
7143	6601
1632	1266
8263	8396
1567	864
8214	7634
6986	7328
3419	2876
5819	4978
6966	7208
3204	2339
9307	9467
4402	3566
2501	2530
6149	7098
7427	8043
3175	3534
8078	8281
37	362
3892	3668
7032	6381
3865	3159
-304	312
8244	7604
4389	4580
8317	8401
3895	3030
7705	8112
2047	2056
4070	3919
8357	9046
9467	9890
8476	9307
4396	3729
5593	4847
7823	7246
1154	1400
348	1286
9380	9141
6775	6057
-493	52
7421	6990
8775	8676
2460	2379
1388	2093
3076	2588
436	961
5685	6420
6146	6999
10778	9935
778	248
6773	5775
697	287
6840	6063
7770	8653
9553	9499
2765	2927
5440	4488
7804	7940
771	1389
10488	9514
3346	3874
2447	2804
7893	7092
3522	3145
8390	7999
7682	6910
1939	1392
7989	7185
10162	9327
2451	2276
1092	892
8745	8016
8813	9508
8490	8596
4502	5043
5137	4871
5606	4934
1288	1912
3883	3828
2581	1756
8112	8449
1142	1952
8699	8565
7239	6349
947	1325
8986	9420
4259	3825
981	299
6338	6094
713	579
10506	9707
2745	2755
5492	5827
10021	9369
9845	9723
7353	7832
6922	6141
6769	7066
5683	5271
8541	8948
1403	2037
4373	5162
6613	5803
7495	8249
7235	7058
5498	5736
6468	6980
7911	7755
9982	9508
5743	5163
4592	4599
6545	6456
3296	2777
841	1796
3027	3286
1665	993
8263	9110
4149	3887
7451	7966
6237	5864
4262	3665
7780	8138
5683	6440
7099	6153
6034	5720
7549	7881
3645	4310
4197	3761
