500	1926040
340	836
6576	6559
1353	2098
5466	5844
5800	6770
6900	6740
4502	3874
4290	4668
9363	9001
1320	450
7166	7340
9467	8737
1210	1356
7995	8217
2789	3713
3133	3587
6078	6583
9596	9918
7865	7105
2880	3655
5889	6145
6405	7388
1780	2727
6072	6994
4213	3771
4411	3951
6308	6623
2169	1193
6302	5542
5363	5110
1533	1839
-75	154
614	1544
9450	9804
2641	2185
8201	8874
6166	6555
8978	8347
1359	1020
3500	3712
9796	9136
3007	2251
7494	6701
-321	87
6102	5556
4944	4200
-405	243
7654	8518
96	777
7097	6786
8787	8130
4027	3993
7962	8272
7310	6669
-238	384
7301	6784
4426	4394
2072	1628
4244	5180
5773	6039
8851	9614
5335	4481
1293	944
7064	7994
7800	7671
6535	7384
3867	3141
3950	3188
5625	6419
3206	3406
5775	6588
3003	2672
4871	5574
4530	4778
2531	2365
8817	7841
3429	3758
8236	8185
7551	8023
8168	9124
3517	3660
4349	4198
1322	587
919	916
9265	9945
41	159
4338	4510
-702	216
7472	7129
8032	7189
8539	8512
3794	4174
3057	3701
8748	9674
1036	1240
370	121
972	1656
3995	4403
8371	8054
4947	5599
10395	9640
6732	7233
5384	4938
6000	6936
4266	5144
3268	4262
8585	9152
8832	8629
6445	7145
7014	7280
4201	3451
6091	5986
4160	4421
-124	52
2707	2059
2224	3176
7164	7758
4596	4902
5044	4208
1462	1113
6686	5961
9821	9358
1145	161
7676	7021
2290	2640
7480	8392
4131	4403
7369	7548
8068	7470
8174	7648
3070	3249
4286	3929
7411	7583
7194	6406
1183	667
1118	1140
9092	9244
1551	796
353	1187
10237	9413
3974	4819
10135	9916
5699	4886
3748	4395
806	1414
8247	8234
4729	5569
8522	8373
7119	7343
4300	4940
8076	8647
8230	7341
5118	5632
9816	9999
9416	8655
7467	6996
9828	9919
8847	9045
7867	7078
2999	3510
7277	8184
10255	9505
-517	256
7851	6902
4549	5358
7315	8312
5978	6976
7852	8247
5734	6491
5920	5777
130	359
4245	4969
5046	6035
1543	1433
4096	3803
939	1603
9846	9389
3085	2090
2029	1688
9990	9947
9144	9888
7262	7401
906	261
5570	5821
839	243
7847	8247
935	722
7337	7231
3240	3579
6951	6220
5481	6309
9118	8422
7493	7984
715	1694
2844	2206
8511	9420
6067	6249
8462	8955
8944	8819
10022	9611
8283	9076
3161	2366
4369	3775
3608	2905
5085	4611
7354	7437
6857	6001
7598	6616
2028	2721
-69	7
6724	6300
6564	7018
1919	2597
5821	5408
3818	3450
6352	6828
5769	5578
9024	8674
5717	5141
3805	3056
3247	3405
1072	669
9689	9054
8865	9741
9042	8297
9350	9403
4942	5524
2614	3496
5349	5095
5429	5887
6689	6625
270	1069
3703	4610
8654	7906
7984	7672
9927	9500
28	509
7393	6833
6432	6509
3842	4039
3110	2671
5297	5753
6811	6212
2970	2666
758	856
10680	9850
4237	3969
5610	6034
2654	3364
8714	8328
6782	7605
3927	4816
8049	7051
4584	4027
-12	925
5661	4716
1324	1506
5208	4493
2928	2420
9648	9023
4987	4765
3190	3459
9687	8845
6869	7310
7122	6135
5037	5948
2633	2520
8772	8204
694	1466
2869	3129
5840	6646
8190	8689
1546	1015
3005	2220
9986	9394
8569	9413
9390	9169
8253	9242
1320	1419
7124	6573
4762	4892
8053	7644
1535	2338
4134	3332
238	780
2968	2545
7590	7007
948	1928
6614	7117
7668	7808
5014	4444
3981	3371
8757	9147
7539	7976
5414	5515
7873	8117
5234	6124
-20	520
5159	4310
2352	2265
6822	6663
9533	8866
8889	8746
902	1690
8490	7643
4160	5076
5217	5773
1966	2049
6432	7410
5405	5483
8225	7276
6431	6033
1613	2063
1583	1861
-123	402
4227	4165
2017	1637
113	733
6298	6526
8114	8948
3644	4623
1998	2605
8471	8820
892	1665
1173	1028
8806	9152
3631	3449
8564	8055
7352	8087
4074	4587
3196	3095
1633	1904
4470	4484
1472	1465
7172	7762
1262	1528
-84	786
6085	5482
5280	5136
5347	5834
627	644
2612	3522
7447	6521
5560	5955
3733	4194
9733	9447
2344	1995
7847	8371
-477	338
3287	3838
6961	6598
3567	3186
5865	5848
3672	3339
2334	2164
6358	6201
1230	509
3630	3251
8205	7650
7181	7987
3233	2449
1276	1835
4339	5136
8095	7272
6498	6391
6614	6276
3636	2825
3096	3074
243	832
9055	8710
5492	5584
7948	8506
90	984
5456	5824
2825	3664
2291	3181
3961	3948
987	554
2395	1572
6571	7259
6169	5285
3113	3654
5776	5699
9012	9484
5034	5843
6301	5876
8833	9454
-342	222
1532	2488
4924	5423
5809	6208
8119	8614
10486	9969
2479	1941
10244	9695
5831	5854
6294	5437
9572	9439
5561	5289
4146	4016
4355	3466
9180	8910
753	624
10170	9709
5305	5176
2699	1966
14	85
3292	4241
1981	2450
735	1593
8880	8084
3993	3475
6271	6008
1300	1006
910	891
1781	2427
1597	1263
10863	9979
1152	467
2341	1349
5481	4817
9980	9729
5915	6596
1701	1306
3102	2854
7828	7541
9764	9399
7564	7160
2146	2983
7572	6701
10015	9537
4378	4581
6372	6815
3316	2685
3629	4246
2391	1979
7107	6402
6662	6667
9349	8379
5328	4746
2857	3573
4841	4872
5033	6004
8360	8376
6973	6547
1940	2859
7696	6907
5954	6882
9265	8349
-350	58
1688	2654
4413	4360
118	94
7874	8403
5495	5349
2327	2408
2415	1785
9029	8243
5630	5662
2685	3126
3731	4397
5297	4643
7000	6126
3905	4081
-719	145
9568	9772
5303	6174
7469	8204
1113	1508
945	1091
10603	9754
3017	2128
3202	3482
2171	2030
10196	9691
3492	4055
3890	3842
7411	8094
2097	2925
7565	7145
2578	2664
2406	2219
6819	7398
7710	7807
3277	3381
2596	2112
8337	8748
6603	7376
8068	7312
7723	7723
6392	7264
7544	7440
4063	3179
3229	3776
681	411
1948	1876
-16	539
9196	8262
6288	7221
6439	6840
