500	254986
4784	5167
4501	4460
7844	8017
-466	300
7910	8265
1334	717
4779	4759
6002	6526
988	1398
3536	3584
6342	7110
3924	2956
6261	6997
2896	3580
6446	7034
1535	1985
3179	3384
4696	3946
2868	3625
9228	9988
946	892
10508	9860
3812	4429
5304	4479
2388	3328
6568	7132
1734	2296
7401	6759
2393	2705
7049	7961
4751	5456
4478	4641
8677	9093
6307	6591
2759	2831
6383	7311
10153	9985
5135	5723
9457	9906
6823	6592
1688	967
282	22
6292	6514
5826	5257
4037	3470
1583	1660
5164	5865
4071	4115
941	1238
3093	4027
3969	3634
1462	493
4071	4858
4145	4384
9445	9120
3431	4347
6768	7401
10612	9699
1101	1148
9452	9485
5017	4523
5630	6245
3154	3796
5376	5344
8136	7416
5853	5453
8002	7058
6637	7372
7617	8512
3658	3029
5807	5433
7547	7716
8508	8096
3692	3099
8653	8720
6804	6564
6237	6431
3205	3629
9841	9519
1544	1611
1460	1046
141	688
4770	5713
2296	2722
1617	2517
7506	8207
5101	5829
8055	7133
5622	6040
9276	9519
4950	5518
7299	8001
2572	1593
5340	4878
9494	9656
4097	4398
6338	6255
825	1508
9074	9495
8256	8895
3133	2682
2524	2663
6519	5726
4253	5138
2736	2730
2122	2876
3667	3441
6931	6547
5982	5208
8710	8849
1212	616
1784	1916
1807	1034
1067	1541
-212	355
9276	8890
4437	3887
4860	4250
8436	7698
7507	7729
6701	6747
4565	5027
5106	4183
8665	7925
5824	5701
6622	6956
2943	2722
10290	9537
5424	4997
983	634
8384	7863
5486	4739
7764	7426
8186	7713
1870	1079
7430	8254
5730	5100
7349	7069
3900	3909
2334	1375
3797	4469
8816	8628
3067	3553
843	944
2520	1945
1057	252
7439	7451
8134	7908
7299	6681
8164	9054
4070	3764
8150	8289
3646	3291
4693	4496
7569	6701
3326	3159
-313	551
4163	4710
1657	2654
4952	5356
4538	3581
1137	756
2961	3300
5940	4962
-353	634
3486	4091
7403	7674
9574	9611
-457	439
5004	4515
5351	6327
887	1011
2881	2163
3498	3684
8113	7724
6419	5765
6868	7349
1036	1390
4532	5183
7795	6980
6786	6718
-398	213
6975	6153
1296	1707
-499	281
6040	6434
7041	6599
9596	9837
10034	9516
10518	9929
5954	5263
7208	7599
2551	2213
10005	9611
7631	8043
9322	9564
3137	4011
4663	5502
2510	2303
2688	3106
10319	9782
8569	9191
3711	3334
1691	1492
5668	5250
8654	9144
7205	7113
9798	9475
8516	8433
2545	3072
5307	5674
268	1234
8849	8763
6262	6199
598	296
9427	10000
5734	5194
9037	9160
569	920
-48	432
2644	2071
3566	3033
2525	2668
1661	1211
7224	7943
4893	3927
3779	3269
5385	6004
4151	4599
6044	5800
5006	4209
8426	7674
7524	7693
242	632
4249	3836
2037	1133
2857	3341
7150	7792
9376	9376
10481	9812
10372	9636
10245	9990
944	1601
6837	7639
1334	898
7901	7445
5706	5589
7490	7211
7496	8303
7380	8244
2336	1609
4695	4395
1782	2598
4632	3661
2010	1188
2168	1995
9248	9913
6943	6431
-251	681
8642	7713
4366	3859
10185	9388
6576	6627
5711	5431
7818	7145
3522	3419
6567	5755
5756	6406
5768	6351
7564	6676
5911	6242
570	1065
7500	7007
3057	4020
6998	7916
1094	1969
10299	9592
3494	3925
1365	659
4653	3852
6354	5734
9745	9259
6802	7787
5327	6191
8299	8435
8053	8027
1625	1536
9778	9886
3841	2938
8784	8933
8591	8340
6261	5331
5567	4961
7471	6854
1370	1315
9819	9773
708	678
4702	4887
1123	1048
9786	8954
624	294
4041	3213
2520	2423
3785	3075
2712	3355
9609	8916
4857	5612
5548	5978
6035	6206
6709	6191
5552	6239
1185	919
501	1346
7827	8084
9620	9585
5454	4578
1158	369
8200	8059
1021	889
6799	7206
8611	9492
2742	2289
5983	6719
1949	2027
7015	7448
7479	6795
5946	6883
2885	3306
6608	6221
4128	3325
5679	4778
2531	2035
1136	2045
923	640
6773	7578
9947	9879
-517	317
5262	4876
6685	6785
5894	6311
8278	7822
677	622
4447	3522
6378	5637
5275	5316
990	1899
4146	3215
1847	1590
-43	378
5496	4543
2197	2777
1819	1376
2191	2941
9907	9184
9998	9505
6986	6661
1585	1304
4558	4735
578	1209
793	919
5851	5683
2864	2968
9361	9454
4985	4156
9538	9489
3753	4138
6335	5824
7824	8062
2359	1764
5459	4840
9590	9091
4691	4947
4166	5135
912	1571
6242	6403
8302	9219
7546	8010
8148	7334
10287	9447
10283	9998
2025	2892
3617	3904
8963	9648
4591	3830
1580	1913
5737	5383
6200	6521
4754	4101
1734	2713
8463	7998
1430	864
4127	3904
8692	8457
9941	9040
9114	9078
2509	3190
9967	9524
7204	7035
1975	1761
7605	6934
5199	5885
6783	7380
5828	5349
-529	412
9262	9855
3596	3528
8757	8328
2077	2295
5703	5019
134	1039
2301	3075
8366	8769
6826	7672
8903	8121
9423	9371
6061	5808
3908	3722
4080	4012
441	1020
3706	3482
9542	9183
5156	4296
731	791
-195	645
1308	627
1662	2610
2638	2262
8287	9004
3655	3533
8322	8420
7756	8530
4111	4510
3286	3767
4160	4024
9798	9295
7838	8363
874	866
1344	2338
2284	1951
97	169
7145	7369
9964	8983
5140	4156
1305	2267
1498	1461
6283	6943
8069	7618
5326	4944
6290	6325
9491	8873
3409	2824
-513	448
2733	2597
7593	8048
8039	8472
2666	3476
7154	7346
9025	8174
2938	3147
7851	8245
4368	3831
7747	7301
8586	9343
9849	9183
6616	7563
7375	7639
7429	7993
6365	6778
3751	3575
884	1488
5707	5746
1031	590
3534	3773
3917	3648
2797	1907
4965	4230
3959	3430
3307	3536
-157	127
5479	4792
6552	7124
4542	4427
7421	6867
5497	5705
8923	8733
4667	5191
7637	8507
-98	273
8165	7247
2052	1901
1292	2163
1832	1242
3788	4013
3853	4716
4352	3847
1795	1827
1539	1936
2591	2438
-698	161
8543	8300
