500	618774
2467	2826
6086	6051
5816	6143
1968	2473
697	916
1270	1559
5509	4937
7319	7548
9857	9674
6038	6693
5425	4504
4834	5601
5309	5580
8908	9104
6210	6241
6431	6367
5734	5966
5912	6454
3720	3796
8665	8956
3221	3709
1770	1775
1111	439
1231	1769
8670	8859
7170	6810
847	1087
3613	3948
10245	9844
2554	3472
7561	8373
4838	5150
5912	4959
9253	9149
6336	6881
9756	9817
1911	1322
1048	1937
6320	7265
4049	4576
5605	4869
3142	2188
5632	6499
8315	8974
1332	1889
8037	8778
4263	4986
6598	7303
8035	8234
1514	1402
4179	3611
2337	2054
4853	5513
9172	9397
1368	398
1867	1603
8849	8061
7131	7573
5820	6276
6416	7254
8371	8990
4102	4776
2090	2662
6517	6624
608	1233
2553	2360
1710	1947
2936	2479
1979	1106
7440	6587
1386	2199
2377	3120
8021	8330
1125	1170
3363	3590
5402	5472
6755	7158
8428	9259
4261	5029
3028	3417
7384	6610
-287	159
6176	6540
3361	2366
814	864
2263	1851
3812	3492
5196	6025
8558	8366
6435	5481
8623	8321
1715	887
3046	3903
8281	8000
9144	8730
8232	7895
2594	3543
-321	247
7004	7042
7686	6782
3898	4268
6428	7319
6646	6305
2305	2284
6003	6889
3537	2978
634	1420
3710	3390
7451	6712
7395	6956
5356	5508
1179	779
9629	9254
1129	1835
5955	6341
511	553
4468	3599
323	1070
8269	7566
7081	7277
3425	3821
2956	2366
5926	6821
3795	3265
5417	6199
9676	8972
4170	5069
3131	3459
10122	9831
2842	3321
-517	260
8690	9482
3998	4448
5475	6464
-653	256
1892	2818
7231	6698
2536	2019
3922	3641
4239	3402
4874	5502
7816	7896
5180	4828
7252	7596
3264	2998
7788	7181
7153	7493
10756	9818
3196	3565
1123	304
9196	9077
5021	4248
272	1007
5290	5645
1593	1549
886	837
7501	7771
3568	3972
7354	6437
8040	7256
4973	5187
5423	5394
4362	3801
1334	970
818	547
1808	1186
1528	745
2499	1750
8795	8051
3699	2749
9726	9143
9266	9354
8991	8668
9965	9511
7712	7596
7373	7241
-111	257
7220	8164
1031	548
1515	1423
2715	3109
-80	717
560	744
8100	8307
2616	2563
1802	1098
440	991
7627	8619
-394	127
8185	7465
3654	3951
2412	3207
4410	3690
7499	8264
2242	3206
4994	5330
4394	4997
9961	9222
1742	1216
5312	4535
5916	4934
4758	5484
1886	2434
7843	8285
385	1286
516	282
3995	3157
5991	5795
6970	7562
7551	7434
6562	6448
10227	9785
8222	7866
7263	7184
1954	2886
10028	9211
97	53
6283	6447
1228	1499
1533	1398
2213	3184
3710	4372
7386	7870
9967	9538
7249	6928
9627	8902
2122	2438
6823	7522
4099	4043
6014	5736
5423	5479
8333	7451
6887	5992
1561	721
4095	4979
2138	2978
7200	6500
3870	4502
5608	6571
7000	6152
3764	3713
8725	9576
538	90
2288	2805
4045	4507
-549	116
10402	9838
9047	8220
8105	7814
5813	6022
4112	3762
214	954
6210	5405
1956	983
2329	2197
2733	1825
9289	8539
8038	8412
1415	1201
4521	5464
10334	9756
9339	8396
9462	9497
8434	8125
7403	8259
-878	103
9903	9497
8533	8634
9829	9215
3637	3228
3151	3101
4309	3672
1884	2803
5973	6619
2379	3299
9170	8766
4524	4013
5858	5350
6952	6480
908	820
4243	3971
10280	9462
3774	4681
1965	1072
3359	4062
1819	1658
9677	9350
8304	8801
7829	7412
5272	5212
4828	3853
5682	6467
6656	7490
7045	7726
7888	7993
8723	7762
2392	2170
1631	1782
1522	1670
7827	7097
3608	3504
9450	9246
5831	6787
3610	4062
10088	9817
6630	7611
9028	9601
4677	4237
4261	4948
3700	3762
3733	3211
1985	1254
5485	5099
5053	4935
7622	8593
4297	5203
2935	3489
926	1301
9206	8846
7188	7176
4770	4634
4619	5034
8538	7918
3891	4028
4724	3936
2653	2156
6424	5665
5344	5231
8311	9148
7324	6586
9334	8547
8869	9836
3074	2588
9092	8661
2036	2850
3631	2798
2506	3325
5013	4421
9252	9805
5900	6810
2905	2590
2842	3590
4896	5078
943	1720
4639	5336
9198	8317
-757	93
2300	2269
5567	5639
6655	6817
10082	9469
8819	8675
3890	3797
7690	6739
8442	7895
5879	6397
9849	8865
4381	5089
4964	5158
4010	4519
4946	5113
1282	727
7332	7338
915	589
681	277
4911	4168
3212	3372
9056	8890
3267	2288
2654	3473
6396	5529
6761	7018
5311	6206
7752	7391
9821	8914
7584	8208
1379	1095
8069	8287
8154	8281
4018	4111
2260	2632
3655	4654
4716	3823
8632	9523
1868	1875
3398	2645
9875	9215
1270	852
7360	8120
3167	3135
7194	6502
4709	3763
2026	2979
9341	8731
7467	7276
3425	2520
698	175
3257	2262
4202	3420
7103	6459
1583	1130
1095	1753
5071	5117
2701	2115
3796	3549
2021	2973
2676	2942
-380	349
9213	8784
8941	9884
4024	4623
2113	2318
1857	2280
5843	5146
3316	2714
2889	3696
7857	7059
63	538
757	755
7767	8114
690	605
1600	704
4576	4174
2125	2170
2237	2834
6175	5368
1491	808
5394	4957
7715	8615
5463	5137
8240	8058
1636	1522
6393	6984
9082	9994
6519	7414
4113	4745
6343	5545
4984	4268
4991	5556
8414	9027
4234	4842
7548	8549
8934	8430
1481	1439
9884	9959
3737	4723
7352	8110
3574	3131
1128	1006
1656	1887
7564	7583
9266	9141
1540	1134
8884	9197
5417	6196
1465	1430
3592	2616
9784	9389
3308	3483
5232	4440
265	105
7374	7809
1695	1757
2123	2363
-338	415
4879	3884
3605	3583
7191	7476
2453	2783
7734	7757
5078	4894
7226	6367
6270	5516
1605	1257
7276	6582
5180	5143
1159	1209
7920	7605
1208	243
1733	2078
-121	568
4154	5006
4816	5337
4687	5218
5477	5504
2844	3449
9326	8512
3634	4257
6434	5571
5231	5729
4133	3912
1660	1542
7022	6526
4202	4436
5328	5465
2807	3777
4957	5177
44	181
8363	7614
1451	1336
