500	2244285
9691	9596
5986	5066
1685	1525
5017	4739
3462	4228
1975	1841
3495	4139
9249	9851
1691	1917
2462	1719
8031	7856
2328	1969
2574	1802
2782	3268
4523	5197
7062	7272
1111	1776
5715	5065
2299	1498
6008	6932
8160	8038
8388	9213
10246	9833
3675	2928
539	542
1240	1845
6987	6175
7083	7757
9961	9587
976	843
7167	8055
6755	5926
7142	6802
5132	5834
3611	3496
909	377
5179	4240
-868	62
1695	1356
3068	2173
-646	339
157	294
7230	7830
7959	7192
1163	1778
5733	4903
9031	8852
6666	6014
1720	874
3321	3953
643	964
2809	2255
6287	6621
6601	5627
3509	4360
9570	9873
7684	8168
4910	3915
1376	919
5811	6117
2215	1845
8574	8880
795	904
7124	6349
2743	3092
1552	2498
7083	7333
6563	5611
10358	9771
7410	8281
1243	1740
6086	5181
1115	1022
3194	2255
6275	6553
383	988
2960	2095
5441	5445
255	1112
327	1126
5420	4798
7386	8258
3945	4727
1931	2435
7875	7809
9526	8628
2378	1572
5398	5806
8664	9254
1691	886
10006	9135
782	555
9089	8092
779	578
4846	4144
3344	3405
692	1679
6825	7422
3793	4586
6646	7254
4155	3276
4490	4645
5488	6040
4084	3792
889	1214
6798	7452
5554	6550
7568	7929
213	357
45	195
3862	2913
5733	6144
8528	7965
6897	7348
5724	6125
1694	1296
7773	6834
822	599
2130	2742
1823	870
4738	5419
1621	655
2612	2679
2993	2960
10296	9792
3589	3886
8483	9456
4418	3647
9937	9945
2095	2675
6563	5595
1599	1821
6031	6262
8358	8004
9385	9513
5591	5662
2860	3546
2472	3250
6809	7602
6002	5610
6559	5714
6969	6450
1321	2227
4463	5293
8407	7442
4979	4593
8052	8289
7715	8167
7056	7888
10303	9905
2312	1395
2269	2330
5163	4586
350	1164
7911	8139
5135	5933
2000	2620
1921	1724
8844	8829
2990	3370
647	1335
2630	2009
2955	3430
840	525
8828	9049
8157	8716
9094	8699
5666	5383
2520	2975
1935	1824
10426	9672
957	1316
6879	6489
10508	9841
3320	2760
3383	4291
-124	227
724	69
8769	9178
549	1325
6412	7373
4442	5020
3190	3789
5470	5708
3830	3301
4550	4228
2532	1638
7090	7966
444	1287
9190	9794
3154	3720
3788	4491
2644	3087
3569	3955
2132	1503
3067	3193
7233	8023
2109	1299
8970	8614
9487	8575
7392	7240
1112	1237
1602	1049
6687	7002
6210	6065
8218	9084
4508	3583
6453	6434
575	837
974	1636
8197	8371
606	1215
2902	3039
7207	8204
8702	8574
7081	6270
9493	8636
1723	1041
8453	9413
5550	4723
6696	7540
8084	7964
-520	84
4061	4142
264	1137
4117	3260
6780	6956
1597	2252
5847	6042
3964	4351
6259	6289
349	427
1647	830
551	959
2891	2212
9171	8422
1575	2191
6497	7225
7499	7135
8815	9546
10002	9847
3930	4130
6065	6334
8873	9500
8739	9539
6166	6989
7939	7174
6103	7102
644	1585
1743	949
4109	3741
10828	9899
2228	2107
4796	4557
4292	4840
3548	3864
5306	5963
7134	7840
7414	7077
4636	4671
6550	7541
4858	5146
1375	1778
9780	9068
5673	6659
9612	9862
6496	5738
9876	9034
7822	6882
4156	3437
694	396
5763	6407
888	1644
5075	5005
2257	1584
4864	4390
8219	7686
7354	6541
5445	4486
2022	1880
2715	1976
6958	7895
1427	1500
7640	8261
7565	6870
717	102
8854	8996
6315	6326
7434	7105
2100	2062
806	1005
6908	6868
2744	2338
7029	7208
1806	1720
3364	4318
39	828
3790	4112
4863	5493
6420	7060
931	420
6392	5979
5674	6372
3583	2757
10154	9986
1561	1220
3058	3973
8396	8736
8788	7846
6400	5836
534	1383
9173	9613
7791	8717
6448	7241
8451	8800
3140	2923
4416	4165
4873	4986
4648	3908
7608	6716
8197	8912
1470	1236
3342	2373
1466	1897
2996	2266
3134	2488
3686	4236
8513	8562
9327	8527
7485	7161
2239	2806
2866	2897
2567	1687
4452	3859
5547	5623
9372	9488
934	1213
1056	121
6412	7045
6816	6507
2796	2452
8996	9310
4666	3797
9314	9640
175	25
2181	2353
9834	9587
10423	9800
2138	3130
3322	3219
6640	6936
1840	2342
9593	9780
4259	4436
7476	7183
3120	2487
9786	8992
2461	2674
9330	9667
8505	7816
7686	8168
9624	8872
1439	1769
5627	5379
4980	5033
5672	6354
7701	7655
9955	9171
4467	3862
7356	6962
7699	7253
6272	7030
6649	7596
5996	5384
5268	4719
9541	9656
5596	6071
7829	6992
3270	3550
5021	5440
2815	3671
3929	3254
2616	3193
1514	1462
2157	2383
5082	4449
5052	4223
1398	2230
4849	3885
1385	1783
3952	3516
8426	7842
6148	6317
4640	3776
3769	3555
5023	4800
6413	7361
804	1253
6542	6830
4168	3958
7245	7489
4260	5198
3013	2588
2408	2585
758	1392
8038	7780
2776	2157
316	845
6776	6805
7696	8339
6676	6540
4833	3935
8080	7543
174	804
4364	4253
9026	9935
6000	5870
2316	2508
9002	8911
7286	7634
6575	5812
8879	7913
7493	7385
2332	2793
6211	6082
6871	7252
804	620
2385	2872
1750	2725
5565	5238
1310	1139
7779	7773
6287	6656
2381	1817
8877	8077
3106	2220
6696	7566
8507	8207
5238	5241
2515	1843
8573	8481
6745	6646
7146	6631
10672	9967
9745	9543
5066	5387
534	376
4071	4041
6999	6144
8167	8949
8177	8011
5385	4459
7315	7652
3472	3230
86	16
6412	6918
1078	517
4093	3948
3992	3080
9178	9206
8708	9118
10498	9655
3148	4103
8824	9228
1430	2255
80	817
5969	5696
2538	2193
5064	4292
1896	2591
3703	3197
9865	9154
9522	9422
7062	7211
6429	7015
7309	7827
8191	7360
5493	4681
4785	3879
3543	4412
8662	8436
1880	2750
6795	6855
7974	7478
2485	3067
1065	1804
2234	2279
10674	9975
945	410
976	553
9682	9953
6922	6260
4853	4915
1268	1477
5734	4848
1559	1278
6845	7468
3438	3766
1914	1672
7907	8171
