500	639284
56	84
7333	7779
2749	3431
4923	4313
2481	1954
5715	5082
5601	5599
5455	6004
5033	4420
7779	7858
6668	7463
6601	6357
1723	2010
-335	400
9461	9364
2158	1713
915	425
856	3
1476	2163
2933	3819
8094	8196
4895	5751
5360	6256
6623	6598
1525	1720
8481	7949
8317	9014
8800	8779
1547	1019
1021	1641
5333	4629
6584	6181
8378	9197
5616	5259
7276	6849
2220	1826
4903	4329
1476	1542
1523	2034
4713	3962
4558	5298
5300	5639
8685	8918
8971	8037
6974	6299
6946	6669
9229	9382
8611	8683
4674	5383
2222	2640
5186	5722
9379	9979
2911	2041
2761	3337
3011	2363
3189	4179
2726	1911
4500	4674
293	585
7348	7115
7871	8738
5983	6865
9881	9336
9117	9401
1231	2192
10564	9653
7136	6506
4210	4314
6503	7503
4539	5324
8503	7651
787	228
1921	2022
6696	6740
4814	3962
1891	2193
4043	3988
7492	7171
525	956
4890	4393
4006	4963
7877	7411
-898	28
7247	6366
1116	2077
5528	6451
3571	3894
2904	1991
7659	7931
5763	4872
9349	8935
1216	944
7937	8825
8079	8949
1727	1036
6627	5630
3775	3737
6581	7466
6648	7467
1244	351
8022	8223
1087	1973
9144	9831
5142	4382
5648	5396
5334	6006
2616	2669
10446	9955
1315	1414
7071	7624
8846	8595
4481	4799
2259	2644
4612	5152
9299	8799
2728	2356
8332	8654
1324	1841
6567	7346
2337	2598
1429	1828
3268	3422
2278	1903
2655	2341
7945	8631
2692	2116
5834	5921
2175	2261
6293	5531
1057	1378
8348	9265
3322	4054
6362	7117
2214	2754
9170	8469
6849	7203
279	305
6700	7495
5889	6704
2207	1874
3491	2503
8685	8912
7778	7256
9474	9690
1704	1287
3367	3466
4726	3856
1142	1172
5394	6118
5369	5433
1965	1980
7220	7585
6040	5963
6859	7195
1685	1266
3470	4352
10023	9410
1261	1246
7423	7138
5576	5802
5323	4706
7941	8030
10042	9490
6841	5884
6145	5831
2056	2896
133	303
8765	9150
7606	8263
2512	1634
2749	1765
6523	5999
2546	1952
982	542
575	882
1154	217
7558	8313
6004	6851
-116	152
1797	2465
761	402
6549	6495
9187	8544
9476	9672
8996	8341
2140	2685
3675	3642
926	334
8503	8630
1897	1035
10522	9921
7385	7802
2204	2201
8089	8739
644	90
4174	4685
9798	9268
4707	3898
10447	9528
3835	4617
8229	7578
1245	676
5047	5040
8535	9516
8135	8235
5037	5884
3541	4505
2794	2739
1870	1042
2242	1761
4828	5385
7976	7974
1197	328
8019	8814
8924	8144
1145	426
9886	9787
3115	3291
8266	8461
4891	4846
6140	6060
763	1201
2761	3471
9835	9973
5204	4473
7553	8346
3846	4529
7067	7212
3917	4542
746	1063
2998	2159
4052	4757
4690	5293
3874	3122
6522	7205
3767	3152
7455	7752
400	180
498	996
2903	2085
7665	8236
4143	4380
3690	3101
4965	3973
704	319
2857	3030
10011	9227
6643	7125
1429	2185
5364	4625
1691	917
5023	5357
9367	8480
10715	9890
9364	8392
7272	7646
7779	8756
6599	5744
10681	9967
5134	5850
980	1102
8793	9114
2606	3017
1751	1200
3658	2836
6396	7294
3599	3599
7849	8772
549	890
8537	7905
7887	6986
9353	8613
-367	279
6842	7598
1220	423
7757	6883
4376	5030
3601	4556
5691	4938
5075	5951
8172	7930
4756	4229
8948	8598
10796	9959
7225	8012
1468	1472
5199	6117
6485	7091
829	791
3204	2993
63	838
6307	5441
5920	4926
-520	266
1317	2103
5723	6693
6083	5812
1319	1560
7493	6625
6233	6599
1506	2085
5184	5985
931	858
1595	948
-244	466
9515	9213
2521	2870
4317	3523
3787	4649
112	363
2760	2707
6650	6782
4019	4327
5579	5630
2142	2563
1936	1939
2276	3003
10058	9200
3199	3702
4673	5508
6862	6791
832	1822
6067	5725
3530	3807
1002	1835
9367	9827
7182	7575
8663	9411
8045	7654
5122	5556
10817	9973
7892	7567
8237	8121
4006	3186
6012	5968
2096	2340
5278	6118
7962	8770
5783	5857
5609	4919
9192	9449
2606	2233
8698	7705
1984	1628
5921	5739
8987	8278
223	1029
5536	5037
4886	5313
3952	3674
8632	9620
1125	390
7036	6527
3311	3930
988	790
-690	74
9601	9945
10612	9965
7243	6653
8748	9359
6113	5127
3960	4454
7023	6183
8853	8008
1096	416
8159	9126
4912	4047
1694	2123
7132	7729
2472	2955
4335	3956
6006	5108
8108	8038
7941	7901
3625	3016
2573	3433
6834	7598
-221	649
86	79
7471	7978
3143	3042
6967	6881
9676	9322
4060	4012
4428	4112
4633	5568
2724	2698
8053	8319
1316	2099
1889	1777
10388	9829
10384	9608
5052	5798
3136	3909
2500	1616
8730	9075
4645	5340
1755	1744
6767	7662
7186	8063
6405	5425
5312	6192
2869	3361
5667	5209
7416	7080
7183	6925
4428	4898
7083	7037
3435	3140
5733	5628
5586	5534
5635	5764
4217	3360
8610	8238
5264	5966
5886	5498
1672	2633
6855	5863
8972	8902
8784	7805
4488	4409
9896	9240
3591	3965
9159	9057
9606	9924
5017	4562
5060	5737
3129	2682
4101	4184
1969	2822
3239	3570
7090	7890
3462	2712
9158	8547
4524	4823
4527	3946
3967	3784
1987	1241
1812	2165
289	1203
8447	7685
8316	7545
2017	2441
4843	5221
6536	7496
3187	3124
9076	9065
4392	3618
279	1116
9029	9740
254	1219
7873	7873
10037	9574
9837	9101
1767	2114
2973	3825
9490	8771
6131	5922
4439	4298
8625	7834
5843	5536
2455	2857
4498	4673
3513	2727
4808	4991
7637	8078
8156	8855
6989	7563
7780	7767
-605	165
10658	9670
1819	2381
7363	8062
9008	9650
10278	9445
4482	4152
7854	7495
5097	5932
5843	6187
4833	4306
3210	3828
-230	89
3687	4686
912	1110
3995	3370
5073	5036
8382	7968
6857	7830
2899	2070
8900	8388
3907	4017
3355	2846
8731	8604
-183	29
-530	138
9634	8670
6825	6717
3752	3000
4924	5465
6390	6558
