500	2391948
4987	4015
292	1000
7254	7282
8684	7994
4406	4510
1280	1468
5058	5981
722	829
4323	5019
5256	6040
5212	4545
5214	5852
4663	4047
9753	9037
1066	861
328	455
3984	3532
7684	7520
9290	8779
1847	1209
6437	6763
6899	6806
7386	6754
9111	9989
5669	6291
4175	4341
5239	6048
4643	5551
9396	9810
2183	2163
7761	8146
7276	8248
1188	422
5393	5195
7033	7632
4584	5192
6425	5430
9373	9840
10457	9630
7578	6659
8557	8560
2714	3108
7551	7543
1403	1053
6515	5949
3818	4373
2155	2184
8432	8476
3760	4740
3878	4509
3474	2776
2320	3117
1650	1696
3767	3091
9883	9136
10644	9950
7507	7100
8295	8655
3475	4418
1711	1994
5342	5626
7973	7165
8680	8042
2898	3119
2638	2013
1290	1504
7297	7327
3364	2992
-641	279
3464	3051
2533	2183
3742	3462
7874	8760
803	275
7792	8174
7046	6248
8452	7690
8690	7961
5480	5403
8925	8512
8070	8705
7935	8554
8233	7338
8371	7757
4135	3978
2892	3382
6352	6511
8765	8145
4728	5310
7985	7503
6139	7039
3361	3635
10458	9865
724	459
9345	9025
9760	9033
2624	1688
487	112
1052	1834
8506	9344
1102	1378
3913	4675
5738	5920
2442	2214
1953	1239
3988	4713
9515	9818
10037	9357
7106	6293
1616	1301
1171	1488
9570	9397
1481	623
4357	4903
5675	6431
3778	4619
7615	6971
8289	8400
8076	8465
-475	472
6863	6681
179	683
5271	6234
2055	2531
7034	6205
4884	4194
7808	6868
7706	7218
1272	2154
5879	6297
6632	6366
3430	2744
3407	2913
9305	8930
4859	4460
7569	7431
399	936
4156	3989
4022	4504
5752	6046
6291	6702
5319	4752
3852	2885
7446	7410
3146	4089
9777	9973
7393	7326
2081	2845
5689	6564
7987	7966
8273	7527
8328	8515
5713	6212
8048	8335
8753	9022
8497	7775
7199	7323
5201	5644
1250	846
8232	7948
10383	9464
4230	4443
7275	6989
4280	3378
5755	5414
7568	7278
10232	9442
1109	458
8086	8295
3034	2720
9369	9525
9588	9391
5756	5723
5676	6110
3495	4440
3459	4206
7975	8329
4062	3395
2057	2287
2270	1572
4314	4466
4249	3344
1792	993
6196	5911
8573	8945
6422	6603
1170	1827
8567	8020
6858	7379
-363	469
4209	4537
8288	8424
8841	9673
5492	4534
4397	4941
10415	9659
8011	7659
5665	6016
4080	3155
7035	7938
6798	6908
6653	6920
3525	3236
2600	2635
1872	1771
1145	1488
3390	4128
2675	1876
4193	4433
6484	5760
5987	5219
1358	1483
1621	1124
7507	7879
6591	5777
2410	2728
7704	6707
711	1418
6340	7289
3670	3261
3253	3507
5055	4422
306	1011
8581	7787
9954	9058
7147	7521
1668	1667
9996	9856
3586	2853
9398	9771
3047	3550
920	1313
4929	4849
2039	2903
8999	9486
3891	3900
2933	3614
6954	6979
1085	970
1797	2772
304	1014
333	655
5506	5646
1319	1822
5538	4596
6271	7127
6583	6794
5395	4754
2879	3873
840	132
1903	2874
8539	9054
7734	8704
8134	7463
6380	7148
5562	6051
6932	6877
6714	7193
10283	9919
6885	7373
2806	3309
1760	2659
10052	9290
2257	1745
3349	4123
9217	9223
1533	2258
10146	9835
955	660
6143	6985
3917	3883
8781	8672
1658	2444
8993	9633
7936	7581
7116	6876
8740	7856
4191	3696
6792	6002
8484	9362
-47	19
3098	3472
3516	3212
5163	5941
6877	6954
4569	4383
2716	2312
4053	4299
903	1622
4021	3469
2982	3640
3640	2795
2422	2582
924	1343
4687	4633
5059	5058
1870	1991
10184	9631
8755	8186
2268	1778
4357	4847
9188	8679
1892	1917
5154	4618
2344	3260
8989	9092
7666	8430
4754	4745
517	1080
6655	5945
5846	5846
7549	6715
5578	5883
5160	5742
8784	8267
2374	1911
-382	30
2272	2975
10508	9918
2011	1836
2307	2030
5884	6427
6038	5517
7415	7821
5428	6313
7815	8659
1841	1118
10344	9994
5154	4421
161	124
8638	9606
9489	8504
9803	8975
4528	4285
1245	1774
5574	4773
9949	9751
1230	613
8505	8722
4599	4566
5124	4901
2912	3544
1836	1301
6442	5722
6467	5624
5339	4760
4843	4230
8122	7567
8295	7445
5369	4801
1247	676
8796	9372
1754	772
9241	8397
4728	4768
6250	7232
6311	6186
8874	8389
124	664
9197	9560
5975	6306
4105	4219
-579	286
5524	6444
6582	6340
9664	9651
7540	7168
3083	3793
4544	5357
5963	6489
4220	5150
9533	8847
7431	7198
4385	5174
7780	7697
6203	6851
2174	1755
6631	7241
4592	5558
9720	8825
7104	7631
8709	8912
3550	3848
9644	9090
1820	1244
7774	8383
5876	5649
3924	4080
5067	4464
6569	7059
5948	6689
8659	8865
7138	7682
3776	3187
1503	2493
609	1487
6586	6838
4958	4922
5166	5805
2639	2593
5914	5940
4379	3441
8722	8204
7154	7137
9022	9477
6693	7530
553	808
7151	7312
4701	5204
3477	4431
8129	8862
-428	523
6165	5371
9261	9088
2837	2158
7670	8223
8021	9008
2949	2388
2409	1886
2942	2582
-468	71
4107	3879
5749	5561
8536	8422
7890	8040
1415	1164
2157	1473
5145	5304
9223	9834
5358	4369
6012	6071
6868	6440
7134	6957
4834	4993
5627	4703
6680	6556
-180	388
4006	4707
8103	7976
8429	9416
1909	2332
10070	9268
8186	8617
6446	6998
5678	5313
7526	6792
538	309
9781	9165
7565	8410
9274	8812
4799	4434
7113	6941
3151	2153
2952	3474
1015	1128
9303	8846
8931	9820
3401	3615
8997	9035
2935	3237
7708	8330
8424	8435
10208	9611
4330	4960
8877	8108
-274	187
5967	5489
4705	3714
1664	1479
76	472
392	76
1661	2416
3162	3782
1201	1034
8966	9346
8893	9868
6301	7001
5330	5369
1578	2252
3043	3686
3321	4098
3837	2900
3315	3704
10463	9931
-447	152
68	491
6328	6072
2028	2825
848	1640
5356	5373
1421	831
4192	5011
5975	6245
6641	7146
7240	7059
9362	8855
8159	7407
3907	3447
5446	4719
9215	8995
