500	246896
5415	4770
2924	3911
6053	6436
5209	5483
6836	5937
478	1137
8619	9232
1811	2438
8722	7969
4805	4478
10355	9550
8859	8975
3857	3311
6211	5932
4985	4826
3576	2631
2699	2807
4554	3962
1954	1512
3119	2321
2151	1696
4419	4494
127	197
464	1301
166	1038
7079	7494
5755	5937
10421	9824
3824	4719
3421	2879
1776	1268
4915	5491
5557	4755
5636	6020
4937	5247
3061	2769
8410	8149
3563	4220
1416	546
3795	2862
3355	4002
5809	4873
9221	9526
1131	1888
6568	6803
3208	3788
7256	6628
5580	4848
1650	1433
380	351
2027	1910
5732	6324
6274	6733
1383	1107
9733	8767
4978	5212
-243	674
8606	9057
1075	1133
80	795
1995	2062
8396	8709
7470	6564
5769	6422
3600	3478
8116	7379
5296	6243
4826	4501
7554	6949
7318	6605
5092	5926
8431	8482
5492	4604
8587	9501
4128	4834
6268	6375
8015	7582
1431	1936
7401	7694
5366	4845
3759	4185
9038	9261
9389	8630
6681	6105
5778	5719
8287	7645
6353	7229
3776	4594
-539	16
471	272
6738	7094
4120	4447
4164	4432
4294	5171
6809	7443
10272	9647
5200	4943
9327	8405
5231	5372
5589	5501
10065	9922
3234	2734
6300	5623
2673	1685
-217	477
3758	3190
2291	1305
9330	8596
7487	6722
3726	4212
-658	134
2568	2142
1717	1821
1541	1351
3959	4110
7310	8281
6712	6348
3204	3884
7964	7397
1182	311
1078	228
2326	1795
3227	3839
3530	3620
4986	4156
7066	7427
5311	4393
1279	2068
3585	2817
3329	3404
7304	6621
7627	7309
9241	9050
7437	7641
2414	3113
1009	671
-31	506
4214	4872
2344	2854
7968	7608
2707	2675
419	354
726	954
2400	3280
8224	8543
3913	3400
4426	4719
6305	7186
8077	8253
3281	2918
6418	5480
2039	1056
3330	2404
7289	6681
57	771
2118	1323
8347	9321
2839	3215
6293	6801
7090	6748
8674	9529
2807	3210
6601	7207
7528	7071
2560	1573
3226	3175
9157	9928
2719	3037
5577	6510
7275	6645
6025	6708
2455	3428
1986	2346
9151	9006
10239	9488
1208	842
1653	2252
2774	2318
1185	798
4286	4917
8818	9377
6429	5775
8482	8673
871	691
1917	1232
9750	8813
7595	8005
-332	319
5557	5234
5920	5849
1469	1429
7118	6440
3199	3444
9082	9490
4253	4497
3835	2964
4936	5200
6752	5881
3469	3900
9535	9054
-525	258
9034	9422
3548	2810
357	1316
5930	5416
5662	5467
5813	6557
6227	6876
3082	3367
7807	6946
2733	3474
1408	1736
2316	1350
3145	2546
7839	6890
3229	3084
1672	2169
8090	8113
9022	8596
8735	9373
3134	2944
4058	3560
9234	9449
2017	2204
10003	9504
7005	7030
8228	8113
8462	8002
8981	9084
2034	1063
3994	4850
9840	9472
3584	3002
5647	4700
6434	7011
5616	4664
837	1616
6220	5806
721	1362
94	231
10120	9862
1165	193
8273	8728
4597	3788
1293	1445
3427	3783
5951	5347
5714	6016
6902	7189
8198	9000
8153	7491
609	505
7898	8238
7119	6522
7125	7023
7049	6815
6721	6715
1649	1209
8252	7906
9952	9604
2933	2549
2889	1996
8705	9344
8476	8946
6021	5077
7001	7083
8547	7961
7221	8025
145	249
6418	5797
3610	4001
6923	6858
5387	5970
3381	2508
4875	5766
8890	9577
2419	1849
2751	2561
6791	5934
4435	4075
2312	2156
5395	6281
4753	5097
7008	6313
1014	1555
6226	5320
599	1072
9365	8974
3779	2947
3331	3620
6490	6296
2873	3379
2056	1119
6089	5687
4557	3797
8067	7117
7667	7271
1784	2419
137	407
3374	4063
7924	7192
6185	6572
5159	4263
4567	4360
9060	9731
1649	2273
8175	7526
6868	6874
7852	7942
7487	8399
5538	5025
-313	394
5074	5264
33	1013
8321	7895
420	335
7417	7161
6826	6053
4917	5155
1571	1336
1700	1094
3584	3615
5097	5611
7220	6318
5465	5751
7767	7993
6319	6583
2266	3070
6983	7550
662	220
1766	1862
7254	6882
448	163
3465	3149
5532	6050
7048	6554
3609	4443
4221	4818
7141	7007
2416	2660
2206	2203
9668	9885
1694	1742
7272	6983
10292	9740
1686	1087
-223	459
6946	6975
3079	3606
1296	2290
7504	7310
6605	5855
1385	1715
4581	4509
1973	1807
6839	7831
4885	4172
8410	9146
6498	7020
1314	1556
6025	6033
4553	4712
3998	3314
10085	9816
7615	8160
9745	9278
134	4
4290	3573
1587	2156
7752	6792
7924	7952
3797	4323
5507	5040
150	741
5242	5948
2501	1522
6874	7642
1128	1175
4611	4271
4006	4225
6652	5799
1403	603
4511	4986
4011	3872
4620	4959
7364	7455
8763	7988
7763	7738
4721	5245
8333	7790
1082	773
9289	9525
1945	1896
4885	5720
3688	4393
4490	4949
7052	6151
8830	8696
1996	2430
5367	4629
9015	9582
3570	3002
-52	211
7754	6948
8951	9216
8691	9352
626	400
399	1106
2102	2278
8481	8461
3881	3122
10186	9564
7626	8016
6202	6759
7916	7179
4294	4184
6709	6173
415	681
5255	4276
1385	895
4313	5069
6650	6184
5760	5473
6863	7763
39	466
4413	3476
8725	8688
5263	5562
7321	7650
3677	3499
5443	6411
4226	4292
7893	7571
8868	8023
5219	5304
1061	1690
10033	9162
2176	2192
6113	5161
2416	1439
8793	8881
2483	1917
4782	4305
-74	622
5269	6151
9397	9486
7280	8153
4922	4200
1024	1452
4028	3922
8099	7490
3481	3480
2504	3483
333	340
2754	1977
3532	3325
3284	3044
1474	1128
9819	9072
2226	2006
2709	2220
-144	486
8007	7971
2867	2447
8977	9611
9332	8881
1688	1978
7265	6455
880	735
3220	3159
758	1277
5589	6271
8472	8076
8165	8020
4521	5498
9435	8720
8071	7867
5275	4440
6480	6595
813	1610
2743	3254
10239	9657
8664	9202
10681	9747
5865	5610
8882	8998
6358	5740
2018	1205
9591	9017
7178	7314
4631	5600
5398	4934
1962	1590
8484	9302
2874	2612
5252	4389
7149	7754
3753	3800
3757	2860
2710	3243
