500	1897151
2694	3052
6275	7165
9143	8967
3599	3917
6128	5743
7822	7861
9178	9311
6616	6865
10527	9714
10317	9446
5715	5715
1335	1255
1854	1878
3741	2906
5926	6507
5827	5270
4848	5064
-598	22
2899	1963
122	1066
5952	5676
1357	1020
1028	146
1652	2443
6585	5699
4846	4083
5577	5241
9314	9198
1768	2667
3478	2954
4449	4875
4372	5084
3816	3361
7345	6671
832	1746
6153	5733
9468	9366
5973	5112
1540	988
2110	2074
5299	5793
833	802
5194	4197
8364	8150
8906	8453
9418	8741
9204	8382
5061	5968
1268	1632
10145	9770
3930	3078
6943	7150
4216	4957
3951	4657
6246	6166
6289	5333
5074	5590
10126	9342
9677	8836
9991	9353
6741	7650
2347	3318
8903	8268
1374	477
4223	4627
3978	3276
7874	8451
6904	6498
3190	2686
5904	5703
974	588
6336	7161
6077	6225
2373	2314
7362	6697
4748	5052
5479	6111
6105	6728
913	358
4259	4277
704	154
2290	2687
4863	4329
8728	8364
2458	3042
9547	8568
3235	4157
1889	2509
5106	4934
6422	5442
9035	9192
8980	8679
2322	1566
10603	9681
4621	5314
7373	6907
5157	4213
-37	424
1618	1481
1778	1906
5027	5556
7917	7206
3265	2553
7282	6446
125	888
1248	1819
4930	5083
1380	1733
9369	8606
7842	8572
8902	8074
5023	5739
7287	7775
1432	826
7733	7652
3390	2833
4944	5907
5432	5623
8818	9752
8637	8648
122	306
3809	3422
4170	3666
8011	8389
9229	9271
9589	8895
8772	8789
5895	5981
3654	3498
9022	8523
2593	2240
2907	3411
1425	1393
9804	9309
8407	7453
-52	839
736	1126
5992	5851
1355	2118
10504	9766
7560	7550
1123	1435
6409	5996
6448	5605
6049	6924
10210	9697
2292	1834
236	12
8811	8493
6369	7074
4539	3628
6158	6407
4483	4876
2238	2247
2210	2847
830	1084
2892	3376
10160	9438
6324	6284
8125	7920
6488	5521
5425	5073
3511	3428
6201	6931
-241	756
-51	568
8594	8269
5629	5487
2667	1935
6621	6489
6668	6098
8704	7881
406	90
7271	7900
7882	8712
5514	5932
6142	6140
8854	7937
2657	2440
4384	4190
5330	5223
8419	7578
1202	787
3059	2987
7623	7150
804	207
6131	7046
2260	1775
2430	1757
6030	6212
7339	8198
6738	7403
10187	9498
1191	255
2703	2909
967	1485
1964	1904
4015	4326
9140	8478
2741	1764
2458	3138
7463	7929
3462	2760
-464	22
5313	5730
2260	1335
814	1079
4190	4615
646	427
9200	8866
1364	2016
5088	4171
5257	5763
2552	2961
2234	2160
3218	2571
9247	9397
7339	8184
6111	6555
2658	3024
6499	7142
8485	8914
9973	9447
4373	5149
4112	4748
5674	5913
6148	7067
7212	7033
7922	8578
9860	9773
7115	7421
8906	8738
5818	5547
1129	1678
3881	4182
7762	7088
4410	5411
2456	2248
6626	5880
7060	7435
4458	4113
4270	3741
9552	9781
6419	6711
6952	7118
1688	1799
1417	1531
4487	4060
-753	160
1573	1881
7107	6789
7919	8369
7286	7672
10310	9761
4556	4363
354	529
6512	6893
8380	8709
1810	1393
1243	1382
8432	8254
1239	2105
-771	67
9141	9564
9046	8252
4014	3624
10457	9467
10079	9943
3308	2607
7359	7040
4167	3249
7286	8147
4393	4540
6096	6813
7818	8625
3728	3499
1975	1374
6509	5718
8750	8118
442	723
8773	9429
4358	4112
5742	6337
9030	8737
-764	109
5675	4967
6159	6048
9788	9850
5980	6319
5869	5576
4929	4857
457	877
4269	4676
6517	6726
9026	8228
4519	5513
8767	8145
5438	5607
5724	6382
2320	2479
6915	6472
2421	2552
6308	6909
2739	2162
9798	9063
143	874
5910	6810
3336	2853
5624	4696
4550	4277
8869	9730
8859	9635
2356	2117
4555	5059
6823	5936
1097	1340
2223	1334
7222	7630
7081	6292
4877	4173
4276	3880
1664	1977
9678	9499
8071	8526
7262	7110
6362	6173
6100	5295
7826	7417
7225	7400
6241	5908
2961	2715
1492	2094
6563	7490
4125	4994
2733	2217
933	1839
6080	6915
2900	3137
8359	7699
9821	9663
1649	815
3458	4351
8759	7994
10614	9871
1370	593
1737	1432
9901	9378
-76	59
6001	5951
6165	7000
757	569
1448	615
6105	5356
3003	2951
1728	1764
141	565
4714	4801
5183	5039
6588	6681
1514	891
6359	7039
2698	3284
2538	2198
9133	9635
4729	4745
9329	9018
8805	8175
6027	5499
9533	9734
3430	2935
4263	3766
343	427
5229	4766
4860	4064
7029	6725
537	1423
9683	9979
6057	6531
3914	4399
3168	3027
4544	5502
1481	807
7331	8028
2668	3557
7298	7457
2183	1962
2080	2694
2949	2492
4109	4204
5182	5256
3888	4212
583	1043
8659	7735
8200	9069
2239	2794
569	1275
6274	6843
8191	8323
5615	4737
4878	5334
1367	1074
6885	6120
9291	9682
460	1225
1349	1518
6596	7517
5419	5862
3218	2623
9525	8836
2709	2081
844	138
6607	6277
7737	8140
4780	4553
3714	2830
8676	7774
8072	7181
7882	7670
9100	8855
2821	3451
8044	8079
3391	2453
5950	5877
3951	3888
4084	3117
9650	9046
2348	2028
2102	2937
6759	6272
5847	5747
8245	7375
9262	9357
140	116
441	472
9544	8624
9042	9342
384	1240
7461	6994
9451	9572
4220	4533
4129	3201
2520	2294
2184	1603
2619	1747
9914	9071
3122	3327
3398	3717
885	55
5586	6061
2484	2802
294	800
6776	7738
6370	6641
1071	1860
1353	1963
5415	5253
3569	2673
6016	6743
5319	5480
2049	2148
9511	8686
3451	3699
5261	4509
2504	2585
1369	632
2034	1605
574	234
10046	9822
1103	424
5174	5790
4464	4424
3995	3901
4934	4940
7139	7722
7408	8188
1192	1321
8418	8048
1884	1978
1390	1477
4935	5829
3084	2653
10126	9890
3836	3126
9714	8815
7347	7744
7804	8638
5535	5646
5198	5615
6221	5886
6427	7356
9232	9558
7901	7298
7024	6399
2089	2864
6231	6541
6877	6334
2050	2476
5381	4782
9234	8639
1233	1853
