500	632339
8362	8881
1179	547
321	675
7969	7092
9563	9126
8435	8720
5176	5996
5455	6123
1191	2056
5515	5438
1251	968
9716	9583
4300	4701
6620	7141
1765	834
2756	2044
4003	4415
8140	7700
5378	5589
1385	1672
5619	6229
9357	9783
5476	4573
4887	4909
4089	4393
9121	8410
1325	334
6879	6847
7930	6945
8996	9867
7532	8272
3880	3844
8096	7203
269	479
1835	2686
4122	3858
3180	2542
658	194
6348	5896
2435	2797
8356	8152
7835	8352
6099	5550
9716	9871
2624	1889
2135	2977
8168	7998
9396	9198
93	1067
3445	4343
3728	4530
5790	5369
8751	8191
6324	6888
2402	3368
7595	7078
8021	7242
6496	6355
2906	3331
8207	7989
2276	2313
1391	1731
4415	4137
8415	8214
2862	3308
4493	5306
7132	7108
7908	7612
8789	8940
5041	5736
7050	6887
-345	177
7178	7297
9248	9622
6069	5460
1321	2199
5854	4927
1199	786
1558	1209
6835	6969
3882	4258
5419	5056
5317	5652
2956	3015
9970	9870
3003	3249
5041	4266
4499	3587
2865	2659
8009	8541
6907	7170
8041	8594
1749	1020
3089	3863
911	1081
9783	9447
8957	9457
3161	3055
2588	3521
2790	2402
1818	1170
7282	6497
4507	5426
9135	9700
9233	9642
9068	8906
2532	1683
1312	1612
10053	9581
1292	1281
6030	6305
7815	8703
688	1581
3672	3573
5150	4177
5538	4842
8664	7976
4236	3484
4657	4124
4953	4190
4572	4127
7736	6928
9187	9650
5091	4863
-493	365
2614	2595
7517	6870
4582	5134
5814	5757
10833	9902
1126	1033
7988	7982
9599	8784
8666	8761
7651	7351
3852	3024
4402	5101
9739	9991
1045	1194
887	331
7271	7348
498	930
-365	573
4698	5371
7745	7474
2117	2613
2311	2719
4366	3865
8386	8410
-128	761
9061	8279
10671	9942
-631	87
4758	4480
945	1136
8671	9189
6851	7735
8711	9053
1954	2533
6344	7340
6998	6047
4627	4863
6624	6898
7278	6620
8435	7705
3105	3772
2931	3868
9370	8418
6243	6348
2418	1585
7830	7707
9462	8670
6314	7242
1930	2805
7639	8497
6025	6132
6441	6448
6356	6012
6055	6074
4133	5005
2841	2715
8396	8816
5423	5192
7776	6887
-401	130
911	1725
1692	1947
2871	2333
955	820
2332	1666
2429	1633
5641	6563
5068	5144
7992	7777
8040	7909
7319	7698
3771	4260
8005	7204
3186	3746
-730	45
4384	5264
4622	4414
4965	4868
3434	2749
4000	4587
572	1355
7831	8564
1356	651
2971	3194
1727	1275
3882	3912
7597	8076
2465	1836
7609	6678
1792	2072
2492	2159
1118	1195
-44	896
6666	6023
7708	8101
5216	4411
3152	3180
-745	75
3650	3032
4616	4960
6943	7074
6480	5981
10560	9746
8905	9484
10654	9749
10401	9496
1635	1594
670	1183
3307	3104
3039	2485
4059	4166
4057	3362
6654	6220
4127	3878
9595	9408
9739	9908
4946	4060
-160	685
-426	56
3733	2931
3851	4427
7432	8062
9711	9468
1134	1212
3496	2801
6795	6479
6134	6943
3527	3366
6221	5980
9150	8765
2103	2432
4412	4571
1166	912
9316	9351
1054	1775
6673	7122
1240	1058
4800	4924
-86	780
6731	5801
5813	6184
3374	3250
4788	4823
2793	2640
613	210
2532	2541
6891	6429
8877	8187
9254	8719
4502	4659
8947	9817
9270	9398
8986	9667
7195	7751
7709	6808
7071	6730
4215	4886
1527	2469
9755	9297
4070	3214
3617	2864
5492	4850
9604	9218
8622	9336
6268	6924
1222	1132
8356	8477
-540	318
6620	7554
4300	4941
4991	4323
3910	3704
7522	8000
5914	5267
-186	335
9703	9506
293	587
4348	5194
-378	95
7164	6795
5798	4874
6811	6462
4936	4807
7204	7846
7335	7551
3943	3072
4581	4456
7237	7432
1698	2002
1790	2455
8489	7530
1353	1887
2746	2668
735	623
2024	1609
2316	2484
1991	1695
2387	2536
7807	8428
2540	1564
9152	9519
3526	4202
4745	4114
4597	5484
1620	683
7661	8451
5586	6251
2948	2680
8069	7417
4758	4383
3640	3423
5029	4562
4964	4868
4614	4321
3064	3830
6323	5625
4046	3222
358	25
1966	1459
2589	3450
9049	9799
5751	6704
9322	8589
7025	7670
4791	5389
7894	7733
914	1622
2470	2983
6396	5743
7059	6136
6648	5890
5733	5624
6936	7937
6839	6446
6754	7509
8544	7887
4087	4498
6143	6059
1051	325
4505	5442
2655	2131
2682	3579
7731	8172
2209	2945
645	215
5644	6190
2707	3543
2045	1567
5528	6518
6602	7226
721	610
4141	4036
5147	6055
4274	4545
3157	3821
449	1148
5588	5864
8144	8759
8341	7639
-145	652
3679	3487
6689	6661
6936	7711
7735	8509
3322	2590
4802	4605
7188	7198
4907	4657
5284	5085
2590	2335
6019	5539
4663	3911
4227	4559
7687	8140
866	725
1963	2754
5452	4688
636	1240
3090	3992
2908	2977
2765	1834
2864	2483
9061	8924
3993	4987
6659	6340
4844	5616
7679	7154
6693	5983
7668	8548
531	261
5980	5616
9136	9834
5203	5131
3173	2701
2553	3525
8762	8406
5848	5962
6977	7093
3455	4378
8960	8893
9258	9399
4848	5298
7017	6739
4899	4615
1978	1753
1276	909
332	592
8392	7672
7889	8167
8237	7547
9703	8753
3114	3401
2682	3191
10167	9600
8765	8923
3956	4637
1341	2056
1016	1224
6755	7566
4748	4079
3402	3417
2046	3039
2141	2081
5327	6082
764	137
1826	1938
6621	5932
10077	9956
9088	8535
3499	3043
-221	750
1934	2130
669	317
832	1599
924	1896
10215	9905
3661	3368
6118	5672
1812	2708
1889	2047
1068	1734
7100	8085
1064	2026
9050	9491
3477	3946
7712	8018
5709	6564
4083	3853
10653	9852
8211	7466
4552	3832
3961	3411
9448	9368
8072	8999
7230	7187
5189	4919
8086	7733
10045	9289
7172	7395
7008	6670
7349	7664
1964	2387
423	1186
4197	3810
8668	8042
8359	9136
1245	1349
1491	1776
8104	7979
9659	9143
3934	4523
6042	6789
9195	9768
8525	8365
7592	7560
