500	1926396
1267	1318
5853	6438
5057	5893
5199	4997
5992	5923
389	205
8195	7200
19	643
1651	2234
2475	2833
8100	8042
5297	5718
835	1506
6240	6516
3457	2751
4744	5678
7772	8658
6385	6836
3111	2281
3307	4106
6916	7255
7192	7740
392	1011
1426	1184
8167	9153
6079	5887
6029	5075
5705	5774
7927	8287
2045	1658
9035	8349
8165	7809
5445	5803
3693	4260
2192	2828
8069	8989
8754	9028
3571	4535
2178	1462
3245	3281
6602	6085
1022	512
2758	3475
5907	6796
1081	1278
6125	5501
9151	8492
2628	2984
898	657
5562	5080
1378	1960
9902	9917
3301	3500
7335	7376
2879	2873
8234	8279
2315	2527
2171	2820
5687	5074
167	465
3735	4420
2590	2329
2640	1978
9541	9909
9245	8907
2333	2469
1143	1760
8462	8205
4117	3187
5980	6571
8787	8940
8536	7720
3175	3638
232	170
6490	6506
8042	7767
8747	9302
7168	6539
7908	8111
6983	6616
4573	4139
3482	4234
3960	4172
4569	3860
502	722
5132	6121
8821	7983
4800	3830
1728	731
3269	3035
7487	7336
851	864
10352	9952
-320	620
7138	6553
7823	7782
4388	5375
6188	5644
7658	7157
2484	3256
3011	2636
-142	242
2637	3216
9534	8590
5395	4421
6639	7533
875	1481
1526	1096
1215	2150
5897	5845
8630	8006
2474	2096
2729	1992
3423	2925
2772	3593
8955	9729
2877	1909
7320	6846
1177	392
1936	1774
10066	9762
9863	9271
3771	4054
8578	9025
5004	4785
7396	7608
251	1198
6357	6169
4237	3793
9424	8689
1394	1626
10848	9964
4898	4739
1842	1361
5079	4947
9057	8998
8411	8792
8849	8654
368	1339
1224	1751
2311	1603
5064	5265
2547	1764
6896	5990
3258	3230
5849	5644
6756	5799
980	1092
4571	5120
4140	4724
2657	1938
7205	7478
4175	4693
8954	9925
5539	6514
7620	8506
-792	88
8117	7268
8513	7906
244	110
1390	639
2129	2342
8496	7712
6211	6030
1989	2238
5125	5600
902	826
1772	1256
2443	1913
7677	7901
1667	1911
10241	9245
8742	9231
335	201
5429	6121
4732	4623
2730	2415
5376	5900
2381	3102
6349	5660
5643	5386
1426	2217
1510	688
7678	8080
3038	3708
4345	3729
1413	1441
3636	3967
8651	9486
8411	7807
4256	4477
4958	5069
2415	2097
3564	3368
5977	5600
3223	3240
3444	2989
4222	3547
2609	1632
2965	2628
6017	6662
6409	7308
5955	5682
8938	8773
1722	1793
6391	7124
902	1712
10317	9511
9739	9511
5819	5358
4555	4608
9394	8799
101	405
7012	7625
6278	6676
766	79
9697	9312
7782	7791
4927	5013
-38	159
6479	5846
9981	9426
2112	2178
8404	7717
4942	4518
9626	9503
3673	4374
3202	3073
7045	6998
4894	5871
4600	3653
9676	9714
10189	9687
7654	7957
-116	419
7471	7856
8380	8101
5802	6525
2159	2568
8402	8319
7189	6370
2304	2562
3457	2473
8695	8226
8129	9035
5884	5847
602	44
1083	2002
8724	9416
-35	781
7115	7129
9381	8802
9297	8620
8749	8211
1798	2271
615	976
1588	701
6260	5736
2834	1875
5607	5348
4600	4408
5748	6299
6404	6754
52	533
7978	7314
8146	8706
9863	9005
6997	6022
5121	5538
2322	1516
6602	7113
1964	2800
1913	2380
-353	43
2883	2495
4118	4218
6449	6583
8391	7705
1106	1519
8742	8560
8870	8606
6938	5977
8474	7477
7951	7939
3035	2583
6218	7173
9267	8296
6237	6564
8463	8507
7984	7632
9194	8347
887	607
8377	8716
6906	7321
6483	5604
977	1770
10243	9498
8143	8171
5556	6097
10016	9987
2423	1914
6637	7429
2826	3483
6576	7236
3168	3302
1046	2047
2719	3068
10064	9282
3268	3668
4991	4722
1971	2482
10808	9831
-59	589
5339	5304
7454	6814
4145	4419
4351	5153
5274	5289
8418	8544
2523	3328
4467	3743
6006	6197
1559	731
4342	4946
9097	8432
3931	3668
3005	2509
6044	5596
7748	7851
8501	8838
2796	2541
8787	9744
8190	7808
8732	9031
-32	259
251	899
882	436
7328	7164
4736	5277
4621	5563
8707	8127
3662	3677
9702	9080
6716	6436
7146	6522
4710	4298
4273	4882
5497	5810
1615	1776
4776	5391
3190	3551
8076	8740
5341	6088
2219	1504
1131	715
4319	4128
6154	5352
1960	2179
9744	9779
3363	4064
6304	6592
8889	8066
5980	5106
745	513
4321	5068
1588	1620
604	1247
5992	5307
2773	2613
8080	7755
3812	2932
4152	4871
6085	6038
9879	9065
8845	8367
8424	8468
4077	4193
3431	2782
3757	3113
8062	8884
7753	8252
3646	3149
7018	7213
8712	9537
4610	4321
6105	5855
8895	9172
2445	1886
8073	7773
6515	7377
5975	6781
7773	7449
4662	5081
2167	2976
5437	6228
6202	6372
5935	5065
-395	330
7895	7031
8802	8453
2813	3508
4631	4954
1220	1383
1097	592
5106	4140
8268	7998
6960	6515
5191	4597
2599	2029
5746	6140
5644	5782
5635	5439
3853	4735
10237	9474
7613	8337
10309	9467
4354	4936
191	875
1722	1258
2572	1825
6605	5785
8318	9021
2235	1620
4892	3894
6925	7541
5280	4608
4293	5249
7853	6872
8213	8518
7952	8100
7539	6975
4310	5050
9260	8338
1877	932
3495	3741
8219	7696
8643	8929
1722	1823
5751	6684
6474	6900
8959	8454
-698	250
8376	7905
-544	36
5654	6169
10120	9627
8431	8405
3849	4109
6989	6951
2729	2688
7528	7795
6640	6567
3190	3450
9459	9975
3035	3162
8026	7061
5393	4733
7655	8020
2891	3486
4415	5410
9281	8894
6149	5501
3375	2416
7460	6743
1428	1000
2905	2761
6491	6165
9185	8221
-34	421
9383	8803
6987	7773
1052	1548
6794	5877
5855	5142
227	325
2289	1721
8863	8292
8924	9219
10493	9534
5956	6425
1927	1743
1288	2031
4114	4865
6859	6576
1526	1149
5138	5218
7709	7594
2247	1427
8953	9035
2597	1888
10429	9823
393	1281
6678	7181
4885	5173
3407	2812
3150	3598
7760	7134
9808	8812
2967	2230
4363	3634
