500	242549
8413	8389
1066	789
8165	8699
6616	5648
2730	2762
3659	2991
8066	7442
2326	3157
8716	8428
4517	5409
5963	6454
8933	9398
8470	7861
7135	6890
3424	4308
4731	5037
2318	1495
3518	4326
3615	4292
2215	2163
5798	5295
2809	2723
2360	3131
6166	5258
7537	7521
3343	2371
2998	3880
3600	2862
8831	9730
374	1338
7944	8572
2150	3085
9311	8550
100	260
-141	87
6978	6247
597	278
1579	821
6980	7552
4443	4021
8837	9448
5722	5397
4118	4510
1009	1419
466	712
1614	981
4545	5482
4730	5701
3489	4179
2488	3224
1553	1085
3063	2350
1311	1143
7166	7474
6093	5600
514	117
5100	4237
4822	4725
2319	2826
6577	5690
1271	1603
5605	5523
7308	7086
7729	7466
9575	9887
1852	1882
5740	6511
5689	5038
3614	3753
3048	2698
6521	6709
7046	7102
1854	1030
5249	6044
-244	673
-632	95
5370	4754
6547	5710
3366	3193
9532	9455
4198	3864
127	402
2708	1919
5048	4379
729	654
1734	1374
5715	6242
5281	4659
6704	6652
4152	3830
6061	5138
10487	9598
6199	5894
8518	8082
9016	8482
8211	8516
9140	8872
1915	1775
6212	7060
3523	2812
8765	9582
2248	1427
1742	2659
6106	5798
3765	3139
5908	6634
9485	9904
3666	4519
7488	7890
7307	7586
5938	6487
8479	7771
4618	4074
8983	8851
2711	2051
5828	5198
5820	5846
3660	3806
10015	9061
3715	4166
5732	5583
4014	3178
10427	9733
4958	3986
7568	6647
3180	3048
192	375
4290	4843
5760	6716
2050	1934
2188	1707
7652	6749
6363	6459
9277	8760
3136	2861
214	421
3375	2779
2846	2984
7965	7646
2479	2837
478	1243
4745	3777
9377	9407
1538	2418
4718	5017
7664	7591
3874	4185
6620	6979
6685	7596
2320	2513
1650	1367
7099	7955
2820	2883
9239	9361
-194	611
8375	7523
1083	785
9012	9823
2213	2623
3653	2664
4898	5646
7893	7065
-14	944
6363	6825
6821	6134
2550	1700
3978	4974
5203	4349
7651	6944
1640	1087
1865	2258
5800	5760
7192	6260
3113	3233
1419	525
2040	2872
1789	2502
2794	2351
505	332
8151	8336
3897	4864
3855	3020
6760	6041
4378	4044
7557	7429
2278	3242
441	90
4780	5432
7300	7286
2391	1583
7068	7263
1093	331
6775	7095
3985	3209
8750	8208
3367	2946
7246	7931
4932	5611
6689	6037
6826	6010
1385	1135
6430	5855
4888	4604
3166	3926
6807	6301
6965	6051
2398	2666
10437	9679
1652	1767
10861	9889
615	783
5812	5749
5508	5151
5924	5387
7759	7365
7205	7356
7560	6999
3380	2427
6902	7200
7047	6196
7808	8212
9995	9768
8127	7683
3788	3341
8912	8685
6240	5775
2936	2415
5446	4531
8500	9233
1050	1455
4177	4016
8165	7800
3949	4725
6243	5321
3796	2930
2267	1776
3710	2817
4571	4721
6400	7341
5323	6300
7066	7642
897	1843
6023	6300
855	324
9769	8993
8487	8481
6218	6940
5740	6726
2254	2858
10725	9940
5330	6265
10063	9631
5311	5962
2937	2285
8698	8764
5433	5678
10584	9714
1823	2812
7081	6596
8483	7897
992	1264
4501	4947
8032	9009
1787	2571
6282	6422
4041	4004
3913	3281
4712	4472
4443	4337
9345	8895
4317	4395
1314	2208
5164	4795
7213	6473
576	857
9151	9681
3427	3450
2836	3027
9951	9003
7451	7028
7545	7163
3904	4463
7301	7369
6739	6036
8321	8393
7645	7508
2918	2205
3596	3247
6506	7437
383	1092
2913	3143
6356	6765
892	1751
1506	1755
4576	4444
3134	2529
2506	2517
2933	2049
1359	2276
7608	7942
10166	9366
10728	9807
8271	7868
1576	1273
1542	1827
3564	3597
5551	5840
8853	7913
9873	9208
5344	4695
5374	4801
5924	5257
1222	566
9745	9906
940	1742
10318	9861
5018	6001
6247	5381
1779	1775
9771	9172
8193	8074
5832	4921
2017	2185
8245	7855
8751	8852
2045	1395
2124	2475
3711	3673
884	308
1632	2233
6868	7777
2987	2212
9053	8111
3232	3997
3819	3301
6561	6189
5099	4992
5462	5287
785	294
5064	4920
7705	8393
9014	9149
9136	9317
1233	259
2240	2751
254	729
873	935
1051	656
3237	3235
1167	1633
1342	523
8422	7909
5826	5281
9616	9043
9999	9039
5149	4720
7494	6628
3944	4650
2947	3041
9060	8271
3747	3750
5999	6317
8612	8290
603	80
5037	4327
4260	4412
5202	5884
6878	6716
2623	1867
6641	6738
6878	6071
4384	4688
2012	1677
5060	4993
1210	596
6202	6859
5491	4966
9634	9028
3308	2851
7659	7484
4415	3522
8781	8378
1009	566
6350	6920
6210	7202
9960	9689
7544	7818
3166	2322
7081	6416
6923	6914
4052	3282
952	1355
3031	3299
3705	4206
9231	8544
5092	6029
2988	3583
6968	7821
5589	5851
3335	2932
4719	4749
2594	2677
10047	9699
3876	4764
5692	5016
9123	9476
1981	1801
9345	9248
718	267
3759	3951
2472	1494
7300	7226
4430	4386
5162	5576
5996	6138
6228	5992
201	183
7036	6156
2640	2722
3082	2347
8122	8949
2485	2386
6339	5356
9173	8552
937	1437
712	784
1489	2481
4574	4358
8690	9407
10348	9806
291	1144
3459	2782
3808	3521
3152	3912
1816	2560
1188	330
849	784
4451	4961
7561	7051
4304	4466
6260	6013
7261	7769
9086	9610
8078	8063
1981	1115
520	912
5412	6369
5527	6288
4531	5334
1725	2482
2970	2809
2695	2105
8293	8230
6361	6083
122	576
57	119
1387	2149
8541	7785
3563	2717
-45	774
-897	67
8578	8793
8160	8082
9440	9027
5785	5279
3097	4012
-215	671
8280	8030
2643	3180
-364	531
660	1012
9556	9398
5070	4889
2225	1270
2423	3030
4586	4140
6714	6432
1747	2235
4622	4363
5271	4280
8410	9121
-428	431
569	758
2329	1394
6199	5277
33	395
9716	8925
4963	5800
7394	6975
3476	4122
1426	1815
5400	5803
-717	248
5424	5464
10039	9298
6723	6955
5121	4386
1405	912
7852	8549
6255	5432
