500	250213
-244	580
6968	6465
1584	1970
9963	9669
1176	2036
7203	8003
1910	1106
5151	4800
7455	8194
3156	2315
6977	6358
8705	8612
9878	9357
9493	8589
7549	8179
1487	1730
1742	2550
8132	8263
4090	3161
2713	2519
3944	4425
5926	5398
225	678
3105	3235
7359	6812
9233	9066
1845	1169
6138	6615
3753	3552
5511	4782
5085	5575
-37	489
806	1057
4562	5346
2247	3033
6220	5765
5249	4737
3751	2987
3282	4063
6861	6989
7174	8121
1033	394
3738	3732
3150	2517
8859	8562
4499	5365
1013	162
9179	8611
3910	4603
2773	1787
5426	4524
2054	1444
1197	1417
7855	7378
3070	3354
3528	2704
7219	6772
3319	3466
3789	2808
858	490
10485	9633
1001	1857
7877	8059
3726	3715
7628	7128
2001	3000
8847	9405
10138	9967
5919	5225
8933	9004
3470	4413
2939	2756
3080	3860
4056	4391
8786	8556
3926	4388
3033	3438
1179	685
8813	9416
401	508
6758	6252
-97	897
4516	4303
10058	9181
444	910
1130	809
3157	2594
2310	2859
6737	6138
9515	9472
4042	4833
4852	5584
2425	2807
5337	6117
6640	7018
5384	5116
5846	6483
1412	1629
9386	9579
6503	6664
6166	5344
7803	8515
8111	7388
1617	742
888	1325
6780	7273
6630	6776
7710	7130
2071	1827
1647	1804
6491	6222
8168	8466
4727	5635
4053	3489
6757	7255
4706	4758
597	327
2304	3239
8327	7348
3613	3943
759	545
7851	7533
83	423
2854	3254
4315	4260
6925	7446
7588	8327
2496	3184
8730	8708
9191	8231
9513	9527
5764	4912
2111	2611
1228	272
7694	8482
5358	4981
1644	1781
8604	9050
9180	9879
6293	7157
3663	3711
358	970
9071	9568
4328	5055
3812	3529
994	589
3474	2624
6196	5612
7234	6353
8080	7895
6322	6449
2496	2917
9056	8092
4104	3136
263	621
1788	2107
4375	3949
9586	9072
9056	9932
8953	8143
3843	3762
8954	9219
3466	3286
1310	674
2983	3417
8039	7176
6885	7795
1681	797
7693	8410
4235	3855
6239	6928
5939	6064
2226	1740
-235	744
2201	1965
8560	7835
723	320
5418	4815
1425	938
8947	9595
176	408
-230	570
3579	3214
1412	439
1294	1651
2932	3356
10078	9309
5852	5806
7158	7258
5644	5423
8394	8139
758	1301
2126	3013
9363	8415
6962	7955
7665	8304
1002	1131
2610	2916
944	239
7909	8670
-274	351
3829	3171
4121	4147
7814	7059
7708	8229
6345	6979
1366	2089
1277	1178
1335	745
9101	9051
4657	3953
10199	9766
8609	8930
2649	2130
2536	2387
3849	3761
5456	5527
7772	8749
1416	2259
3266	3781
4397	4640
6580	6854
4770	5389
7665	8181
4556	3975
8462	7537
7940	7288
5280	5713
7174	6334
8160	8089
5840	4992
382	514
5392	5132
3282	2894
1093	1420
3638	4229
4217	3785
6015	5491
2486	1817
5152	4363
6502	7253
-41	69
2683	1904
3047	3460
10873	9974
6328	6013
5626	6102
8417	8186
5864	5787
5532	4975
4306	4105
5209	5969
7093	6636
5921	6119
960	1481
7029	6946
8743	8731
5960	5976
9932	9146
2043	1574
625	40
5926	6787
4082	4112
6622	7373
2100	2403
6018	6161
7028	7901
3339	3452
10508	9940
2814	2044
6390	6402
3339	2857
2537	2355
9320	8469
6716	7323
3683	3323
-559	333
2944	3502
1658	1433
6231	7046
6129	5925
2222	3046
1534	1687
8394	7418
9230	8771
5919	5749
8405	8450
2811	3008
615	141
9118	8657
5199	4222
729	1177
8116	8440
4573	5350
1297	1904
5590	6411
6407	5601
4643	4358
7782	8657
5689	5264
7949	7587
8337	8950
3276	2321
2652	3193
8984	9785
5631	6275
6980	6531
5233	4912
7740	8481
6929	7547
3610	2655
521	916
6388	6117
8016	8245
3905	3399
8887	8551
1722	872
10268	9726
2429	2161
2947	2004
7098	7470
1652	2302
8996	8433
1585	1674
4043	3825
7126	7296
8739	9529
8081	7438
10517	9836
1002	417
5859	5542
3039	3276
9169	9170
2988	2308
1931	2270
8715	9626
923	1645
5517	6442
958	1844
6008	6989
3321	3687
5065	4852
4838	5199
9244	8859
1300	675
188	973
6543	7297
5150	5333
4239	3600
-281	500
3779	4655
7608	8311
4859	4757
2677	2727
6284	5571
5228	4972
-476	351
9723	8824
5497	4816
4127	3287
2918	3309
7662	8058
5599	4858
3231	3424
3008	3735
6416	7029
1089	400
1546	1040
9911	9147
4175	4460
10262	9833
-141	326
5754	5606
8206	8435
3904	3184
8456	8614
8706	8684
10693	9801
3340	2766
4552	4702
8932	9851
7192	7592
9402	9773
8379	8110
8316	8749
5919	6340
8014	8351
6069	5115
3065	2166
7427	7080
7018	7974
4201	4545
4412	5069
5735	6551
4171	3921
7806	7037
5312	5686
829	372
9442	9611
6438	7081
7819	7401
4041	3291
-512	85
5659	6059
5146	4657
-68	303
1381	1536
9242	9288
6379	5543
7602	7141
2968	3441
9710	9585
815	1508
1405	937
156	1141
2072	2180
1905	1437
7868	6997
279	226
2707	2826
9023	8897
6943	7513
4124	4326
4254	3387
8866	8989
5110	5683
4025	3759
8524	7907
7769	7928
9154	9088
3478	3212
-41	313
3396	3089
9185	8872
7411	6716
8807	8197
1884	1177
2896	2396
7992	8860
920	1722
9416	9013
6749	6628
8909	9024
690	741
5260	6081
2660	2370
7129	7448
-175	291
6503	6343
258	202
255	859
4055	5022
873	458
4555	3888
10158	9550
9780	9868
2860	3014
3424	4037
3861	3734
2503	1691
6367	7309
5564	5458
3840	3094
8783	7996
4105	4910
7964	8846
3812	2947
4908	4154
322	1283
5608	5425
4292	3650
2111	2098
3623	4491
7329	7755
7706	7263
311	742
9054	9857
1979	2031
7322	8298
8943	8738
9156	8222
5844	5326
4983	4154
8063	7276
274	224
8196	8973
763	695
9776	9592
7548	7204
5929	6113
6643	6791
1385	1740
10172	9404
6648	5948
3831	3795
6627	7260
4909	4973
2716	2240
1633	1120
7607	7266
