500	2244604
7318	6483
7352	7800
4717	5095
4843	5111
6666	7185
3083	4070
2505	2075
1514	2197
2855	2163
3739	3167
1897	2877
2363	3082
5	127
7940	7745
2697	2608
2507	2418
4495	5280
7368	7996
7296	7192
2833	3459
10819	9941
8107	8742
9248	9311
3861	3037
5834	6632
4257	3399
4407	4577
5844	6143
4948	5711
1920	2252
9348	9681
70	112
696	1238
5112	5333
7706	7565
6364	5509
8270	9022
1554	2223
2150	1540
2032	2510
8721	7815
124	383
8262	8739
3244	3445
3809	3115
5264	5470
7297	6717
7059	7755
6831	6393
8393	9086
4174	4582
4768	4166
4934	5196
8373	8288
4146	4351
7125	7610
2399	3056
4403	3611
7275	7221
8280	8946
8516	9103
8652	9483
6583	6348
6214	6476
3588	3028
10361	9401
7071	6507
2969	3917
1859	2657
1499	1141
9452	9352
7633	8228
10283	9446
217	552
5741	5246
2700	3354
97	263
2832	2871
6768	6424
2504	2054
1711	1259
8881	9765
2050	1371
7549	8523
4897	5884
4324	3739
2081	1117
257	345
3698	3804
9979	9932
7379	6744
10105	9749
2089	2472
2918	2672
8392	8316
1976	1051
2344	2531
-704	44
4059	4495
361	633
302	933
7363	8316
5994	6336
4452	5314
6151	5907
5540	5540
5520	4882
9415	8711
4639	4258
8877	8953
7813	8812
5544	4852
7414	7169
8608	7947
9389	9812
8486	8392
9358	9301
9779	9144
7878	8070
1454	2128
1424	2407
6319	5681
5048	5659
6611	7345
1772	2125
5127	5193
8045	9003
7799	8630
1216	1290
8285	7833
7433	7859
4706	4549
4677	5634
1848	2795
7478	7206
992	382
4353	5293
3200	3251
6751	6805
7145	7218
9357	9596
6166	6217
9002	8806
567	1121
4429	4125
1234	253
4384	4233
8359	9142
6835	7549
6025	6273
9567	9562
569	717
10034	9068
1378	2156
7990	7267
7365	7505
3558	4487
8807	8164
1553	1270
3188	2444
636	942
253	81
420	200
491	1392
2876	3861
9626	8854
7944	7023
419	979
10022	9890
4820	4666
8379	8859
1064	369
8125	8594
10202	9341
4951	4169
8420	7960
-131	831
7016	6635
2990	3613
1955	1483
8081	8395
8014	7247
1834	2610
4059	4210
7936	7711
2277	2358
177	100
2309	2618
8567	7611
4036	4907
-41	94
9866	9592
482	906
4175	4658
6446	6956
2692	1992
9768	9180
2609	3470
-803	167
4220	3344
6309	5610
1506	798
5192	4779
493	754
2384	1725
4039	3223
8339	8527
5875	5445
845	1744
-1	302
2237	2594
5876	6753
3807	4235
2017	2618
7916	6957
1843	2278
8439	8013
4770	4628
9573	9194
4152	4236
1498	1041
10004	9087
6154	6624
1068	1703
3636	4634
3995	3418
-183	649
7937	8056
3118	3095
4685	5635
8600	9337
9317	8970
4287	3692
2727	2844
5759	5329
-125	155
7481	7242
9503	8640
3464	3772
8339	8584
8049	8698
5032	4688
4615	4874
1546	580
8979	9767
8472	8019
816	478
2322	2803
4285	3288
9373	9758
6340	5430
7359	7690
8831	9152
3161	2887
10195	9375
3102	4032
6243	6174
4166	3769
3511	4165
4648	5367
7648	6913
6478	5737
2615	3077
3625	4263
6260	6890
649	1332
302	283
2126	1341
7631	8054
5488	5062
8844	8401
1775	1851
1133	516
8003	8325
5359	6318
5543	4963
9476	9779
3529	3324
6527	5590
5400	5571
4562	4310
7092	7501
8466	8627
57	379
6562	5772
-19	459
6543	7236
550	1449
3402	4279
5081	5135
5614	6167
7473	6529
4350	3499
1943	1504
4215	3791
3721	4271
7450	6680
9348	9044
7736	6964
1718	1985
3358	3917
9761	9610
1160	1103
2338	1607
6922	7183
9028	8680
9747	9541
5685	5647
1560	1412
9032	8480
676	576
6611	6006
1272	873
8099	8912
7421	7175
3364	3275
5925	6042
9089	8595
-153	295
5703	5228
4199	3294
7011	7178
5640	5466
2102	2226
2381	2678
9034	8431
9592	9806
3240	3211
1661	2189
8284	7571
1916	2073
2269	3157
2831	3729
982	1609
4843	4657
7152	7852
3825	3446
7045	7136
916	557
2724	2140
6338	6417
8763	9190
7108	7710
10501	9605
7398	7225
2259	1964
4490	4371
3212	3762
10296	9576
4056	4826
4584	4909
7885	8533
-571	410
3580	3616
8487	7733
6403	6903
1768	2678
2461	3076
4873	4843
5702	6637
6156	6206
7641	7715
6898	6424
2376	1379
2400	3197
6037	6582
5346	5233
3802	2810
3262	3487
3176	2959
7743	8532
2279	1720
2449	2304
4444	4300
464	178
5297	5564
2515	2239
9324	9663
1144	1105
3960	4661
4190	3597
8937	8757
3625	2709
6368	7175
179	695
4341	3765
3533	2698
3491	3139
3419	2983
9010	8499
4138	4725
2208	2247
-697	44
2124	1977
5642	5654
2049	1801
140	584
1425	783
5783	4827
2709	2190
1747	795
1941	1099
3729	4142
1672	1197
8720	8026
3089	2989
7047	6462
1919	2416
9239	9848
4504	4005
8186	7382
4065	4750
3598	2715
4499	3960
5341	6194
9400	9414
8316	8454
6777	6831
6478	7452
2899	2424
4837	4075
816	930
3693	3350
9939	9744
8484	7737
9165	8697
10351	9554
5052	5786
778	1683
7034	6160
2816	2245
1264	1215
1831	2436
6883	5998
1843	2424
1563	1715
-174	184
10620	9737
6468	5989
2157	3082
10357	9581
1679	1547
8610	7928
8713	7753
10691	9781
3212	3837
9886	9485
2697	1779
6574	5800
7732	8159
3419	2548
3858	3777
3380	2517
8823	8968
5096	5697
5208	4933
6359	6530
3866	4410
6027	6515
64	419
2032	2426
6635	7375
2162	2010
-660	181
2970	3281
9563	8736
4426	4564
1693	1263
8308	8728
7711	8288
5200	4982
10211	9701
1864	2403
5884	5969
8713	8976
8666	7915
3633	3346
6720	6014
3987	4442
4941	5868
7190	7237
7053	6255
10333	9818
1127	1583
4967	4099
3400	2970
9462	9442
7785	6943
9745	9484
6922	7112
2026	2002
2909	2564
6242	6666
3864	3406
1396	1124
1244	1534
7366	6580
5908	6512
4748	5304
2047	1295
