500	1843512
3964	4789
5016	5405
4505	5041
5185	5855
6250	7138
3115	3932
9645	9417
2693	2135
5065	4559
3223	2384
4507	4789
548	1073
8844	9482
6220	6202
1309	1087
9901	9028
8830	9400
2278	2487
4941	5250
861	1124
860	807
2144	2923
3045	2637
1976	1783
6433	7269
4090	5035
6694	7237
6954	6885
1258	822
2996	2090
2777	2661
3193	4134
1871	1901
9705	9205
7343	7665
8062	8593
8599	8086
4765	5045
2749	2924
3458	4268
7997	7345
8531	8600
8948	8113
4287	4003
717	1274
4479	3546
10591	9914
1511	2347
1552	651
7685	8020
4192	4582
9154	9489
7657	8126
10141	9741
6718	7712
3999	3945
5909	6014
1464	2340
74	733
4767	5763
5445	5139
2342	2292
6975	6987
10556	9569
9478	8892
5478	5007
3692	4199
1815	2492
8609	9027
5814	6078
1611	2591
8099	8145
8753	8918
4433	5433
9725	9531
7675	8008
152	503
6911	6072
8279	7641
3711	4181
3413	3228
6781	6357
3879	3681
6160	6102
3312	3783
1872	2149
8197	8553
8501	7681
3593	3482
9834	9824
-159	660
8193	7680
-66	833
1178	1355
6628	5742
1676	1357
137	1074
9204	9099
9814	9264
210	166
-253	83
5403	5770
6111	5311
8950	8808
2896	2915
9079	8155
8349	9165
6788	7440
2433	2288
554	1174
6914	7034
9159	9702
2744	2946
5124	5565
-568	352
7390	7958
1474	748
4828	5420
3106	3529
7347	7554
4620	5562
8797	9073
3756	4246
7310	7427
7609	8010
3659	3618
4152	3834
9632	9502
8887	8471
1864	1692
4148	3500
1204	1959
10457	9729
7263	6656
3868	4309
9624	8756
3447	2621
811	947
63	691
5801	6102
4044	3326
4252	3743
9985	9391
7501	6642
698	1014
2546	3035
1030	687
4524	5111
4191	5075
6756	6375
8807	8679
9549	9252
2505	2957
5514	4516
890	1275
8298	8700
128	336
8835	8111
8492	8390
4692	3939
6112	5789
6092	6619
5396	4669
3982	3241
6812	6198
8999	9125
823	1097
1930	2526
7669	7630
307	405
4112	4010
3199	3504
8861	7897
6411	6775
8780	9069
8248	8392
4045	4037
7739	7684
3365	3090
5086	4800
6166	6892
-147	515
1395	1356
4728	4745
6580	6433
7328	7888
1345	604
7342	7491
4971	5708
3617	3842
561	1329
6701	5986
2614	3595
6456	6773
8219	7297
1862	2324
8388	8200
5433	4880
9204	8582
4904	4891
901	1125
886	1808
1169	521
2510	2932
9686	9914
3948	3708
6050	5359
9261	9310
5147	6066
2349	1989
3668	4006
3457	3902
9633	9854
4248	4463
5107	4756
9031	9801
9442	8483
665	312
4203	3610
8808	7934
3360	2720
6897	7469
7463	7686
10484	9735
3582	2861
3681	3465
9103	8739
1717	1775
2085	2498
9981	9730
2823	1942
9259	9485
2989	3843
2932	2130
1507	2094
-157	31
4906	4408
8687	9243
4253	4278
9036	8548
6062	7052
7495	6707
5560	5729
-43	733
3234	3774
896	1831
7009	6344
8378	8842
4135	3814
7599	6694
3459	3737
6567	7072
3536	4223
2792	2942
2482	1643
8385	8341
10251	9853
1766	835
3501	2584
-486	159
5720	4733
8849	8423
6621	6007
1136	318
947	938
2103	2078
234	86
1534	1875
1982	1816
6320	5512
8211	9008
5066	4856
6996	7956
3034	3497
10614	9961
3291	3248
1015	1995
3823	4824
1777	1638
4097	4172
7750	8503
5892	6305
1279	1750
10164	9249
5808	5698
6135	6079
1248	1316
2890	2621
2090	2975
6447	6162
10178	9771
5798	6683
4287	3782
3238	2469
2637	2999
1198	698
9593	9241
430	90
8573	7885
4543	3611
7488	6801
6458	7343
1584	622
4685	3739
6978	6080
4788	5587
8575	9308
6759	6671
265	127
4984	4860
3038	2131
4996	4627
1681	1615
5914	5065
2782	3109
3043	2136
5192	4715
5063	4377
8556	9442
2506	1635
4938	4367
4748	4075
1938	2194
2434	3116
5562	6237
4810	5445
2009	2588
5642	6090
3994	3842
6352	6404
5717	6180
3103	3211
8602	8017
3389	2581
1619	2054
5102	5683
4895	4140
5778	6447
7766	6854
5092	5004
6391	6592
7986	7809
4119	3223
9795	9732
888	1403
946	366
7952	7378
5219	4827
8272	7515
6122	5556
4561	4325
2154	2340
7482	7346
6698	7500
553	1051
4282	3641
9751	9304
3049	3173
1953	1698
2392	2294
1401	1743
799	681
7092	6235
1613	866
5036	5617
8961	9669
3016	4010
7814	7461
7105	7146
1452	1906
4361	3816
2659	2190
4060	3347
4743	4700
963	971
7855	8144
9828	9653
7422	8185
3435	3387
2342	2340
828	1822
2478	1649
474	367
4399	3537
862	421
4350	4764
7292	7341
6095	6410
8775	8667
6718	5731
7328	8103
7807	8702
5287	5403
6484	6345
2321	2287
3250	4144
6185	7043
7050	6290
8429	7605
3352	3977
5006	5268
923	1317
6417	5693
3004	3295
5562	5187
3691	3052
2706	1955
4454	3747
4432	4990
9124	8850
1822	1479
7607	7735
511	1489
9078	8635
3458	3849
10288	9821
1838	1351
4821	4428
639	1567
208	457
9957	9451
7149	6394
1102	1612
1065	1466
2248	2935
-360	228
10619	9659
6136	5639
1256	1985
8479	9295
3701	3235
3941	4006
2387	2956
3851	4331
2645	2507
582	1275
17	999
5674	6065
1039	511
6007	5563
4985	4196
3416	4211
4599	3752
3144	4057
823	473
1331	626
8448	8819
5416	4644
9739	9415
3567	2648
2089	2817
7395	6581
3937	4293
2579	2778
5865	6527
4321	4600
3938	4130
8161	7281
5345	5010
6802	6322
4633	4688
6045	5541
7463	7929
1973	1632
7490	8213
9292	9264
1746	904
1391	1197
5813	4841
10364	9998
2261	2313
8235	8442
8831	9759
7147	7028
3757	3410
2050	2954
6139	6647
7528	7955
2317	1381
2509	1917
7098	6568
7444	6975
2545	3376
2232	2666
8510	8496
2445	2287
10043	9965
9027	9954
9484	9153
6756	7195
5828	6681
7689	7012
5310	4994
3978	4253
3128	3608
1493	2320
697	53
8424	7646
3477	3816
4009	4348
