500	2214854
9418	9846
9434	8526
5569	5328
9044	8236
2158	1459
3765	3093
6291	6602
3826	3138
7043	7004
570	972
7509	6997
10364	9455
553	732
5609	5467
2097	1667
4898	4036
5917	6006
6457	5774
3514	4155
2458	1494
-3	61
5299	5639
9755	9628
4333	4704
842	169
4099	3583
1576	1541
9050	9780
6455	6211
10642	9767
6181	7029
5772	5740
9929	9066
937	718
7787	8226
1174	1538
10027	9501
1778	1300
8009	8656
8286	8463
7072	8029
9261	8694
4552	5081
8481	8192
-622	70
5615	5519
5071	4463
7363	6484
2026	1827
8855	9453
2104	2116
2007	1041
3855	4517
9970	9799
305	1046
8422	8349
697	305
5730	4995
8755	8218
8664	9379
3743	3848
5045	5384
3372	2507
4226	4543
6413	5420
7973	7088
462	1336
7408	8206
5822	6820
6239	5376
1691	2617
3562	3291
9457	9821
46	1010
3914	4176
5697	6324
695	1637
4882	5389
5559	6278
226	1179
5893	6629
9249	8287
2235	2745
730	168
1741	848
7891	7429
8040	8323
1877	2736
803	1708
3414	2533
7043	6837
6433	6610
4263	3267
2566	1671
8128	8281
4204	3945
6696	7466
8433	9225
5817	5075
10694	9774
8190	7638
5047	5737
447	624
-215	455
1610	1273
4025	4566
4719	4546
10096	9285
9478	9525
-784	61
-842	155
6387	5417
2579	2588
3195	4182
6041	6736
6012	6288
-765	212
2870	3037
4042	3201
2637	3166
9911	9181
6011	5286
4826	5258
7671	7891
2826	1877
4671	5290
8012	8307
2248	2355
1585	1699
1046	1261
10092	9546
6267	5512
9118	9572
7065	6943
7498	8391
10518	9949
4424	4192
1744	1297
6692	6155
-36	583
4359	3489
3560	2766
3400	2930
8669	9042
11	711
5373	5767
8125	7849
3487	2716
10481	9825
2461	2896
9608	9766
3093	2138
5213	4429
9340	9758
4663	5325
5129	4966
5292	6211
7099	6960
4553	5554
-265	121
7187	6302
8372	9223
4452	3516
4613	4275
1764	1596
8618	7907
5760	6366
7814	8022
3310	2533
6936	7729
4163	4470
9404	9374
6108	6777
2205	2524
8328	8686
1283	1298
4753	4882
4884	5489
5923	5162
8196	8089
2630	3285
1470	822
5287	5094
7419	6795
2495	2973
2627	1835
7424	7218
169	825
4239	3892
8603	9028
2020	2344
8140	7564
10304	9902
8387	8326
8931	9167
7621	8172
5455	5112
7655	8452
1135	539
8692	7831
5136	6121
4344	3656
3406	3576
6853	6388
4593	4180
-82	44
9401	8444
2148	2805
9842	9714
9638	9760
3177	3896
8039	7682
9110	9627
1431	1916
4827	4083
5932	6379
1498	2114
3284	2597
7199	7217
3902	3155
1298	750
7168	6976
10638	9860
4462	3890
6260	7261
5311	4805
4120	4283
2126	2867
1103	1323
7532	6777
1384	879
8654	8312
5798	5892
5491	5032
5779	6243
7199	7209
-26	440
2186	2537
6092	6667
7149	6224
3158	2779
1495	1435
5870	6219
8213	7322
1235	1786
5664	5650
9268	9957
7558	8359
8312	7572
2473	1661
4498	4279
873	805
6096	5756
7141	7721
5414	6120
2596	2700
7160	7676
3203	2311
1769	1138
8060	7787
7221	6435
7679	8290
98	100
7612	8591
2342	2741
8206	7836
1813	1823
5369	4441
7844	8333
6153	6351
9210	8809
9184	9702
4898	5888
6754	6730
7862	7996
2432	2652
595	655
7277	7173
-594	293
1160	1128
5383	5070
6295	6405
501	306
7163	7174
6584	5710
5662	5794
6123	5278
3869	3705
-357	211
4099	4543
7845	7653
4997	5340
4349	4487
7894	8116
7923	7330
3562	4165
828	909
6208	5643
3931	4117
1733	2557
2391	2691
6366	7047
2651	2901
5947	5486
6915	7537
912	372
4282	3573
1962	2552
592	926
5149	5543
6967	6262
7527	7006
6625	6627
1182	1089
9162	8167
3129	3273
719	1050
830	1530
3787	3774
10425	9764
2528	3394
9520	9204
2951	2198
4555	4081
9395	8774
4117	4083
6119	5681
4567	4910
7436	6440
5358	5754
2370	2346
2208	1815
2390	2048
869	49
7520	6710
2937	3484
6336	6299
5972	6125
-4	793
5241	4324
5584	6180
164	954
3058	2197
6505	6871
8186	8212
9149	9594
5111	4353
-299	303
453	1104
1384	2221
5569	6515
431	620
1188	1094
6898	7661
2634	3300
4986	4157
3553	3093
683	395
7939	7324
1162	277
3460	2592
8737	8795
7725	7630
3426	3343
6714	5800
8561	9249
3189	3971
1893	1478
9452	9315
9620	9655
2987	3826
1066	1149
2165	1624
2505	2208
4641	5159
7933	7185
3331	2354
378	1045
1165	1427
1643	1419
2672	2655
9514	9539
3254	3239
4296	4393
5904	6507
7201	7871
7283	6913
6784	7250
7721	6914
3257	3834
8661	8293
6170	6174
3565	3348
3105	3332
8058	7958
1962	2000
9009	8120
7000	6292
5294	5259
3730	2967
7270	7435
7794	8448
5256	6208
9707	9235
7925	7858
7046	7898
6211	6790
2283	3147
3821	3993
564	1264
4544	3931
4666	5265
8060	7505
2577	2464
9021	8593
6608	7231
3296	2619
3254	3078
3391	4080
5586	4651
1631	1733
3959	4439
10258	9323
5324	5011
6039	6767
1664	1617
2120	2241
898	1803
4054	4789
5943	5212
5488	6048
8128	8464
5011	4472
3745	3844
49	205
6127	6840
4374	3746
3229	3163
737	1566
2416	2734
147	799
1770	1733
8468	7583
8856	9135
3849	4153
7655	8456
9409	9492
6179	5218
4870	4811
8880	8866
-686	259
8658	9656
9502	9686
4024	3423
6497	7343
1426	2287
6227	6858
6969	7531
272	257
2922	3162
1034	67
1518	962
4064	4887
8920	9872
1679	1592
8265	7417
3567	3497
2737	2205
10867	9890
7719	7137
8907	8134
8065	8076
6749	6145
5533	5782
5268	4974
3552	3514
3089	3264
450	949
3177	3358
499	552
3227	2261
3906	3150
2095	1391
5569	5291
3461	3684
2030	1215
4841	4553
3207	3160
5186	4895
5373	6154
1253	588
6814	7612
6405	6846
3907	4706
6340	5733
2494	1503
5578	5928
418	102
3452	2709
4340	4950
