500	2182960
7091	7796
7612	7967
5334	5709
5041	6023
8622	9596
-154	37
2744	3313
4061	4354
7300	6735
5934	6189
8236	7819
706	929
9353	9779
8498	9071
1374	1534
3579	2900
5707	5491
4876	4679
8248	8196
2008	1219
3686	3081
345	954
2696	2391
7578	7454
10218	9226
8266	8224
5914	5412
715	174
2675	2080
3286	2323
8658	8438
2924	1998
8465	8791
1464	1479
128	81
4937	4777
5735	6655
6301	5906
7746	7389
838	874
9801	9705
475	9
486	953
9744	9362
2814	2131
5267	5701
3954	3258
-105	848
49	725
5191	5387
887	1374
-303	319
7819	8597
7111	6128
5935	5935
5939	5302
3111	2451
3859	3458
8014	8196
8463	9139
693	856
6709	7246
7979	8888
3123	2513
6019	6770
5910	6769
851	766
9234	8874
9662	9663
2645	1698
1999	2002
3741	3939
9054	8660
4061	4207
558	215
3953	3533
4311	4535
8307	7887
8619	8870
10022	9385
154	1002
898	133
9948	9592
1732	1128
6886	6711
7616	7554
6665	6175
6052	5868
4664	5240
8845	8041
7046	6122
8882	9228
8815	8703
5000	4077
4675	3864
9426	9563
5012	5966
3891	2983
865	1405
3332	3867
10409	9638
8693	9531
9660	9264
3203	3350
8915	8175
1955	2661
6553	5667
4319	4951
9378	9001
8508	8294
4397	5191
940	433
7020	6607
8780	9418
863	229
9694	8830
6766	7408
8404	8382
838	109
3159	3878
5360	5824
3067	2578
9303	8425
2987	2212
9113	9258
2440	2993
7839	7416
978	1957
3915	3191
8803	8386
3926	3713
9756	9637
1295	1927
3529	4144
5119	6100
2295	3022
1860	911
10098	9765
5157	5831
3550	3112
990	1536
2190	2240
1426	2232
9746	9326
8982	8273
6177	5193
1456	1277
3659	3106
6149	5550
3293	4294
8286	7973
6156	6275
8655	9265
5015	4570
-250	719
8492	9239
6964	6488
7627	7558
5555	5674
-212	492
-21	945
1854	2283
10306	9568
8243	8128
1111	1692
3780	3117
6829	6087
5600	4899
8601	8135
3353	3150
3238	3500
6796	7459
583	217
649	1409
3853	4602
3084	2540
460	288
4973	4119
8862	9266
1279	1324
809	1018
7075	6973
7406	6536
5178	5158
644	1339
6415	6226
2433	3398
8142	7529
1692	1404
4860	5856
2935	3542
7082	7903
4940	5921
6572	6388
-320	618
3479	2494
5321	4856
2183	1442
7288	7690
9142	8764
1245	1258
6224	6570
4474	5025
8049	8270
1567	2092
9417	8786
5262	5224
2307	2165
4612	5061
1709	2681
2788	2616
7190	6369
1800	992
1244	1565
439	761
-570	413
2000	1668
3069	3026
4429	3784
1402	2177
8435	8123
8555	7859
-273	353
7604	7193
5799	4928
4688	3795
560	1399
3809	4069
8955	7972
3858	3775
7849	8664
3136	3455
6998	7520
6733	6079
-269	478
9832	9882
4659	5568
5569	4650
1308	468
8430	7685
8544	8067
2808	1993
700	1641
5521	4558
7375	8045
755	1049
8371	8870
9130	9742
8153	7334
4854	4045
3351	4075
10107	9114
3483	4370
1750	1915
2554	1957
5956	6583
7355	7430
2259	2191
1085	987
1415	1386
864	1432
1389	2090
2470	3288
3013	3042
4440	4004
563	1135
2963	3716
-493	424
-301	363
8943	9274
7495	8289
2113	1397
7720	7135
258	1139
2562	3039
2972	3504
2253	1310
718	1122
-358	128
1051	1570
4008	3953
5579	4913
9639	9305
1122	2105
4402	4026
706	1042
3021	3585
4100	4383
2896	2377
5605	5192
7738	8045
6589	6236
7698	6991
421	304
3447	4224
6776	7601
7144	7281
2131	2196
-149	553
8532	8956
3024	2029
3855	3243
3409	2434
6140	6332
10018	9497
7468	6576
6378	6569
10158	9600
7421	6520
6771	7030
8107	8127
6029	5271
10664	9847
4445	4696
5119	4470
7177	7680
10271	9999
1543	2112
1043	1250
3690	3594
1838	2670
1579	991
8920	9332
6350	5501
6372	6844
3267	2946
3078	3512
3790	3082
9161	8386
6314	6460
565	1428
6130	5706
579	1412
221	210
8117	8963
7092	6110
7128	6677
8932	9926
818	394
2095	1859
8110	7956
9377	8560
6714	5723
6987	7528
5106	5769
10214	9668
1200	829
916	1326
10426	9541
7457	7604
7105	8042
8907	9191
3631	3517
1635	726
4475	4541
7346	7500
5852	6443
5829	6666
-54	403
8498	8977
6877	7235
5132	6071
4762	4016
7560	6654
1241	1634
141	1115
-23	674
-67	745
10240	9420
3762	4452
4058	3109
6061	5512
240	713
8181	8068
9116	9074
9648	9990
1450	2040
128	723
6885	6159
1457	2315
4764	4337
179	171
351	85
10053	9199
5738	5089
5715	6167
2629	1953
116	452
-276	207
762	132
1034	1915
9243	8291
2895	2532
6400	6360
8765	9093
9613	9186
8808	8454
4326	4790
3961	2975
3807	4393
3900	3990
8258	8965
5355	4941
1809	1312
4728	4287
2681	3482
8687	7916
-49	154
3352	3489
1420	1841
8267	7891
2055	2361
3233	3085
292	1234
8466	7490
1304	475
9326	8889
5657	6477
5992	5206
2170	1680
5743	5583
2892	2044
2833	3286
6420	6648
1252	1414
6361	5707
1634	2217
9003	8351
2503	1569
8121	7713
7099	7914
3392	3240
4692	3977
10219	9687
4221	3856
1814	1378
3651	2880
8802	9287
7607	8322
4727	5642
7824	7126
2435	1742
1561	2119
4385	3700
2790	2380
8387	9096
5635	5950
9074	9798
5238	4755
1420	1811
7741	7203
7480	8048
9998	9313
9582	8950
2266	2325
872	72
9454	8643
1255	1496
4801	4608
784	799
2202	2958
3536	3631
2063	1284
4221	5184
9610	9265
4466	4649
2932	2886
8448	9252
8637	9086
6591	6183
4747	5495
6699	7212
4475	4418
7625	7601
6355	6606
3277	2364
1989	996
4452	4822
5130	5775
5059	4670
6723	6055
4500	4209
1879	1069
6643	7490
3387	4364
7124	7916
6755	6278
6745	6699
6187	6538
6566	6073
4836	5402
5156	5409
362	782
1286	1380
8690	9291
4993	4298
7926	8070
7126	6989
4498	4669
5675	5645
