500	248142
4556	5034
5658	4911
10752	9972
1075	1661
4906	5514
8818	8504
3583	3662
-23	83
8269	7546
2833	3719
1421	1349
3025	3561
4269	4094
5154	4799
6337	5758
7511	7369
5733	6104
5966	6892
4667	4764
1766	2491
5994	5650
10606	9945
5293	6268
7721	8558
-270	104
1083	281
10541	9702
5062	4269
5434	5017
3628	3503
9220	8999
722	622
6364	5853
7495	7529
7786	8769
6661	7245
3903	3716
-586	80
3554	3567
5520	6500
3747	3617
8493	7825
6416	6973
9155	9816
884	215
2030	1819
6331	6893
763	667
5850	6305
6136	6065
1225	918
9122	9491
7769	6849
734	968
1729	911
6666	6789
6915	6951
-179	548
5123	5762
7943	8616
-535	33
1817	1541
2431	2874
2551	2375
2895	3106
3271	4250
3542	4452
5305	5007
6987	6014
4693	4419
10000	9794
3896	4154
8224	8525
6655	7019
2399	1415
3764	2966
2276	2419
1719	1077
6570	5769
7045	7173
5366	4593
9290	9248
7119	7866
5925	6696
6693	6581
2878	3506
7682	8673
10016	9469
8548	8711
15	539
5326	4824
4870	4277
1417	714
1071	1590
1268	1507
4805	5356
2843	2889
7599	7847
1454	1562
6477	7337
2199	2007
897	867
538	1205
-155	580
9642	9526
8795	9096
1344	974
1332	647
663	1428
8453	8169
8226	7351
7326	8089
1765	832
7087	7344
6858	6828
7070	6886
5328	4578
7701	8569
4937	4438
4065	4752
3816	2970
1957	1016
4231	3571
1979	1982
-250	250
1586	636
6100	6378
1101	542
246	1010
1492	2305
5809	5269
10219	9375
2586	3293
7412	8331
9876	9795
4512	4397
7692	6930
2557	3059
3816	3426
875	1850
7378	7894
-48	331
7431	7561
105	536
1299	1461
2487	2759
4217	4734
2303	2927
3036	2780
8384	8460
899	692
8661	8042
1423	972
4219	4472
8516	8844
863	776
1967	1511
3781	3712
3926	4681
6781	7641
3188	3438
8392	9223
4735	5236
8266	8901
6468	6110
3092	3293
7252	6568
1311	773
5733	5138
7620	8288
4683	4270
2552	3422
9707	9224
2105	1202
4276	4083
7269	6398
2564	1946
8926	8395
4413	4120
7128	7900
5197	4655
3954	3382
4382	5229
830	1465
6502	5751
6422	7052
990	1519
8244	8503
-636	310
741	999
1644	1250
5161	4616
3024	3015
9916	9432
7338	6657
728	67
2025	1226
5041	5237
3654	3955
8579	9524
2378	2805
2102	2428
3680	3400
8477	7770
3103	3337
4389	4452
6581	6163
1012	485
4048	4782
5802	5366
10733	9950
9274	9101
1272	1585
4870	3981
4243	3741
7843	7947
6155	6431
4401	3573
4699	4007
4231	3538
5800	6461
4606	4633
10228	9760
746	855
7307	7737
3016	2331
5137	4356
9799	8861
5014	4823
7391	7830
8175	9049
8289	7812
5939	5205
5517	5308
5624	5429
2145	2906
6777	5889
6214	7215
4778	5359
2987	2893
7566	6993
1128	782
10349	9357
3169	3640
2358	1539
5031	5446
6556	6301
2920	2417
67	993
6839	7068
10243	9272
1172	1014
-208	214
4083	3512
8404	9001
6011	5020
8778	7979
4378	3692
8475	8146
-396	570
517	1504
3776	2974
9660	9272
8922	9308
8838	9465
5826	5740
2450	2699
6511	6600
442	1333
4168	4837
3721	2867
2873	2677
1374	2008
6388	7237
4503	3699
3093	2541
4333	3821
9799	9357
566	904
2129	2411
539	1391
895	1808
1012	1255
3290	3353
4056	4869
6357	5623
7341	8044
334	1285
537	1018
6622	6556
6420	6326
1765	2621
1936	961
6803	5941
6342	6993
4317	4936
2594	2853
8280	8823
1027	1501
9116	9397
7085	6716
6918	6808
8759	9669
7550	7514
6031	6612
8042	8106
5592	5868
9262	9435
3077	2703
7737	8692
1055	78
1061	781
7322	6721
9311	9740
8616	8130
3842	3646
2661	3210
8537	8661
4069	4897
6774	6268
5966	6595
257	797
4680	5098
4792	5642
7995	8311
-64	198
640	664
4757	4022
6044	6933
4721	4661
1257	1953
2771	2611
5380	5111
3397	4392
7102	7445
7255	7866
4692	5031
8330	9204
1442	1598
5186	4280
5358	5531
4191	4647
1825	1807
6019	6282
5074	5133
587	152
5713	5600
8306	8598
372	385
6247	7068
9931	9999
950	923
9073	9948
2052	1509
462	1324
1656	1452
2416	2968
5523	5751
6853	7470
9816	9864
5045	5679
2666	2390
5467	5482
2852	1988
381	328
5723	6399
659	340
992	1707
4012	3799
2303	1831
2338	1706
4350	4679
8216	8436
6702	5799
2178	1518
5052	4858
8978	8381
9333	8473
4395	4585
6342	6080
1695	2219
1146	1590
10444	9798
10144	9197
9591	9214
1339	1422
2816	3365
2741	1943
9973	9234
3805	4056
9666	9755
3431	4298
2279	2511
2442	1997
5008	5934
3861	4711
6555	6905
7113	7061
8258	8651
3864	3002
9410	9988
5836	5134
6950	6876
962	1503
5373	4817
9484	9563
1680	822
9739	9057
7032	6629
9394	9482
1374	1832
3503	3417
9375	9547
7337	8142
9579	9438
6835	6060
6109	5566
5271	5480
4953	4621
1688	1253
5056	5243
6125	6711
5439	4674
2752	2099
10103	9524
3625	2920
7811	8476
1816	2795
3100	3166
6172	6219
8059	8430
5726	4732
5736	6175
8933	9140
9640	9897
7072	6583
7850	7559
3490	3907
4415	5412
2876	2591
4445	3937
5108	5345
7335	8198
7148	6787
5781	5426
1172	318
8386	7987
3715	4203
8303	7963
6869	7660
6031	6438
1401	2054
4845	3887
9581	8933
9189	8316
2891	3288
9367	9736
8301	7369
5924	6771
5195	5648
9178	9863
3252	2404
3321	3717
3745	4715
5671	6299
8329	8594
8965	9320
3642	3085
5973	6606
5128	5208
2441	2595
2854	3526
3724	3480
6215	6615
7013	7752
5762	5150
5482	4579
1109	1815
6389	6862
2838	2679
5525	5255
1821	2249
2602	1919
6	484
7095	6405
9794	9797
1211	539
7048	7680
6212	6919
6991	6971
6028	6557
9121	8636
1825	2377
2371	2134
3141	3331
8686	8751
6433	6084
5214	5862
8379	9035
3314	2877
