500	653231
6562	7269
1945	1903
5817	5326
2998	2303
7067	7634
6881	6855
4755	4186
9502	8554
5782	5111
5200	4554
2365	1395
9145	9200
8633	9487
4713	4422
7104	7625
3798	3554
1229	775
3739	4289
6889	6948
6080	6500
10082	9377
6522	5609
2789	3277
1953	2216
305	186
7316	6738
4379	5092
455	526
6734	6437
7986	8575
1257	2131
1914	1658
6879	7583
1589	1709
799	1592
2134	1815
5040	4267
8128	7235
5088	4288
8105	8634
9643	8922
1416	2404
4291	4012
1094	1296
6152	6932
7272	7212
8569	8349
7600	8319
3249	3871
3625	3164
1269	940
2987	2783
4472	5105
9491	9100
2901	2170
658	217
5427	5808
8625	7808
8354	8253
6800	6618
4503	5324
3268	4246
5316	5402
2577	2306
2467	1647
671	1087
2371	3152
3397	4143
6830	6589
4108	4000
6542	7327
2684	2552
6195	6837
3039	2952
6733	5814
7113	6625
6322	6102
8366	7513
1658	2489
6261	7127
3907	4344
3918	3073
4999	4785
9177	8454
-90	458
3616	2834
7406	6670
8126	7270
8020	8449
910	1298
3414	2494
8048	8103
2461	1495
3783	2801
3768	4490
8302	8119
7385	7196
10010	9031
9240	8406
9918	9705
6178	6289
9659	9351
6950	6980
6297	5519
9711	9544
1780	2393
6936	7442
9622	9687
8301	8815
3222	2920
5507	5119
7800	8488
5800	4932
1334	646
7054	7705
4248	4904
5197	5593
9577	9655
4101	3577
822	703
4787	4694
6994	7861
10488	9942
825	1071
5727	6387
8914	8411
7979	7731
3831	3818
3285	3471
8878	8704
2123	1166
1629	1521
1090	565
1172	2033
5489	5404
2708	3613
3005	2181
8057	8584
4377	5373
4339	3582
7339	6348
9043	9615
2376	1594
9507	9444
96	599
5354	6240
3568	4458
1245	1225
8597	7990
6258	5514
5524	5047
10420	9842
3079	3304
2080	2054
1416	783
6914	6786
3377	3979
4482	3911
3240	2535
7121	6989
4783	4205
909	1249
3163	3691
-935	35
9333	8434
8256	7777
4700	3731
7092	7060
9210	8747
8940	8413
1295	1099
3438	3010
8220	7949
2835	3354
2319	2979
10501	9968
10136	9921
3158	2197
-377	42
7467	7994
5956	6835
7870	8307
6809	6093
4139	3950
6542	7182
6351	7072
3342	3911
5271	6062
10118	9705
8727	8694
9767	9756
3244	2570
6345	6229
8906	9638
10681	9700
982	1097
6858	6105
2998	3451
7872	7473
5744	6092
6275	6114
8309	9286
9940	9595
8885	8235
1391	1113
4552	4686
8546	8293
6414	6895
7902	8372
6565	7143
6456	6867
7631	7310
103	345
5039	4224
3825	4512
8447	8823
8935	9829
1071	650
9689	9807
1343	1426
1274	2164
7945	8139
9749	9718
416	1328
7737	7917
2294	2513
8584	9412
1212	457
2963	3285
8368	7573
4387	4994
4594	4774
1276	855
608	597
30	658
8102	7931
3552	4485
5533	5980
8112	7454
9012	8644
8987	8481
5747	6504
-9	33
4316	4001
2563	1640
1096	1113
1556	672
8683	7807
7413	7660
4206	4890
2946	3128
4805	3842
4413	5241
4211	4519
10345	9833
4078	4415
3289	3373
9312	8909
8136	7877
7235	6721
6370	7186
8060	8853
80	71
2815	2086
7738	7765
2642	2400
5737	6146
7944	7560
8194	8766
379	431
4138	4295
10280	9615
5635	5762
8412	7423
3278	4136
6529	5858
8037	8329
1630	1881
8684	7720
9667	8833
1522	940
5515	5432
166	177
5115	4823
8024	7773
-691	244
5658	6450
5647	6086
1590	1084
8770	8553
3764	4003
8924	9243
5593	5472
10328	9786
4704	5088
404	1379
2362	2554
9192	9464
5437	6153
5298	4375
5506	5890
2032	2343
253	827
8163	7254
7444	8288
2769	3481
2642	2920
7067	7325
3954	3846
4571	4287
4742	5727
942	1312
8952	8827
7338	7361
2146	1412
5907	5255
3300	2705
2874	2344
6972	6025
1456	1794
8731	8107
3329	2953
3976	4349
8018	8473
3847	3738
6999	6184
1973	1128
1400	448
133	974
1019	1284
1784	2248
2340	2390
3866	4134
4343	4835
308	682
7311	7173
4082	4606
8822	8870
3446	3106
10046	9852
5486	6453
9942	9012
10691	9882
4090	3885
10489	9971
5511	5943
7388	8057
3062	3522
9124	9418
4501	5052
6910	7688
882	1591
4863	5053
6755	7598
953	505
1661	1354
9551	9836
6307	7240
3001	2527
9475	9627
9563	8995
3820	3771
4192	3902
6262	5593
8346	8352
5158	6121
8280	9219
7953	8331
1800	874
9511	8782
9214	9729
1954	1039
8832	9555
7768	8337
6716	5754
3733	3634
3936	3533
8935	8151
141	1048
3853	3456
4368	3442
5096	5437
5460	6343
9850	9636
1814	2399
423	1298
590	1255
4554	4395
345	615
5311	5593
7272	7047
3397	3820
5952	6631
-256	716
4290	4769
2638	3429
3017	2802
7365	7223
5192	5336
3444	2712
633	1626
6442	6212
6302	6345
6701	6392
10672	9690
2469	2383
7114	7562
-440	18
607	876
5569	4574
6959	7607
5965	6559
10349	9570
9807	9552
6251	6990
5307	5342
7175	6271
4164	4198
4451	4864
2181	2278
8582	8924
3476	3992
6221	7214
2820	3381
2045	1093
2486	2789
9004	8659
8333	9106
9486	9479
5655	5837
7448	7271
8678	7786
4769	5436
8158	8861
9411	8923
400	1203
2342	2150
1397	684
4968	5554
6151	6507
5016	4722
5722	5344
4793	4994
7783	7960
6605	5810
4074	3644
2107	1327
9085	9325
5651	6116
7449	7060
1639	2027
5115	5589
5781	6159
3304	2594
3137	3039
9115	8357
3797	4747
6583	7492
7653	7204
3632	3269
9157	9247
5072	5149
868	1045
3845	3686
5457	5362
5641	4903
7551	8062
3485	4267
2972	3114
5433	5931
1948	2311
7024	6616
6147	7042
5450	5854
9677	9557
10116	9962
2845	2385
2508	2080
1403	2287
7588	6942
6408	5566
2013	1387
7689	8686
4996	4199
4696	5216
1530	654
7387	7120
3151	3639
1865	1375
1393	1111
9035	8613
2787	2439
8754	8886
7653	7131
2057	2987
1426	1523
2526	2267
4834	4884
1345	1265
8932	9102
