500	1238881
6003	6602
5435	6339
7831	6968
2747	1832
1433	1298
4249	3628
3300	3755
7611	7155
8159	7281
9606	9259
1119	209
4697	3981
1787	1182
5321	4426
7377	7567
5312	5794
697	1214
6148	6617
7795	8349
5797	4801
9362	9584
8310	7621
1452	1327
1105	1500
9115	9359
1224	307
4307	5022
5190	5637
1305	2245
3614	2804
2820	3225
-233	331
7379	7081
6102	5322
1219	1747
8460	7779
2002	1253
3654	3725
3452	2878
3475	3889
7880	8686
5211	4506
3974	4834
2690	2613
617	203
3667	3242
935	365
4659	4216
7758	6871
9194	9226
2717	2362
9969	9004
1185	1459
8231	8897
4087	4303
3261	2923
4112	3333
2210	3046
2931	3922
4719	5244
3613	3778
-605	255
4230	4761
2568	1587
6873	6711
3375	2952
-175	520
6368	5391
7023	7386
1705	2666
10715	9776
7838	7380
5497	5721
8618	7626
9007	8788
6033	6470
3781	4058
6523	6707
6838	7547
6055	6800
910	1808
5711	6033
5183	4410
7804	7010
7439	8414
5727	6188
8532	7967
3038	4001
1320	344
2514	2385
7050	7198
2301	1696
1682	1930
6898	6424
9972	9398
288	85
1146	2031
9322	9884
4135	3892
4242	4587
9396	9272
10137	9549
1240	693
10015	9981
889	1526
6593	6519
7134	7570
3180	2682
9775	9319
5041	5327
2146	1385
6685	6272
3738	4232
5679	6206
5895	5752
3152	3131
4299	4270
4925	4965
2523	2580
1805	2350
7175	7309
1760	1884
2997	3433
478	729
5429	6375
8575	7818
3257	4170
6924	7525
3676	2948
2573	2875
6581	7226
568	74
1776	1388
2126	2809
6490	6334
1767	775
3682	4025
5679	4872
4526	3576
3859	2911
4085	4359
3587	4060
1751	1169
6043	6929
2467	1665
9056	9167
2751	2160
931	386
7174	6982
883	217
4694	4704
9387	9661
-116	2
9816	8889
3633	2836
6422	6230
1814	2527
1119	2074
8225	8224
-248	514
9485	8806
5445	5130
2490	1625
7172	7216
1843	1413
3739	4625
4059	4775
1321	1195
602	1521
410	1056
2165	1882
7660	7902
4898	3925
6656	7158
9646	8977
3872	4740
4570	3703
8128	7803
2104	1736
783	285
9060	8801
2893	1967
5705	5546
1120	1055
8705	9596
8601	7774
4772	5747
3962	4940
1097	2002
4851	4523
10027	9767
8284	7816
10099	9131
5364	5148
4121	3339
2206	3069
3078	3045
8006	8418
8666	8195
1148	2008
7067	7935
1001	1970
8419	8160
5567	6056
4934	5357
4317	3843
8848	9840
5265	4945
9421	9979
9206	8891
9185	8228
2077	1807
6216	6993
6751	6213
5268	6049
3014	2033
59	706
230	367
3036	3615
5700	5378
7571	7001
6989	6799
9026	9933
4127	4866
5292	4538
5694	5931
6450	5715
445	388
3912	4313
6661	6950
1154	1173
1571	695
9749	9337
7395	7094
3657	3836
4812	4626
1168	746
6407	6731
10112	9518
2698	3292
5572	5352
9940	9524
4221	3311
3801	2828
7288	6512
-278	688
5844	5112
2063	2265
5503	5147
82	102
4259	4533
2797	2521
2753	2503
1679	2308
1444	847
8328	8780
474	1173
9448	9967
8359	8214
4884	4809
9418	8924
4497	5112
3604	3230
912	1186
3723	3086
678	62
8298	8718
9466	9247
2385	1833
9623	9593
3227	3505
1608	1581
3924	3026
6101	5511
2715	3398
8339	8668
1297	2167
9805	9059
3453	3859
6769	6475
3768	4234
7215	7265
4980	5470
1176	524
3883	4417
1956	2685
807	1191
4867	5301
5030	4869
7423	8159
4011	3834
7936	6938
4304	3310
4617	4099
2162	2591
6990	6816
2539	3461
6055	6127
6591	6943
2941	2583
3735	3117
1641	1984
8872	8589
2034	1227
1182	799
7704	8074
2924	2563
6205	6983
3789	3710
1746	2096
1563	1654
6291	5827
8646	9342
6382	6747
5634	4955
3418	3996
6629	7300
672	1434
9273	9615
1460	2048
7868	8397
1706	1397
7213	7835
10077	9535
6792	5812
5010	4195
5912	6892
4865	5282
7353	8327
5852	5221
8275	7709
766	408
8739	7899
10815	9952
1850	853
877	630
7849	8472
6216	6560
6202	6758
4121	4202
173	427
3406	2738
3786	4769
3051	2606
7224	6399
4537	5432
8935	9746
2812	1818
4799	4032
4448	4213
-40	120
426	485
3614	3220
6927	7600
6640	5841
4867	5250
7534	6549
6955	6288
2249	2357
3221	3468
2969	3072
9380	9213
7822	7441
10340	9517
6230	5503
9681	9061
5817	4922
56	564
8807	9293
953	822
5737	6316
4318	4104
6150	6761
3705	3237
5338	5636
633	576
1093	1954
972	580
2617	3523
3945	3570
3452	3824
1094	999
9439	8527
10407	9590
2191	2429
9398	9303
5942	5538
-39	664
1047	149
3254	4120
6648	6955
3805	3547
6311	7187
4361	4654
-206	573
5832	6086
7639	7205
6573	5844
8133	7701
9381	9901
9102	8549
7014	7930
8552	8961
3195	2736
8698	8845
8393	7596
8394	7902
1145	1059
681	1619
1690	2149
6222	6638
10130	9290
4505	4373
4995	5924
6093	6919
9019	8554
7564	7731
5945	5904
1066	1428
7773	8503
1294	1846
6815	6070
10422	9944
2099	1187
5876	5543
5636	6457
8664	7920
1664	2374
6879	7231
215	716
7445	6825
1872	2319
7677	8456
8478	7597
5959	6862
6211	6506
4827	4901
4648	4806
3397	2407
3705	2757
9537	9326
7077	6482
1516	1311
1779	2240
9809	9856
8721	9042
5286	4928
7969	7587
9764	9582
9411	9618
6756	7634
7386	7854
4708	5051
8184	7377
4486	5002
7787	8110
5287	5698
4633	4275
5662	6150
904	1901
6112	5820
8783	9037
4627	5005
420	483
905	1807
4523	3733
3511	2575
9301	8326
6000	6948
5085	4138
7784	8539
2214	2627
3089	3190
4285	3948
8964	9766
2631	1695
9223	9493
2533	2685
7872	7355
2299	1788
6840	5970
1199	1304
10789	9810
8980	8873
8043	8035
4629	5058
2291	1609
3309	3513
1396	937
4188	4136
10488	9660
9494	8991
1938	2913
5971	6354
7036	7545
2996	2131
7149	6364
4286	4763
6400	5767
6433	5634
