500	2201338
3930	4316
293	1186
5467	5989
2423	1952
4156	3743
1026	284
285	440
1193	1090
7622	7776
4813	4564
-432	121
10013	9963
60	236
6691	5801
7364	7271
4581	3997
4242	4062
7095	8046
9009	9662
2277	1875
1271	1763
5051	5499
1294	1356
2493	2011
3711	3787
-9	734
5069	5375
3919	3311
3630	3521
3643	3853
3406	2558
8346	8729
9156	9383
3415	3021
3368	3123
5387	5151
9403	9756
10253	9791
4388	3589
3320	2947
5405	4727
3085	3986
4670	4376
2956	2062
7319	6406
5000	5039
4530	3764
2430	1934
7198	6894
4260	4894
1595	2553
6911	7605
1087	693
9402	9771
8911	9196
3631	4359
5739	6397
496	374
5073	5639
766	1371
4110	4702
3526	3711
7171	6529
5086	4314
3507	3302
6993	6141
6347	5603
3806	4513
6775	7493
3317	3279
3987	3352
2412	3314
3018	2333
2544	3223
2418	2474
3244	2719
3135	3707
7928	8343
8080	8425
7084	6360
8065	8215
4746	3931
8391	8949
5902	6463
3466	2727
8557	9481
3874	3730
7590	8530
9934	9184
1040	384
9502	9049
4937	5184
3113	2236
8999	9341
3233	2535
8837	8738
4218	4552
1768	918
1489	1111
7128	6293
6244	7121
6467	6267
1416	1270
2714	3263
3895	2899
9408	8462
6800	5804
91	1054
9269	9876
8459	8699
6880	6094
5857	5862
6232	6455
7413	6849
1002	511
8735	7754
7339	7969
1420	1184
1315	1519
5810	6042
297	795
8666	9069
-27	853
715	989
1201	516
5801	5841
2526	3474
9237	9958
1341	1185
4539	3846
9951	9002
5645	5677
8181	8323
3398	2559
7256	7657
6763	6962
8484	9456
7059	7753
5892	6152
7052	7387
5005	4780
5584	5980
568	1280
700	886
5528	5447
309	510
8217	9033
8475	7770
8724	9397
10303	9900
5140	5281
7942	8208
2201	2891
5435	5043
832	1053
9243	8412
7749	8359
7778	6790
7354	6681
4283	4806
5422	5109
8418	9279
8252	7853
4799	4200
2826	3729
7013	7006
7874	7311
3295	3744
4012	3876
2225	1946
-22	270
3091	3465
353	1101
3748	4617
4700	4280
2997	2611
329	1089
10171	9880
719	1642
9261	8893
3777	4529
1568	730
3637	3814
7432	8392
2002	2314
1255	1674
3535	3399
1059	1210
4567	5391
4003	4983
8895	7952
5799	5409
2824	2186
-139	684
2645	2071
5145	5548
1453	1826
5779	4790
3985	3453
1500	2384
5278	6223
5671	4700
8453	9194
6757	6823
-54	791
6697	6957
1816	2101
122	485
6875	6709
594	817
6810	7095
1999	1729
4862	5345
7411	7263
6696	6052
6891	7267
-628	55
4844	4598
7349	6931
7255	6536
10418	9576
1840	2814
5209	4913
9285	8666
1298	817
7661	6751
1676	2199
4076	3183
1144	1349
6146	5396
2808	2795
2224	2377
7305	7333
8061	8448
4726	4745
4358	4688
2030	1179
7789	8700
7514	7151
3380	4063
3010	3199
2625	2230
6406	5643
5634	5644
8598	8561
7448	7095
523	53
1290	555
2798	2797
4892	4352
4374	3985
4726	4565
9505	9243
7348	7605
1294	629
6241	7064
9122	8831
1400	1928
7978	7409
8785	7817
5222	4961
3688	3676
-37	734
5983	5102
4036	3233
7991	7424
533	1195
4520	5084
1290	1604
2764	3182
302	707
9297	8762
1929	2242
1010	362
4139	4611
6189	5619
6438	5793
813	937
8913	9877
3219	2760
7728	8195
3416	3029
4337	4875
5654	6178
4214	3504
621	1413
1480	2308
-355	98
7025	7215
5022	4199
508	1341
8231	7748
7849	8167
5404	6363
1194	1074
7769	7503
5539	5657
4889	5008
1531	1347
3208	3360
6667	6897
5965	5411
1804	1297
-386	105
8325	8672
5698	6688
2608	3175
10189	9849
2328	3119
5278	5736
5921	5332
10149	9811
6290	6474
3392	4222
3286	2355
5623	5374
4838	5056
510	1159
3257	2644
1528	1215
9169	8269
8472	7679
9214	8689
4645	5488
311	89
9472	8702
6676	7166
10101	9112
10364	9681
3196	4162
10503	9970
7661	7638
6465	6671
1689	1377
6352	6410
7009	6981
3206	3197
9708	8825
8199	8537
18	43
7981	8239
7150	6748
2816	3607
5680	5394
9154	8248
4538	5323
5400	5442
2351	3241
8076	8108
7293	7778
10021	9913
6006	5547
1841	2120
1352	1346
1772	1386
2607	1984
6565	6484
468	1380
7066	7294
3916	3377
2730	2681
-419	109
4710	4363
2406	2938
383	670
6918	6986
1706	1824
5688	6395
10344	9606
7644	7302
6114	5479
7928	6968
64	719
1062	2052
2250	1472
9054	9904
5841	6831
5521	4978
10626	9713
-606	14
5330	4981
3822	3668
1295	2235
2640	3450
4254	4153
6164	5535
2591	2739
8400	7945
4547	3553
7843	7821
8849	8127
5835	5528
7239	7736
9651	8853
4987	4771
1282	533
7767	8569
9411	9258
318	613
1461	1698
6392	6161
645	748
2128	2438
3343	2355
4212	5039
1177	1014
3790	4251
162	826
4073	3397
1302	2137
4563	4896
5083	4269
7393	6869
3801	3322
2601	2584
8340	8598
8946	8603
7681	7642
3734	4388
7454	7030
1916	2875
9065	8942
1700	935
5143	5462
6745	5797
5243	5201
7085	6618
4047	3211
2524	2994
4598	3671
816	1550
-177	672
7627	7964
542	1193
6585	7365
7365	8128
3036	2617
4616	3715
10066	9540
920	586
10261	9477
8175	8731
2546	1607
2234	2284
7776	8472
2252	2881
1827	925
6763	6525
3636	4569
4873	3942
7710	8643
9132	8523
4724	5489
7891	7513
7212	7764
7305	6715
7383	6588
5229	6037
3407	3737
8703	9145
2704	3329
4184	4933
9088	8281
9339	9492
2309	1878
1003	1133
858	1853
5174	4482
9235	8243
4429	5073
1934	2796
6330	5949
9271	9936
8247	7576
3079	3009
7919	8584
1963	1449
7669	6942
756	1325
9481	8929
5629	6218
5845	6425
2323	2419
8126	8115
9789	9251
8414	9370
8347	7679
8744	7780
711	6
4002	3990
4351	4779
5280	5703
2083	2441
3070	2307
6013	5428
10313	9670
-557	351
2186	2419
3234	3351
9733	9781
