500	1918368
3859	4596
1577	2204
8976	9926
7202	6287
6696	6956
5511	5228
8226	8587
7775	7912
330	1323
5078	5123
765	1285
6527	5921
2650	2953
3366	3338
6710	6941
6797	5910
2146	3035
221	263
8063	8516
6050	5229
3097	3643
4686	5107
3465	3449
7566	7797
9296	9378
1388	1727
10750	9753
6326	6270
10006	9049
3427	4087
8075	7081
-656	230
7950	8108
9400	9427
9398	9745
5535	4798
2365	1463
8228	8319
8388	9274
6034	6033
4496	5387
6154	5665
3745	4461
1055	548
3876	4244
2525	2202
762	981
8230	7792
6195	5627
8784	8415
5139	4577
4498	5109
6596	5819
4095	3653
2929	2246
7077	6447
2904	3795
8728	9123
-583	397
8105	8115
6675	7008
9654	8668
5260	5451
9855	9780
2277	2733
3106	2799
5014	4109
6976	6051
8387	7686
8652	7723
4906	5739
4798	3915
6666	6279
516	491
5365	5410
-214	371
1661	1625
479	405
7383	8201
4435	4504
5030	4729
8428	8241
1202	1561
2063	1467
6884	6697
1314	1881
4150	3357
5657	4671
5342	5183
4956	5366
7203	6469
2101	3009
1889	1126
2197	1521
5674	6300
6988	6610
6230	6030
9509	8920
1228	1844
9078	9540
9993	9575
7607	7326
8208	7214
5016	5270
3494	3508
10314	9340
8773	9075
3971	4421
4107	4816
2694	2229
857	1021
4894	4846
7154	6391
224	992
32	502
2551	3125
1751	1951
6226	5711
9127	8797
3918	4264
5272	4319
5728	4984
5760	5006
7116	6297
3925	4401
7706	7287
3197	3715
7926	8822
7764	8600
4791	4691
2215	3049
5878	5529
1558	969
5983	6867
5404	4923
1716	1125
2895	3789
5131	5338
9201	8216
4581	4967
2468	2864
3964	4388
7648	7089
2074	3035
4802	5726
7266	7494
4617	4597
7392	6477
7306	6965
3623	4386
7686	7177
3795	3831
2137	1618
5295	6112
9935	9859
8520	8800
9868	9683
9421	9299
2432	2748
1339	1516
9122	9115
10660	9951
1455	2030
5971	5627
5132	6121
3880	3584
2640	1875
1457	615
5363	5639
6524	6029
7981	7803
9054	8218
5233	4367
3777	3313
2379	2553
3659	4642
3426	3836
944	1729
1724	1018
8052	7563
568	72
6084	6788
1664	1264
8041	8141
-354	479
2029	2398
5314	5349
7535	8470
-33	835
6621	5884
2836	2961
7552	7758
2305	1469
5201	5365
5822	5897
3294	2328
889	424
3303	4265
8976	9220
5637	4941
3615	2926
3955	4331
807	657
7533	7044
7563	7286
474	1230
6493	6156
4368	3394
932	1176
9236	9165
8879	8036
9201	9392
3966	3311
2731	2850
9555	8766
3973	4932
2093	1481
2156	2669
3828	4766
9381	9980
5902	5343
5848	5000
2290	2899
897	1825
3489	3502
2033	1146
4721	5185
2546	2700
1093	546
4391	3730
9350	9691
4226	3705
3998	4275
6402	6012
8130	8789
3275	3794
9694	9903
8483	8332
3044	3538
3615	3226
7218	7496
1311	1280
6942	7613
3036	3880
2838	2231
3092	3820
3495	2621
6041	5796
5758	6601
9025	8638
6282	6853
2328	2223
7128	7576
2370	2259
7544	7061
761	855
1692	2560
9110	9940
3281	2464
4726	4681
7277	7779
8718	9320
8840	8727
3971	3646
9260	9626
6543	7067
1353	1066
5928	5937
5387	6194
6709	6105
3989	3679
6454	6866
5600	5445
2020	2761
3767	3328
5411	5307
1916	2292
7874	7857
6593	6092
5412	6345
7252	6490
5452	4899
5237	5404
3496	2548
9031	9029
7613	7555
8085	8315
759	1649
3337	3929
978	724
7582	8202
7853	8361
2927	3359
1960	1512
-370	424
7782	7871
90	323
5192	4467
10319	9955
3657	3676
5302	4722
4780	4394
7395	8354
5131	5851
6376	6804
9892	9537
8202	8955
1161	1850
7529	6818
8354	8115
1256	273
3746	4153
5075	5105
2730	2673
4035	4689
801	393
3715	3930
4783	5150
7179	7181
250	916
3728	3926
1922	1692
7944	7404
7117	7897
8967	9606
8690	7814
4016	4699
1274	473
3433	3290
541	1213
6448	5845
-784	92
2982	2743
5681	4760
1617	2592
125	258
8130	8830
8036	8453
1190	1843
3604	3158
8681	8711
8437	7678
4790	5642
9844	9563
7771	7646
10452	9612
9432	8731
6439	5967
5019	4943
8633	7748
8460	9104
6038	6755
2864	2659
6369	6870
7284	7907
2267	2300
6677	7350
3070	2729
471	830
4099	4625
5004	5769
4519	4669
3573	3939
8909	8677
3839	4065
9287	9120
6357	7133
4594	3805
3809	3785
1332	643
3698	3405
1116	1012
4713	5623
5900	6449
8806	8735
1133	1280
2607	1661
8656	8058
3019	2935
831	833
5164	5862
6512	6520
8203	8529
8800	9137
4479	3702
7164	6708
6142	5425
6961	6915
8523	7810
7394	7500
917	788
-451	103
236	1078
3410	4399
1827	1246
7821	7364
8767	7886
2569	2804
1496	558
1040	1431
7207	8071
913	420
2541	2208
3910	4542
6440	7049
8451	9265
3888	3523
2939	2988
4263	3879
1791	1317
8647	8969
5138	4934
9649	8914
6793	5972
10430	9677
3531	2786
8447	8244
691	1241
6024	6891
7759	6821
6314	6879
4231	4479
2268	1804
8386	7706
1576	1204
6679	7157
3493	4053
10045	9729
6877	6178
696	1492
8730	9455
5352	6304
8377	7482
3871	4501
6702	6031
4922	4663
250	110
5277	6014
3676	2959
-542	298
9896	9092
7531	7037
2011	2247
4939	5165
8473	8818
6604	6982
1568	933
8437	8673
3705	3533
6403	5490
6700	7198
5481	5176
5832	5645
5525	5571
478	1260
5170	5469
5529	6025
1820	2551
9984	9271
2485	3047
101	723
9717	9063
6749	6016
3672	2773
6520	7260
1271	1815
5106	4766
1524	1764
5216	4531
8857	8069
6442	5906
8125	8844
6435	6043
7216	6553
10058	9109
6933	6104
8846	8682
7886	7838
8861	9252
6460	6950
5338	5224
308	969
8540	8458
9793	9455
9643	9122
5507	5129
382	1060
10114	9662
1282	1718
1294	1470
5440	4869
7556	7008
8934	9090
4291	4599
2706	1808
1234	1205
2539	3016
10547	9724
4136	3960
7596	7164
