500	629794
1211	1077
4451	3513
70	951
6190	6319
5382	5985
8623	7729
2593	1973
864	1367
272	1120
5200	5266
5058	5018
8511	8967
4672	4175
10549	9763
7697	7249
4579	4904
8351	8585
1503	617
9173	8888
5334	5112
1523	1685
6478	7471
4649	4814
7790	8507
113	990
4577	5220
8350	9166
5948	5257
6053	6036
2115	1480
1850	2468
4715	4313
1430	1151
9032	9643
4320	4567
7215	7614
4381	3946
2369	2612
389	273
1656	1043
6854	7594
6435	6325
7730	6799
2989	2804
2232	2951
9591	8823
7503	7018
5045	5526
934	768
7947	7263
10148	9922
5155	4289
2914	2664
9265	8978
92	721
6216	6903
9563	8986
561	1426
6739	7512
1135	1323
4358	4863
4167	4936
5442	5983
9205	9105
4993	5628
5688	4788
8020	7594
1377	2121
5127	5031
10295	9546
3620	3822
3871	4065
9570	8730
4183	4944
1686	2422
10042	9407
2102	2762
8315	8221
5125	4802
4329	4550
4378	3691
9316	8682
916	1116
3389	4245
7392	8252
7319	8248
8956	9293
3901	4880
6031	6858
893	615
1459	2440
3467	2916
1200	714
3514	3001
5360	4812
8500	8648
3565	3238
2192	2489
4567	4483
2934	3202
3674	3227
4324	4806
5501	6465
7215	6894
3070	2212
2604	2602
1100	233
8852	8908
10262	9356
2330	2813
9915	9457
5416	5372
4350	5140
10370	9750
3950	3649
2229	2355
1263	752
6313	5747
5892	5902
6001	6890
3692	2851
9197	9116
3437	4063
4445	4029
6474	6283
-622	288
3661	4652
278	1137
6460	6223
6634	5765
2362	2893
4092	3098
8177	7983
2798	3564
-10	539
8737	8349
7110	6296
2532	2824
8041	8191
-48	128
6161	6396
3314	2917
8181	8778
3892	3542
4299	3995
7460	7574
3446	3776
5992	6883
1663	2219
8102	8346
7295	7251
3395	2499
3534	3214
7009	6607
8610	8526
2148	2229
10348	9853
1948	2320
2761	1902
5579	6333
2422	1518
9778	9135
297	929
6253	6107
2618	2815
1672	2257
3603	3850
6375	6314
-5	76
4418	4819
6403	6006
9082	9874
4087	4896
7338	7191
4926	4405
6316	5396
7310	7429
7273	7566
2275	3252
7272	7856
291	829
8511	8835
8068	7570
8737	8093
1033	772
2726	2598
2482	2661
5893	5339
6895	7367
7825	7056
2206	2404
3226	4044
10646	9686
1180	893
8084	7986
7870	8058
1806	1564
9974	9843
5677	4744
3643	3130
6275	7197
7852	8644
6587	7254
3384	3765
9387	9216
7008	6391
5409	5976
6814	7803
8441	8396
680	1301
502	146
4253	5194
2636	2602
7889	7194
8996	9323
9080	9211
4311	5106
8438	9080
1088	893
6086	6980
7089	6369
7772	8078
-614	156
609	708
6284	7278
1705	1283
7543	7717
5152	5484
4243	4216
1254	366
2983	2056
2919	2760
5677	6487
6249	5872
7589	7388
6592	7486
9838	8925
8881	8803
5007	4147
757	335
8484	7869
6134	5199
478	797
8969	8607
6385	6063
369	1253
614	1252
2367	1631
9407	8555
760	1468
3360	3057
3380	2401
7773	7220
7776	7412
4160	3416
3071	2789
6701	5715
9434	9573
4199	5022
4308	4226
4330	3502
5658	5554
2727	2193
4941	5195
7050	7389
2484	3041
2759	1967
2609	2425
8535	9348
313	551
976	286
1397	399
5000	4031
5616	5214
4938	4501
2192	2839
1010	1268
2623	1812
8283	8279
7578	6912
2970	3668
6745	6112
7984	8097
1615	1172
6502	7429
7272	6560
4074	4118
-788	66
3558	3281
9034	9903
809	1070
4174	4839
7133	7485
7614	8501
4066	3656
8103	7782
960	1716
8471	9309
1317	1486
9872	9960
4424	4907
3001	2979
9871	9829
3630	3523
8746	8323
3983	3593
1947	2517
7431	8080
5012	5081
8202	8468
7943	8344
1820	2411
1915	2846
8608	8927
4787	4903
10403	9596
5330	5405
5767	5184
1674	1970
687	1045
8117	8482
2736	2387
2885	3068
-446	55
9271	9751
9032	9588
6823	7475
6879	7209
5554	6421
8028	7355
5320	5020
7258	7484
2245	2228
4260	4712
8479	7725
6749	7193
7675	6745
9070	9908
3711	2750
514	664
4086	4836
9309	9649
4808	4953
5705	5334
9381	9343
8409	9048
8574	8693
7409	7490
7805	8253
7149	7822
4673	4309
4938	4887
7441	7297
6613	7217
6690	7460
4895	5249
731	835
8095	7309
8098	8106
3959	3512
4294	4385
8239	8163
7147	8145
-254	350
-274	557
8590	8726
10498	9536
2453	2270
8298	7462
9501	9582
251	70
9822	9920
6659	6080
2578	3043
8479	8926
8294	7985
4962	5465
7348	6388
4590	4503
6416	6359
1693	1259
6420	6276
944	1400
189	330
1645	735
-65	133
145	1094
8583	8060
10085	9985
3969	4061
7052	7656
2691	2220
853	896
9830	9434
7189	8047
7112	6809
3661	3579
6427	6451
8111	7981
-96	190
2716	3043
5357	5871
4007	3079
425	364
4455	5032
2009	1972
8364	9174
3930	4863
8444	9150
2014	1819
6064	6439
1869	2853
8715	8062
740	1347
9674	8787
6641	7462
4893	4563
5660	5021
7644	7262
346	703
6184	6160
8014	7683
2761	3217
1471	1754
4115	3193
3249	2267
5371	4902
5962	6001
7823	7126
971	1709
1755	1587
6295	6796
3316	2502
-746	141
3745	3552
1820	1111
6364	6221
2183	1396
4541	4042
1092	859
9547	9424
2541	3218
1516	948
2710	3639
6318	5620
6893	6688
1702	869
6779	6059
1201	1651
2740	2188
6394	6098
6932	7616
8452	8443
3941	4459
5178	4863
5354	6070
5079	4794
5701	4962
1159	1208
-9	165
6854	6652
1256	386
2480	3038
9984	9946
8126	8995
2684	2593
990	1783
2985	3762
5141	5571
8492	9060
10017	9889
1103	1071
151	768
7748	6774
3977	3689
4845	5155
7031	6493
1091	563
8193	8335
1250	570
5505	5345
5251	5126
9959	9722
3994	3703
9571	9811
1127	2078
8389	7891
7093	7084
1091	1884
3908	3338
2988	3498
1603	2263
559	383
5586	5871
5475	6037
9129	8750
6827	5954
7532	8507
8321	9114
3945	3671
