500	1263307
6925	7062
2820	3577
322	161
7862	7568
6662	6295
5143	5935
1414	550
8687	9467
456	1129
908	782
6215	6159
2897	2467
521	474
1105	1456
7517	8446
10212	9355
1220	1290
6904	6104
4763	4094
8835	9097
7421	7040
7888	6949
5014	5248
7889	8163
9742	9448
6812	6207
8024	8353
5566	5390
3564	3721
9345	9829
9450	9269
-67	377
7944	8466
8268	8359
7307	6502
6190	5651
1490	1541
7268	7482
2712	1718
6031	5867
2715	3643
4118	3124
257	746
3342	3525
6060	5357
9311	9336
4302	5240
8590	7887
8490	8895
3011	2616
6020	6404
6231	5289
3688	3568
1720	1084
7417	7469
9265	9155
8299	9023
8578	9459
7123	7142
3139	3291
2664	2688
10751	9826
2104	1394
7269	7983
-95	309
5746	5684
5538	5215
7140	7359
6238	6446
7685	6772
2668	1744
1494	1378
4389	4555
10284	9590
4048	3818
400	545
7578	8210
8088	7135
4550	4434
5982	6242
4991	5715
4085	4157
6115	5602
5461	6064
2846	2661
8067	8665
4152	5112
6889	7873
1690	877
7406	7713
2653	3046
4508	3903
1366	1330
4322	3561
6956	6155
6075	6856
4794	4432
4533	5502
9442	8879
5320	4783
7549	7103
1506	2294
3005	3489
3947	4583
-375	332
5788	5412
3567	3255
6919	7336
6598	6703
202	347
7604	7051
1558	1078
495	918
660	1514
3790	4496
4634	4038
5776	6095
746	164
9297	9201
4479	3949
4103	3393
8906	9261
4620	5025
8309	7583
3125	3845
829	936
6847	7836
2479	2376
4183	4944
2042	1253
3528	2888
3721	3740
3578	4325
9441	8566
1217	1353
5855	5760
4596	4577
4694	4095
8645	7969
8491	7680
5573	5959
1851	2707
7060	6980
875	1602
5526	5322
-376	417
3	848
4065	3543
-131	763
513	1400
1130	973
4110	3211
9187	8531
7351	7854
5866	5335
8954	8311
867	500
4972	4142
3191	2450
7579	8458
4822	4949
9478	8684
2255	3031
8110	7319
754	686
2916	2260
3048	2228
9668	9911
6241	5479
3420	3609
2566	3296
3955	4809
5588	5640
-229	331
4479	4693
5555	4916
8259	7662
1830	1788
2281	2177
7049	7189
973	527
623	871
7400	7621
9962	9864
9367	8544
-546	264
8167	8096
9072	8339
41	374
4592	4528
4250	3808
1526	1058
9237	9394
9081	8513
7353	8302
609	783
2152	1500
8405	7934
9581	8786
8900	8572
7806	7621
939	1873
6172	6611
2138	2155
1263	1583
2438	2050
6231	6125
7728	6859
3026	2304
3044	3440
2997	3776
10059	9433
2592	2228
7111	7100
536	1515
5179	4694
6773	7209
8373	7555
3835	3128
512	804
6593	6390
-35	100
8972	8664
703	737
4559	5033
1732	1573
1457	1102
7115	6788
3960	4723
281	694
8998	8613
8894	8075
8932	8305
6422	5992
1834	1689
1571	2494
8647	8704
3662	3297
1285	2254
5323	4686
520	912
7811	8799
10903	9967
1733	1694
1913	2176
9767	9981
3179	4126
2740	2960
338	36
7287	6565
8506	8450
9953	9802
8450	8002
478	872
10741	9834
-10	246
4913	4519
8946	9111
7135	7333
9087	8229
8750	9543
2017	2999
1923	2615
8449	8801
7976	7613
3435	4374
300	775
9693	9567
9765	9977
2543	1735
8029	8699
7474	6907
2742	3727
7166	6757
3508	3173
2983	3270
5515	5897
8595	9086
4166	4930
7053	7513
6838	5954
5034	4956
8637	8764
8298	8208
6956	7664
966	1254
136	978
8336	8634
1269	529
9166	8467
3812	3078
3091	2767
5206	4356
4472	3837
2788	2441
7570	8178
10070	9586
1173	1474
-609	360
9166	9793
2722	2326
3742	3441
4981	5557
3442	4359
-9	168
10028	9785
813	912
9188	8571
511	754
7799	7255
6890	6459
7334	7940
2033	1270
7723	7096
2035	1797
1827	2355
-218	637
3321	3777
58	573
4720	4982
7428	7311
-444	336
277	21
6318	6193
4461	4016
6496	6672
5192	5231
8719	9221
6394	6727
4353	4480
2093	2260
5596	5349
9104	8981
2345	1794
9736	9963
6915	6644
7871	7893
2758	1846
1273	2237
4643	5040
6898	7837
5847	5782
9379	9026
8669	9567
-229	375
6611	6979
2909	3584
1797	1882
8476	7803
9232	8469
7265	6802
1081	1389
9028	8444
8989	8959
6972	7624
6798	5988
3885	4765
5666	4878
9270	9476
6741	5893
1063	1194
2258	2483
4912	5197
4042	3693
255	743
8009	7115
9479	9978
4713	4942
8987	8089
7218	8156
96	602
4239	3875
8719	8617
4597	5507
6649	5900
4384	4293
747	622
7389	8221
4755	3843
1457	1521
412	427
4587	4833
4262	3490
8808	7880
2707	3674
9618	9993
5747	6530
2840	2344
6170	5322
9808	9589
6479	5600
4236	4665
3244	3360
4943	4743
4412	4799
8714	8139
7923	7601
5124	4684
8658	9097
5491	5371
5662	4949
10577	9748
1022	1933
9581	9328
6559	6292
5717	4827
5991	5501
674	816
3285	2377
2939	2414
4426	4524
4578	5103
5363	6227
2592	2270
9339	8700
5443	4445
8898	9355
8468	7830
3143	2635
5171	4894
5848	5130
3150	3522
8546	9211
6779	5842
5500	6247
1585	1465
5075	5158
2333	1950
8274	9056
2165	3060
8714	8212
4671	4107
7334	8048
5238	5205
7597	8149
8941	8665
1706	2522
-658	260
5621	6522
6141	6023
1544	707
1808	2594
6299	6758
4411	3600
5123	5114
6595	6272
243	515
7155	7243
4814	5017
8816	8300
5211	5249
8267	9147
9553	9149
1226	2205
1083	1858
704	1142
7503	8418
4953	4780
4359	4630
8080	7339
8350	7742
9026	9420
-1	339
6579	5873
4631	5460
931	1225
505	1136
4464	4829
6513	6129
9643	8659
7114	7964
6281	6902
6918	6239
1773	1555
2655	2763
3168	3314
8586	8855
8007	7815
6432	5746
7457	7253
7687	7860
8610	8265
1995	1551
2660	1983
2470	2831
5457	5665
2709	3145
7908	7175
677	598
3664	2954
-57	326
6747	6568
1084	1704
5173	4726
9045	8069
7932	8654
3075	3158
7333	7627
6971	6364
2931	2387
