500	627754
3378	2980
1124	1473
8362	7398
9095	8257
7472	8101
5402	5380
5138	4657
1466	1286
8827	8178
9023	9213
7639	8281
5609	5675
8748	7825
6642	6185
7655	7096
2912	3839
3621	3312
6434	6727
9259	9277
1627	900
1338	1708
4819	5105
-146	466
5538	5897
4147	4040
7477	7807
10300	9469
4250	3607
2546	1757
1658	1456
5995	5703
5291	5279
-40	605
5306	6075
9664	9692
10358	9961
6020	5957
-112	467
815	1454
1908	1417
8045	7824
806	516
8175	9055
7449	7288
3654	3913
3332	2367
5032	4037
4972	4981
2406	2353
6268	7225
4915	4380
9130	9795
7861	8602
2516	3111
2501	2976
8049	8252
-133	102
4596	4442
3616	2889
2822	2671
6859	6824
9329	9119
8482	9033
4939	4556
6987	7857
9016	9781
2242	1668
8192	8925
8869	9836
2837	3028
3190	2913
9973	9961
-555	45
8805	8522
2673	2483
3093	2437
6782	6228
3479	2869
9132	8358
8561	9348
2034	1907
9023	8451
5781	5056
436	195
2333	2113
781	406
3864	4500
4285	4391
4678	4768
781	181
3718	4103
8939	9259
1	524
8173	8293
3244	2254
4254	5096
4016	3120
3610	4085
9253	9976
5208	5770
3025	3852
9165	9816
5744	6540
6256	5599
4246	3469
2181	1260
8263	8395
7225	6956
5946	5348
1455	504
6189	5592
4173	4464
1395	1848
8763	9590
3184	2827
6291	6614
960	1533
451	1381
6964	6987
1888	2083
9801	9109
7936	7082
5599	6564
8387	9126
6264	5637
8794	8568
1608	1579
7066	6290
2456	1579
7708	7952
800	1237
3907	3788
7511	7345
6874	7193
9124	8499
4447	3842
5241	5320
695	1462
4896	4959
2443	2850
3334	2919
7669	8174
3909	4447
2	626
6269	6694
10416	9487
9765	9493
7239	7051
4386	4793
865	224
1636	2573
8141	7250
5048	4987
3423	2479
8680	8354
7162	6892
6808	6744
2662	2121
5625	5881
5844	6272
8431	7675
7021	6856
6288	5383
5881	6708
783	853
10242	9818
1413	996
651	1318
3979	4833
2464	2280
5997	5476
379	810
6868	6940
5931	6113
5409	5675
2093	1746
4092	4493
7741	6868
9784	8859
7112	6402
6427	6858
2341	3137
5793	5989
6711	6540
1122	953
6489	6711
1211	693
2334	1351
910	449
6277	6804
6098	6199
2217	2176
3895	3502
2628	3270
5990	5321
7952	8423
3150	2241
2315	2736
8989	8716
772	1753
610	797
9287	8800
1482	2334
5605	5473
3592	3965
7474	7961
9015	9881
10289	9909
2058	1882
2294	2094
9066	9200
2522	2084
4596	4779
3216	2372
-80	445
6105	5866
5307	5291
9705	9082
1071	1167
3591	3110
5954	5886
5114	4349
6813	7557
5936	5500
8378	7435
2625	2992
886	813
5015	4426
9690	9894
5124	5436
4278	3626
4197	4283
9033	8671
2079	2892
3269	4269
3177	4024
2793	3423
2251	2273
3399	2629
-169	417
2123	1717
8929	9402
9308	8483
4197	4471
6232	6976
7720	7769
2960	3911
5800	5869
1876	1766
4155	5122
1608	1113
2427	2541
3679	3868
1714	1867
8217	8936
8914	9264
1706	2043
9407	9532
7843	8843
7125	7956
982	260
8643	9123
4468	4127
10345	9455
6381	6455
9195	8278
6592	6424
4095	4806
8004	8334
9759	9491
5059	5307
8268	7921
4573	3770
188	577
7336	7806
550	1135
3862	4255
4670	4939
7343	7952
381	625
1572	1672
3769	4676
3256	2424
4492	4737
1731	2505
7187	8026
8630	9333
7964	7863
5540	6103
1325	2067
7521	6970
5252	4677
6774	6161
1771	2309
642	359
601	1221
3786	4539
2788	2828
8644	8082
7654	7718
8885	8143
1927	1101
4355	4394
6776	6930
4100	3754
7180	7107
5681	4900
4709	4651
8059	7749
981	1524
2690	2596
2972	2840
2009	1344
4518	4095
8746	9583
5438	6363
1073	260
7555	7904
9312	9129
1380	1500
2488	2884
10738	9957
6698	6741
5034	5195
4338	4270
5516	5300
1654	2165
7562	6703
6306	6510
8375	9285
6311	5314
7091	6520
5587	5813
165	225
1034	1960
4369	4175
2162	3033
8101	8978
4612	5090
7675	6966
3208	3593
4388	5280
4088	3107
2584	1970
9384	9132
1502	2059
9182	9605
784	17
5297	5706
2077	3062
4903	4668
5910	5212
6907	7719
-17	177
1205	1065
4527	4871
4906	5758
6981	6767
2218	2132
1797	1184
2933	2693
1354	2059
7245	8172
4941	4066
5144	5019
8578	7894
1170	715
3170	3738
4558	3646
7302	7593
6868	7407
5882	5720
8801	8965
5177	4731
4837	3925
5030	5063
5627	5508
5943	5266
6229	5548
3472	3908
8312	9161
7478	6604
6948	7609
8914	8309
-143	606
7679	8669
4102	4716
6557	7527
8832	9577
8330	7479
4062	4523
1849	2821
5450	6014
4267	3708
7437	6472
9109	8478
2198	2119
2586	1860
1291	1773
6710	7334
7772	8772
7578	6741
6006	6741
5537	6222
3575	2876
2917	2521
2932	2593
3735	3779
6967	6131
2470	2870
8151	7805
5507	4586
5871	6428
5201	6002
9649	9316
6368	6930
6357	5688
3704	4278
7787	7937
5258	5096
1166	552
1407	913
8998	9309
5243	4454
8850	8529
4075	4392
4998	5022
3407	2607
1381	1774
6442	6002
8576	8295
1214	1881
2461	2953
9354	9114
8569	9361
3667	4405
8845	8177
6595	5760
2275	2712
5865	5627
-392	239
535	276
1581	1700
9885	9414
8256	7843
6753	7266
4841	4697
1823	2823
2591	1656
1609	1243
3495	2498
3656	3632
761	20
593	863
8498	8659
218	323
8808	9211
417	509
10753	9833
1408	735
2686	1688
6250	6515
3834	3498
6889	6738
6956	7626
7993	8872
2183	2682
3200	3500
7605	8245
5334	5433
4308	3555
1915	2152
2715	2705
-438	27
9045	8934
6534	6563
1540	1464
6020	6061
8563	8767
6207	6465
3816	3481
8379	9218
7554	7839
8298	8864
3077	3431
5673	5690
1945	2754
6558	6101
2682	3205
7483	7995
9147	9591
5515	5462
4508	3987
6118	6015
150	672
1351	1848
7879	7816
5671	6667
4661	3781
4650	4441
