500	247591
8393	9155
5598	5354
3769	3860
1639	1413
8210	8486
5530	6446
5135	4758
3249	3903
7659	7104
5244	4531
7089	6820
1503	1932
6397	5668
7756	7879
2100	1981
3482	3348
9764	9713
3303	2381
3458	4315
5302	5503
9816	8870
4216	3238
3817	3327
2107	2679
3607	3048
7362	6497
4610	5184
640	791
4178	4158
5218	5729
6568	6142
2830	3626
-163	481
1922	2129
3133	2503
4669	3947
6113	5931
4310	4055
6759	7028
5112	6039
6179	6646
7121	6294
7396	7314
9852	9031
1862	2105
-90	313
7475	6539
6821	6804
2931	2648
8313	8165
8378	9268
9421	9225
5925	5647
479	807
6207	6364
9460	9101
6123	5731
1231	1189
1694	2477
798	866
1507	1330
6398	5532
1153	1468
351	1238
4371	3971
5852	5616
7704	7865
9298	8436
5064	4472
9074	8889
9777	8790
6066	6548
8820	9734
3124	3915
4437	4307
4130	3144
8687	8662
9335	9855
4155	3713
-370	596
2759	3197
7333	7273
6462	7404
6502	7277
6816	7653
1205	1765
168	506
6550	7313
9329	8752
9209	8801
4357	5063
8471	7749
4275	3322
6942	6557
1549	1398
7014	7422
9760	9716
2476	2007
9739	9458
8157	8049
2611	1800
9559	9904
1395	829
9473	8895
6545	7499
4900	5341
2430	2343
1651	2636
7234	7043
1193	1755
6519	6345
8795	9385
6963	6573
1262	2234
6306	7026
9315	9492
6839	6446
7753	7481
9040	9314
3015	3205
3022	3127
10191	9372
6991	7985
4214	3837
2141	1200
7064	6170
1671	1118
3348	2659
3188	3298
-607	72
2086	1525
6468	5500
5639	5309
1217	1596
1857	2059
1969	1434
5853	6049
2389	3358
9709	9165
1478	1764
6420	5489
6567	6963
10458	9839
1134	648
934	864
9197	9811
6942	6634
1298	357
3943	4641
6615	6565
8804	9456
5090	4588
2450	1507
5557	5888
2140	1491
3715	3738
1634	1936
9060	9936
6606	6672
8147	7614
4429	4007
9912	9922
8714	9085
8009	8934
5782	4934
2515	3128
5266	6200
6948	6244
7494	8364
3933	4729
5950	6134
8603	9536
5988	5518
2086	2547
1917	2759
6191	6076
4930	3935
477	108
9371	8979
8710	9447
3520	3595
3797	4653
3241	2994
559	204
9310	9380
4778	3915
6549	6101
10902	9934
9103	9273
5540	6511
8575	8991
1774	1499
5891	4934
9558	8647
8795	9704
4473	4177
3550	3371
8806	9444
3074	2429
3231	4073
1915	930
405	25
7096	7788
1411	1352
6001	5141
4924	5443
739	447
10489	9759
1007	1252
2301	1996
8723	9201
174	604
7102	7705
4770	5287
3106	2397
1673	997
420	49
3895	3060
-557	34
5069	4897
8313	8624
2428	2008
9100	9984
7386	7153
3021	2874
7613	8541
2167	1672
5371	4645
9177	8247
8207	8565
6553	5642
7362	6673
2367	3285
4195	3527
267	494
5310	4843
1665	1465
1337	890
360	1319
8225	9035
4469	3543
6829	6265
9332	9424
2666	3646
6753	7193
849	1017
5162	4474
3984	4876
3525	3773
3396	3779
9499	9528
6430	6087
4501	4526
9635	8793
2196	1371
298	35
7755	8106
3357	2830
9385	9912
8357	7903
1305	1388
7149	6290
3475	2960
6405	6322
1721	2271
2851	3703
563	1424
6441	5494
8753	9469
7981	8144
7993	8465
1671	2103
7464	7181
893	451
3814	4111
7397	6900
4162	3623
7292	7711
6088	7057
10344	9667
1203	484
3087	3829
2533	2213
4888	4208
9662	9960
8646	8872
3558	3233
7108	7697
8108	8611
280	209
9309	9203
4395	4571
5928	6648
4814	5760
3442	2666
5882	5735
8763	7850
468	1408
2554	1588
8640	8095
988	671
3575	2674
14	645
1273	668
4743	4869
4101	4679
8583	7983
3229	3249
8241	7883
583	1037
3610	3489
384	48
9491	9037
7374	7751
10619	9775
1614	2171
9359	9164
-143	699
2283	1567
1551	1766
4739	4945
3487	3210
8205	8397
-111	260
5168	4521
2185	3178
1347	771
6504	5698
1832	1033
589	432
1950	1998
8114	7603
-199	150
2738	3672
9510	8723
7872	7207
702	936
3277	2946
6133	5930
1411	1963
7696	7205
5785	4811
928	1070
7235	7783
6224	6660
5267	5612
10435	9871
1892	2521
-240	570
1082	792
5328	4332
3225	2959
2020	1118
4645	4600
5372	5460
3511	3848
766	758
7817	6992
1994	1870
6511	6632
4932	5691
10801	9890
7568	8160
8013	8285
8677	8602
8304	8021
3403	3426
4445	4552
3735	3234
7985	7941
7556	8417
4586	4062
3201	3150
4074	3705
1512	2178
5470	6252
8070	8931
2572	2484
4669	4902
6320	5819
5387	6197
10112	9140
8211	7522
6623	6869
9353	9194
3113	2153
4865	5653
9288	9487
3807	3618
7318	6525
10005	9879
6173	6366
5115	5268
1770	2250
5036	5969
5891	6376
5125	4612
3622	4491
9915	9206
8989	9240
5613	5223
4938	5064
7505	7605
9898	9678
-3	445
2689	3368
765	1682
5782	5483
2016	1286
10426	9822
1348	2152
1884	2123
1675	1712
5515	5248
160	675
2914	2019
6311	5879
7605	6772
4135	4336
7187	7409
1833	1707
1840	1454
9851	9565
6536	6688
527	1019
1328	807
8986	9059
2405	2637
3127	2245
7956	8039
1778	2371
4767	5168
5484	6195
4315	4435
6637	7444
1809	1661
5787	5323
8774	8889
3327	2753
1209	2088
8329	8437
10138	9645
1455	2175
4034	4617
170	165
3575	3690
1622	1767
4446	3487
2771	3499
5134	4842
2320	2468
3583	2795
9352	8671
9801	9028
3724	3611
6943	7898
1253	361
5427	5894
6035	6175
6643	6953
5508	5868
8914	7930
6617	5850
2294	1947
2180	2042
2501	2994
3133	2346
8665	8651
6499	7471
8870	8791
1535	1497
10335	9480
7656	6933
1201	743
7631	8586
8306	8503
4119	4689
4678	4790
638	552
5829	6238
3162	2580
3377	3454
826	1372
2484	2292
2565	2485
1958	2627
-423	473
8945	8541
463	182
3334	3217
4047	3330
5291	5923
4564	4502
1663	1259
7351	6504
4079	3998
10233	9432
4160	4007
1906	2258
2441	2348
