500	243494
7514	7597
8720	8042
4938	4775
2132	2059
7935	7937
499	618
9173	9531
3010	2114
1113	1037
7190	6487
5920	5359
6719	7235
5192	5015
7664	7367
6972	7350
4805	4508
5794	5895
997	1330
2452	2065
-554	95
802	740
8504	9236
4406	3707
2260	2519
5485	5130
2285	2799
8654	9271
4609	5326
7254	7564
7846	7583
3108	3668
3123	2563
8233	7342
7338	6582
3659	3633
1833	2111
435	91
1788	993
6259	5398
4416	4891
4258	5219
502	1015
-237	425
4463	5125
5441	5383
5653	5605
6666	7501
5156	4963
9305	8411
6345	6952
1335	923
9481	9118
2571	3111
7019	7513
5725	6324
9575	9035
5842	6443
2600	2382
9597	9092
7031	7559
6727	6566
9292	9876
7518	7682
7406	7964
9352	9086
-155	839
5987	6681
4515	3725
9357	9122
5094	4651
2675	3640
2771	3339
5507	6437
6883	6005
10140	9578
2199	2706
2657	3078
9374	9265
3996	3770
9408	9555
4590	4847
9741	9215
9341	9404
7194	7671
3846	4175
3134	3970
9368	8710
7448	6952
5685	5731
4037	3378
1952	2871
1454	507
9432	8663
2841	3059
2962	3351
834	1639
5912	5709
6187	6076
-761	143
3304	3637
9727	8771
5313	4835
6753	7617
9323	8977
797	1093
5970	5008
5652	4788
7064	6264
1957	1637
8923	8586
7861	8287
6880	5887
4741	3780
4731	5459
8506	8412
1122	942
2179	3053
681	1013
1253	265
1077	369
5773	5047
2506	1673
4527	3593
6567	5988
3180	3609
3812	2919
7304	7500
2519	2242
7818	7120
8433	7904
2991	3147
8263	9065
48	973
3809	3221
7005	6418
5762	5299
1989	1668
7909	7651
8246	7610
7057	6841
5320	4563
8525	9465
5620	4916
8726	9693
6351	5757
3820	3918
6773	6441
2219	1455
9083	9410
533	1355
4618	4615
9276	9996
6971	6327
2475	1541
7366	7635
4348	5153
811	844
5016	4259
8327	9026
3927	4146
7311	7898
-273	38
4238	3748
1315	808
1678	2518
1818	1688
4199	5166
10255	9765
6335	5680
2092	1779
2319	2390
2094	1863
3371	4252
5618	5343
3261	2775
7730	8059
3348	3902
8362	7715
5459	5939
3316	3510
1230	683
7489	8291
8637	9584
656	43
6531	5712
732	1281
5245	5103
4389	4037
5993	5616
2020	2631
8906	8867
5533	5415
1616	1489
3898	3121
1278	1650
8269	8587
8053	8178
7994	7235
1911	1284
9721	9376
1807	1801
7700	7799
-664	151
3374	2609
8154	7565
3938	4157
5552	4983
1724	1903
9072	9051
2652	2954
2542	1652
4914	5735
4735	4768
3343	3942
7264	6597
5144	5749
7573	6676
1476	1651
7694	8085
7945	8945
9004	8553
5318	4784
5059	5375
2133	2710
2369	1708
2185	1476
3762	3554
5564	5892
5713	6530
7552	7076
6028	5853
7752	7874
9949	9075
2568	2058
2839	2839
5902	5513
-252	454
5752	4926
7968	6982
6643	6604
8727	9650
1306	1104
5281	5288
3396	4229
3481	3179
8027	7646
1349	480
5167	4262
7417	7747
9001	9418
3953	3673
7804	8327
2180	1577
2566	2658
3852	3592
6542	6303
4096	3692
3126	2796
774	752
2780	3500
4824	4680
5821	5664
2291	3016
7529	7417
5484	5300
4021	4050
3842	4467
5197	5803
1791	1981
4579	3657
-266	425
4279	5164
3026	3716
9265	9448
1632	1335
112	1100
557	444
8335	7525
5683	5744
3318	3277
4804	4479
6310	6367
5222	6055
7077	7692
7680	6981
6713	6310
4834	4011
8598	7873
2806	2136
5366	4897
3966	2971
6600	5836
5821	5463
6133	5929
4857	4653
2378	2249
2497	2884
4715	4427
6253	7136
9142	9676
10802	9819
3403	4224
2904	3809
3554	4259
2274	2120
5855	5767
5752	5152
4820	4856
1096	1314
9136	8172
6111	6341
1670	1448
2610	1738
4384	4513
3882	4344
4852	5692
7438	6524
378	695
8315	8364
8462	8981
4205	4108
2534	1925
8830	9052
2292	2577
3661	3915
1936	2682
2998	3871
10085	9479
5697	6355
4177	4481
405	883
1969	1212
7343	6439
6947	6795
7631	6858
8305	7989
4136	3225
2554	2928
3898	3044
5301	5345
7979	8955
7036	7213
8549	8507
8292	8433
3298	3387
5177	5558
9203	9436
3604	4379
5197	5026
10614	9732
2369	3299
8722	9201
3462	3984
5528	5151
181	336
625	337
5771	4872
2843	2115
2841	3296
974	942
9661	9811
4251	3655
5003	5972
7820	7824
6464	5558
9087	9233
7410	7979
1044	1731
7143	6912
1938	1693
-542	79
3189	2889
8635	8634
1959	1032
4872	5549
5672	4963
791	1176
7806	7308
3483	3001
4053	4497
6118	5391
4133	3766
9007	8513
8457	8035
7806	8728
9179	9023
3721	4460
6550	6459
4105	3265
1537	1374
1501	2167
7567	6875
836	1304
2847	3193
2704	2017
9619	9214
8098	7769
6407	7128
4986	4826
8960	8057
8022	7593
4113	5062
2211	1693
1452	1497
5230	5362
7351	6473
6254	5557
3431	3573
348	232
6763	7516
7237	7158
5932	6007
2543	2411
1793	1207
4909	4648
2730	3492
2244	2693
27	644
5563	6424
4828	5693
877	1362
1933	2016
9154	8215
-425	130
6053	5058
6260	7047
3480	3429
4330	3493
5885	6187
5962	5778
581	314
9782	9425
3592	4173
-310	95
9347	8561
9653	8733
755	656
3061	3192
5713	5393
3117	3669
3383	3670
9113	9016
3274	3767
8592	9289
3625	3560
4361	3490
952	687
9441	9583
6363	5687
1053	1808
1707	1817
-10	520
-594	344
2076	1342
3393	3385
2941	2537
2627	2076
1345	504
1204	413
3117	2147
2198	1211
8739	7844
1680	1255
3047	3108
3721	3456
7809	7539
7567	8159
7595	7743
4908	4473
-203	590
6922	6798
7487	7615
146	1030
1508	1068
4826	4262
6235	5413
2161	1554
3879	3721
3565	3387
5940	6100
5435	4447
8420	8465
3605	4400
4032	3810
7392	7995
9576	9433
4274	3877
-78	18
8303	7868
5828	6348
7760	7002
211	305
6743	7720
4171	4067
6722	7205
3300	4299
6269	6508
7216	6959
5088	5322
9149	8835
