500	2244318
1662	2030
6814	5822
-808	66
8285	8069
6073	5460
7623	8132
8608	8115
8630	8171
8939	9165
1957	2187
1153	1297
3293	2946
6444	6503
797	1129
10784	9958
6317	5332
8964	8461
3857	3981
9031	9632
4538	4096
5944	6367
5768	6288
-470	74
530	294
9063	9585
1888	2009
9993	9689
8123	8582
8957	8249
8416	9212
7782	7889
-109	192
4273	4751
7312	7579
5948	5276
2819	2178
-285	252
2151	2476
9041	9274
6123	5914
872	1600
3081	2443
5602	5580
-640	182
7476	7085
4708	4737
6917	6639
8061	7674
2054	1804
2552	2123
2927	3277
5951	5073
6366	5468
6649	6557
2840	3020
6273	6304
9192	9448
8987	8610
5911	6122
1762	1558
4179	4535
8350	8179
3127	3925
7992	8914
4193	3807
5592	5511
4325	4392
7819	6962
8055	7187
6508	7304
9649	8692
314	1177
5841	5057
9693	9517
5353	4929
4844	4383
-18	71
6333	6988
8367	7468
9051	8779
9279	9640
7385	8356
8243	7575
353	242
2082	1539
547	1319
6997	7504
4630	4720
8218	8632
647	89
7834	8013
2456	3023
5096	6088
1687	1134
3172	2262
2080	1181
1438	552
1760	2284
7080	7557
5685	5591
328	69
6599	5677
1854	2107
2571	2835
7609	7336
1349	650
768	98
5670	6135
299	33
5735	6091
4152	3531
-22	546
9338	9511
1681	1264
1909	1705
1638	2514
6007	6466
7971	8401
1877	1291
5637	5661
6170	6862
6987	6678
6144	6333
5562	5847
5720	6432
675	1362
1170	1912
7520	6748
6801	7440
1336	1193
8272	7568
6653	7270
5268	4600
4548	5308
3224	3257
6689	7220
2877	3630
10742	9781
3687	3061
3522	2679
2956	3917
7689	8511
2556	2300
10691	9954
6117	5973
5773	5235
705	1203
-570	277
5108	4526
3528	4396
3869	2904
136	604
7599	8216
7122	6496
6536	6012
9102	9824
8898	9566
7674	8459
9706	9944
5222	4308
6449	5909
5917	5807
7479	8398
5539	5618
7030	8019
6976	7056
8638	7980
7000	7455
7344	8044
-421	174
6824	5828
3781	3038
8825	8331
9586	9962
5527	6260
59	541
3156	3810
1540	1983
9380	8782
1279	1481
7500	7613
5016	4074
3426	2548
783	842
8195	8182
3060	3701
7100	7364
1150	2105
3649	4585
6514	6672
2897	2686
5562	5716
10608	9912
1449	1406
5183	5298
8457	8197
7043	7775
877	1205
-807	149
9648	9968
10078	9412
5168	5042
550	405
5161	5174
6407	5564
1433	2185
6307	5409
1767	1097
1801	1949
6961	6717
1651	1740
7371	6507
2595	3534
1571	2539
5964	6108
5586	4716
1632	2525
5278	4999
2777	3255
791	622
8524	8368
2547	3420
3275	3409
2155	1800
9587	9721
3414	2603
9887	9780
693	30
2739	3172
10328	9699
7542	7778
3155	3854
6724	6874
9062	9583
4929	5375
744	1651
5781	5713
6694	6575
1661	2289
3837	4478
3320	3242
6544	6173
1741	2540
8099	9038
4857	5123
3944	4046
6750	5853
9278	9554
3590	3103
9033	9206
1898	2044
2030	1275
3124	2277
6792	6877
3279	2575
8444	9278
5585	4785
2215	1540
7931	8004
2567	2091
1150	2016
9596	8730
-332	387
1433	594
4568	3771
5482	4669
6301	7007
10556	9923
6293	6496
6620	6552
5332	4505
1876	1237
4109	3982
5005	5669
6815	6057
6886	7815
3789	3895
5219	5940
1062	1179
4420	4121
9176	9036
2507	3467
4176	3789
958	1676
6117	6540
9748	9354
6699	6759
9127	9388
6125	6070
8555	9078
3058	2816
6259	6551
5980	6140
8011	7343
2540	1727
1082	1322
9095	9308
3249	3155
4709	4529
3446	3380
5844	5761
4332	4815
1579	2378
9057	9611
8945	9259
5998	6926
9110	8284
4556	5135
8144	8669
4189	4444
7407	6644
8457	7508
565	553
5831	5399
8324	8196
3455	2501
4528	4214
2767	2826
1305	1518
7868	7742
3493	3828
8310	9201
179	846
3750	2885
3490	3164
1770	2613
2564	3093
3104	2109
4343	3486
2109	1430
8269	8988
2539	1988
4114	3950
3313	2496
9189	9954
9725	8946
752	1256
1343	2244
5310	5184
7312	7967
2386	2456
1755	857
3720	3404
8135	8248
2204	3176
7732	8570
2571	2664
1327	1716
7635	8074
4160	4783
1526	800
3917	4512
7978	8225
913	507
1706	1882
7794	8107
1718	1757
9450	8940
8466	8280
9206	8400
9536	9569
9201	9971
-734	230
4497	5196
5929	4953
9784	9034
600	57
141	510
665	299
3922	4392
8393	8545
8520	9221
7323	7813
1254	1812
7613	8051
7220	6603
9807	9884
5313	6202
1358	963
4033	4768
8525	7726
5150	4370
7222	7345
9407	8766
2402	2246
2315	2526
2751	2007
6612	7443
6863	6258
4273	4967
2737	2170
7330	8279
3972	4494
9324	8518
2512	2229
5026	4074
6526	7085
3515	4088
3172	3321
9339	8423
2308	2362
2075	2708
8547	9046
7544	6891
2964	2109
1942	2314
9720	9778
1951	2682
1621	1424
1432	2430
336	835
7226	6309
691	1297
8314	8699
10072	9601
3846	2886
1365	773
3498	2682
2667	2096
7378	7824
7268	7781
1741	1185
2649	3433
8034	8180
7376	7769
812	1211
3980	3463
2631	2874
8485	7915
6592	5727
1008	1397
1347	2180
418	558
8341	8338
-55	786
9476	9560
2743	2649
8259	8828
7318	7313
7367	7288
3464	3968
816	36
2276	2369
4174	4893
801	832
-273	501
1613	1935
3886	4396
3624	3893
7876	7848
5650	5245
1544	2300
979	854
5843	6678
3801	4485
9401	9599
5799	5167
9119	8586
3370	2542
4541	4169
6467	6800
5334	5601
3048	3701
8169	7578
9505	9081
4651	4975
9456	9184
3959	4923
8998	8400
8438	8204
7421	8269
4474	4040
3763	3788
649	970
8943	8806
3009	2406
5516	6159
1548	691
-26	707
2941	3804
-178	46
7043	6816
5139	6051
5418	5618
5213	6042
-655	37
3753	4327
7209	7745
9469	9404
6705	7146
7459	6557
6231	6518
468	262
8892	8926
1555	1828
4329	3458
778	1506
8360	7454
8784	8363
4111	4709
