500	625058
2069	1323
1889	1326
5007	5248
1056	575
2231	1321
8871	9055
9422	8755
1294	1159
7225	6846
4439	4206
6126	6173
6443	6967
4006	3182
149	504
3207	4034
4628	3922
6871	6274
8144	7273
7204	6359
8385	7708
8223	8111
8711	8848
138	782
3332	2354
9647	9738
4122	3214
1395	2217
1135	739
2246	2005
3433	4044
1084	1769
-158	450
6635	5915
8242	8619
1245	1921
5332	6303
9939	9439
2817	3247
8809	7859
7850	6903
3976	4862
6287	6210
6595	6648
8830	8828
8061	8191
3055	3746
2734	3540
1157	704
8941	8269
7266	8079
8083	8351
5710	6571
1403	2235
-195	713
8734	8121
727	394
3684	4083
2845	2765
4141	3551
9176	8437
-4	815
3756	4403
2835	2730
157	161
6369	7132
1668	1187
8079	8972
10180	9623
-389	278
3753	4004
3697	4302
171	437
1198	999
1365	1817
395	1144
5599	6290
8478	8787
9531	9017
2678	2151
2794	2514
-831	119
1557	1116
3897	4160
2789	3001
7427	7425
6264	5540
2374	1400
5857	6461
5155	5528
6968	6947
1821	1234
6703	7685
6684	6633
8021	7888
8332	8581
818	768
7686	6804
807	494
3114	2622
7148	8104
1490	497
7370	8124
2256	2322
-156	645
2859	1917
7372	7224
10142	9884
9035	9521
1071	665
2245	1650
279	512
961	648
791	652
1605	982
5069	4634
10151	9671
4576	5432
8832	9729
1157	1433
8653	8306
1548	669
6048	6498
2157	3140
2573	3419
10196	9778
5041	5753
-62	188
4146	3956
4180	3893
6692	6816
6562	6726
5867	6360
6069	6983
2027	2613
9081	9165
2595	1764
2410	2798
6024	6736
6488	6984
8908	8797
7824	7925
2865	3402
4361	3653
2199	1656
4819	4998
3143	2422
7792	7661
6576	6583
1415	1221
9145	9410
6989	6465
3535	2922
9146	8491
4728	4256
2565	2515
8375	8586
3291	3953
1858	1255
2309	2049
1545	1501
5005	4085
4216	5121
8108	9055
8716	9091
3453	3602
8780	9715
8364	8730
2251	2033
1579	2293
9202	9045
6671	5691
8942	7949
9227	8673
3318	3599
5266	4817
4370	4119
2314	1725
9830	9701
3787	3645
4354	3757
10465	9996
3740	3665
1506	2459
8397	8648
9026	8336
5285	5909
7232	8025
6069	6373
5085	5764
3701	3770
7012	7774
9033	8537
9066	9830
7453	6628
3115	3381
4151	3425
6997	6558
4818	4804
5938	5489
-708	118
6870	7494
1421	553
2862	2587
4267	4919
9287	9600
2005	1634
2097	2928
6978	6870
5255	4760
8426	8936
6294	6584
4358	4219
2524	2152
3147	2157
4448	5176
4186	4167
4721	4652
1478	890
5155	4348
2884	1939
1772	849
8445	7671
5985	6447
3089	2885
3558	4388
2018	2049
6148	6883
847	463
7609	7992
9542	9377
2138	1245
9433	8539
7744	7318
8500	9485
2361	1588
1397	1963
5034	4051
2059	2564
970	524
8315	8054
9072	9972
8437	8585
2765	2720
8301	8592
7336	8018
489	229
3980	4215
2391	1509
4890	4547
5032	5900
4331	5119
5442	4922
681	198
6089	6018
8354	9284
8588	8335
794	525
2704	2461
2367	2317
-361	307
4905	5371
6882	5947
6107	5654
3018	3820
5516	4799
5602	6334
4537	3932
918	1791
4249	5091
6925	7553
5468	4583
3735	3629
4948	5509
7528	8352
9852	9844
1427	863
5353	5545
7700	7503
4936	4264
8163	7750
6826	7393
2358	1684
8865	8041
8286	8157
4692	3985
3775	3857
8431	7948
481	27
6005	6277
3103	3985
9585	9739
8319	7685
2194	1657
8456	9186
9146	9213
7641	7686
4441	3722
1392	632
5684	5546
2126	1245
948	849
948	802
8763	8937
5166	4955
1847	1909
8681	7684
4153	3787
10427	9634
7076	6907
3535	4066
1208	2106
4604	5427
3232	3824
4308	3940
4436	3902
1704	1604
6039	6636
6819	6249
9785	9584
7978	7136
6311	6494
5120	5842
661	187
8869	8426
6488	6998
2720	2267
1286	595
7049	7633
7377	6454
-508	139
8552	9460
902	1456
-448	498
3802	4371
2116	1611
3378	4276
5441	6325
4597	4736
2104	1945
2599	2659
5575	5652
3993	4397
7996	8969
4141	3368
10809	9953
2892	2129
8887	7952
7659	8212
3572	3992
5482	4882
595	440
3821	3706
5417	5626
6547	5979
7941	7953
7467	6512
6172	6266
3139	2554
8559	9288
3952	3361
2970	2131
437	1357
2695	1777
5649	4882
3966	4853
8013	7722
2401	1624
8656	8409
2308	2571
693	1171
2760	2080
6176	6832
5324	4941
5862	6284
2300	1658
5310	6172
2362	1484
6832	6573
6603	6151
5383	5381
4021	3921
3190	2648
7639	7233
9945	9144
3810	4498
6254	6678
8502	7995
1560	1275
9802	9246
10120	9867
6589	7201
7428	7394
3586	2622
8066	8296
797	1771
6816	6127
9254	9482
7298	7586
2261	2533
6545	6516
7587	7043
3996	3608
2934	3054
6677	7028
9035	8791
5246	5905
6284	5636
6633	7378
8991	9967
4116	3380
2558	2053
4664	3780
4996	4632
4762	4599
8560	8095
4330	4195
6164	7012
2293	2878
6291	5387
4243	5068
3473	3151
6655	6519
6220	6974
10036	9746
2397	2273
4705	5029
8791	8984
9528	8563
686	174
6749	7131
7655	6980
10745	9756
1814	1830
621	407
9715	8891
431	1392
8410	9150
6652	7179
4784	4510
5898	5766
6546	6401
4193	3811
2031	2307
5181	5351
8070	8239
3667	3451
6714	6510
5249	5560
1507	2191
2338	1907
4792	4144
6469	5826
618	264
8242	8471
2217	2631
4288	4258
7153	7734
-195	767
2613	3146
9605	8871
6973	7654
8466	9305
1741	1879
4624	5205
7290	7181
8528	7854
3790	3113
7694	7320
3822	3034
5162	4500
6133	6378
508	1047
8693	9529
6527	6855
-291	634
-306	409
1461	750
8427	8801
-68	928
8859	9400
7719	7468
2066	2136
8089	7283
6325	6659
8457	7949
8360	8684
6995	6267
1934	1141
8888	7895
4700	4821
7002	6423
3337	3167
6964	7646
9370	9799
8874	8677
2527	3033
3322	2803
5216	5780
6764	7328
3379	3105
