500	1311467
1337	2337
7411	6623
6738	7614
6070	5869
2439	1881
1863	2715
369	928
1667	725
10024	9184
2364	1407
6490	7119
3645	2800
2403	1986
7028	7639
8563	8021
3749	4042
5559	5545
4654	4498
8505	9141
5084	4712
4703	3926
9374	9523
4171	4573
1550	796
1993	2441
2975	2066
9495	9279
6020	5758
3734	2988
4012	4006
8337	9291
7551	7717
4627	5063
3899	4345
9339	8932
4488	4281
8340	9187
3170	4061
6961	6754
4058	3866
9044	9762
1847	1457
3713	3501
6141	6655
2972	3313
3450	3848
5974	5060
3263	3791
5966	6481
7791	7029
10202	9895
1403	972
1847	1464
4758	5543
3352	2593
3467	3763
8613	8044
4992	4098
8534	8784
181	735
7344	7764
7224	7403
9040	8849
9625	9297
5003	5680
8017	7093
3401	3986
8158	7359
5700	5801
5760	6369
8142	8661
7152	7098
8598	8053
1137	951
5335	4651
1048	1636
2655	2619
5703	5237
6114	6583
6409	6797
6448	7209
731	539
5552	4657
8801	9346
6215	7150
4361	5201
8198	8549
5170	5218
5715	6197
5986	6141
-317	557
3435	3261
9365	9518
3741	4643
10170	9381
652	1065
4984	4383
4173	4135
6682	5852
6199	5848
2297	1898
1311	1514
6132	6051
9349	9752
4845	5603
4955	5798
6780	6372
6573	5686
-416	258
9328	8340
5224	4470
2429	2578
7420	7358
4803	4244
1985	2896
8704	8913
3620	3843
7186	7943
10553	9861
2009	1196
9929	9938
7633	7974
9411	8754
5262	4901
929	339
1158	1352
4626	5347
-286	12
2598	3345
8207	8617
1577	698
3274	3736
1336	659
303	785
5054	5724
2993	2334
4981	5324
4100	4673
7241	6670
2501	2143
10008	9164
7675	8167
-697	126
4386	3566
7965	8785
2893	2413
1561	2414
4093	4022
4335	4179
10844	9944
9116	9489
2077	1915
4873	5288
7251	7944
1596	2512
2341	1668
9115	9931
1943	2537
-184	716
6729	6230
4627	4635
9380	8982
7847	7494
7142	6472
6277	6864
7276	7926
2234	1396
3900	3867
3586	2778
1982	1343
8607	8247
2491	3316
4749	5547
198	937
4821	4657
2756	2115
8957	8511
8045	9042
7315	6803
8340	7676
9231	8280
7043	6370
7378	8144
2629	2709
7799	8398
2204	2562
8991	9764
1482	1173
3539	4432
8363	7925
8663	9274
1864	1082
2960	3838
-222	140
4803	5637
-76	658
6145	6120
5557	6295
3615	3614
546	1537
5206	5758
9174	8655
9856	9031
7995	7183
2392	1935
5812	5254
7182	7849
2380	1695
7291	6458
8122	8678
3039	2354
8185	8714
9071	9065
8765	9088
-16	362
158	1041
6471	7426
7446	7992
2397	2225
5778	6269
7505	6633
7549	8070
3324	4209
2535	2519
4498	4303
5118	5464
2762	3235
778	1480
1454	1888
929	1330
6911	7543
4686	4720
8478	8417
7414	7775
3630	4236
7370	7504
8840	8269
1528	1701
7258	8041
5188	5847
2427	1767
5350	5350
8018	8190
3080	3653
3729	3749
5318	5029
2801	3703
5728	6259
4545	5162
5860	5464
745	780
6664	6617
8206	8539
4159	4229
7961	8888
1630	1626
4062	4088
7986	8359
-834	157
5960	5057
2428	3344
1592	1547
1692	2537
6214	5517
4520	4542
3767	3448
3360	3946
556	721
1033	1085
7442	8120
2119	1376
3791	3329
2110	3072
4670	4092
6549	6402
4228	3484
5615	5586
2616	3144
8845	9187
7602	8524
6961	5992
4688	5401
4210	4739
2298	1477
4368	3774
8646	8498
8517	9341
6375	6965
6623	6217
1609	1992
7381	6556
8207	8716
4066	3209
9065	9319
7710	6870
9038	8827
5742	6165
5403	5502
9380	9404
3252	3077
7146	6574
3942	4678
10391	9751
347	1029
9420	9050
5893	4938
202	1199
6559	6802
1333	1863
5940	5858
-4	313
3772	4297
763	1615
4099	3731
2932	3127
-403	547
8954	8380
7798	8317
9914	9570
6771	6802
7806	8717
2544	3279
7173	8095
2685	3378
2784	2551
1606	1392
-691	271
6576	5692
8962	8189
9921	9255
1732	2581
4030	3719
7115	7729
2091	1795
7327	7733
8419	8620
7582	6686
5550	5420
8125	8330
7318	7440
8212	8031
5747	6447
6712	7223
7300	6539
3408	4265
5625	5782
5149	4650
237	509
3541	4240
3349	2379
7246	7250
409	1124
2436	2895
7992	7770
5546	5339
9176	8456
6644	6744
3691	4375
3303	3392
1086	2080
10269	9409
6261	7205
4425	3714
3738	2787
6531	6368
7243	6276
3263	2514
7015	6608
6021	6646
5966	6632
10023	9586
7384	8057
5770	6341
2080	2998
9770	9695
6898	6444
9936	9290
6218	5865
7362	7712
2736	3659
-548	168
80	400
42	37
4122	4442
1454	1383
5335	5017
9288	8864
10554	10000
8203	8208
8540	7639
3858	4426
4071	3358
4301	4081
8565	9422
4303	4225
8318	8575
5690	5718
10530	9778
5197	5980
9500	8787
796	1643
538	1034
9964	9580
2847	2061
-568	382
5495	5690
6882	6485
4790	4874
265	972
5609	5062
4360	3726
9086	8645
8382	8962
1839	1548
8324	8992
4639	5007
-120	489
6910	7492
10680	9778
3364	4207
1201	1955
1108	1318
7187	7998
2029	1709
605	485
2782	3222
7621	6757
5425	6357
7541	6639
3991	3363
3957	4590
3043	2615
-135	761
7737	7849
5064	6010
6363	7049
4019	4655
8758	9107
1073	908
8716	7974
833	288
8700	8305
9071	9412
4514	5466
9095	8917
8535	8031
3192	3549
946	1287
7236	7103
8013	7551
7491	7542
2974	3779
5904	5668
4422	4849
2928	2756
4712	4318
6692	6720
8625	9144
9946	9987
4785	4884
6053	6141
7799	8760
8954	9910
6711	6701
8781	9180
6195	6475
7509	7905
5840	5270
1663	2195
6798	6498
5808	5643
409	697
6979	6141
321	1196
6582	7153
1672	1381
4482	5344
9584	9333
5920	6537
9331	8617
3429	2988
9031	8789
3808	4400
760	816
7542	6879
3767	4248
774	832
7908	7586
1267	1136
8736	9450
7743	7563
1836	1580
3935	3673
70	863
10125	9648
2261	2276
7688	7273
6902	6231
8222	7826
4321	4618
