500	2324641
-315	523
4986	4560
6171	5454
8174	8476
8991	9364
3869	2920
530	648
6997	6506
5653	5444
8221	7695
9718	9171
1968	1872
1172	200
9026	8768
785	70
5241	5651
9088	9880
2350	2019
4126	4281
9027	8385
8129	7827
9418	9946
3989	4539
6946	5966
3024	4014
4044	3861
6291	5560
3743	4634
4457	4058
495	1370
3839	3469
1417	1070
4021	3582
4245	5033
6702	6287
7320	7857
225	1073
9548	8939
7211	6957
1914	1945
423	1268
684	507
8379	7889
4586	5290
4902	4893
8135	8776
5579	6383
9023	8061
6082	5638
-197	529
8949	9214
8376	8740
7918	8890
9446	8601
5181	5286
2720	3169
9726	9053
10023	9731
5536	5166
999	1591
4100	4383
1238	1123
3449	2916
3335	3432
5938	4980
9076	9532
8317	8696
7766	7183
9434	8653
10719	9783
8980	9031
5924	6842
2899	2977
518	1377
4613	4296
932	904
5061	6037
2448	2146
8136	7561
98	208
8625	9536
9018	9437
332	714
8883	8519
8054	8754
10438	9655
7098	7604
1799	2220
6365	5771
4139	5075
10242	9266
2100	1447
5298	4356
7872	6958
6036	5520
7564	7159
9202	9608
5308	5989
9073	9567
5708	6038
9851	9161
8570	8808
8564	8539
3004	3696
742	974
-35	727
272	1100
2347	1894
2318	2117
8357	7370
8246	8720
1073	1747
8209	7475
5039	5000
8983	8595
818	1713
2599	3081
1840	870
7815	7899
2151	2281
10044	9687
5247	5463
8590	7884
5591	6240
9870	8911
1321	341
278	841
8326	8661
5185	6174
1826	1708
8172	7402
5058	5226
6089	6643
4696	4805
3800	3365
6518	6117
10077	9148
6570	6541
1769	1639
3282	3383
4518	5445
517	882
9407	8514
7340	7303
6267	5907
8817	8511
2219	1485
-381	141
2831	2535
4621	5372
1572	1086
7237	8006
8963	9419
7671	7264
25	29
4780	4309
7613	7073
9045	8109
8198	7436
10020	9328
7961	7125
2961	3001
2066	1574
8899	9441
953	791
9937	9063
2718	2652
7881	8461
2335	1613
6469	5830
8561	9073
2961	3466
5307	4383
3603	4434
10449	9689
8028	7864
1814	1599
8649	8127
7627	6710
7186	6336
5478	5082
2810	2079
2002	2465
1933	2506
2299	2614
9106	8421
8412	7528
5092	4183
9779	9812
7283	6433
8024	8730
8695	9017
1653	1512
2127	2556
7302	7413
7917	8424
3789	4288
6681	6579
7476	7393
2537	3532
1073	123
8694	8045
-585	190
5264	5913
2890	3547
1830	2204
3211	2992
4810	5308
3928	4715
4554	5428
3955	3105
5364	4622
904	706
2295	3199
6716	6636
4213	4456
4531	5033
1333	761
1102	1079
7549	7926
4497	5369
2963	3253
1260	1350
4981	5567
9119	9126
4123	4543
5360	4846
9226	8677
3941	3068
10701	10000
4410	4956
2151	2813
7878	6955
3297	4266
2138	2949
8325	9010
8284	8672
2048	3029
3470	3525
8789	8789
6270	5941
3719	3935
8456	8847
3600	2688
523	837
7110	7968
3274	3495
4282	4835
803	705
3838	4834
6836	7643
7634	8322
9508	8808
6017	6335
3122	2649
3976	4037
5774	4805
4728	5727
6697	6933
7387	8268
3039	3805
6561	6264
3464	3368
3522	4100
6833	6550
-381	429
5580	5479
141	505
9345	9156
4827	5673
5372	4665
3565	3097
4204	4031
5785	5824
5382	6292
530	1435
7375	6679
3143	3747
4343	5147
3867	3173
10434	9482
2549	2239
1150	1408
1510	1949
6553	5934
5020	5071
6846	7329
3481	2772
5638	6045
8007	8673
8143	9038
7850	8784
4037	4156
9118	8465
4068	3080
3262	3702
8882	7943
4221	3873
7856	8684
6231	6264
10478	9794
8392	7919
1892	2204
431	1185
4845	5637
6608	6936
1737	2668
2916	3094
1861	953
8213	8830
5428	5899
8489	9298
8991	8471
6398	5894
851	1695
5314	4475
9586	9843
712	1315
9284	9435
3419	2998
695	1412
1526	2448
8895	8356
7913	7255
2533	3451
6743	6044
5657	4966
6329	5894
2000	1215
6849	6942
1062	296
238	749
5926	6513
4186	4889
2854	3618
3748	3721
-311	523
5336	5460
8125	8061
1398	889
1784	1501
3028	3563
5431	4977
9092	9903
7789	7595
6340	5452
514	964
4854	4380
1585	967
9708	9774
10702	9858
1694	2316
5139	6013
5032	5609
3040	3193
7979	8287
6981	6133
1268	1160
8069	7657
3901	3652
710	609
10063	9493
877	1655
5370	5399
6014	5844
5311	6260
4590	5017
9164	8784
2092	2702
5051	4158
6683	7240
7663	6940
3743	4294
8134	7186
8051	8216
3375	3553
6335	6292
7692	6748
2412	3268
3731	3270
4197	3670
7551	7515
7751	8103
8926	8771
6968	7041
9034	9403
4713	5373
-627	357
8036	7144
4676	4319
5599	4730
553	534
7898	7267
5203	5318
1716	2131
3147	2349
7329	8115
6757	7189
9823	8865
8982	9726
5718	5240
9204	9242
2769	1821
3295	2981
10492	9843
6596	7026
2079	1522
1731	1945
1804	1192
5994	5674
1574	2201
5138	5473
249	590
6392	5588
5635	4972
3976	4415
7798	7144
3840	3526
9461	9605
1076	631
7163	6509
-249	371
880	1567
3277	3169
2473	2280
2261	2431
8822	9569
7007	7499
7351	6915
7904	8667
7535	7455
4397	4801
2766	3089
5958	6266
4134	3888
1534	2140
412	904
4597	4777
472	1176
8385	7931
5555	5844
1401	639
454	967
5504	4625
4216	3927
2850	2471
3346	2724
3141	2330
7895	8302
7693	8506
1838	1843
9033	8937
4922	5859
4655	4271
-87	714
2748	3193
9743	8913
9197	8320
8262	8320
3355	4111
2519	2587
10286	9978
5863	6557
978	1122
8231	7254
3844	3398
8660	9328
4729	4545
2212	2399
8681	8571
8129	7367
8946	9669
1285	1947
1773	2509
3606	3636
8084	8864
5744	5905
7342	7883
7855	7500
7422	7318
1048	1335
6213	6553
9849	9401
2996	2199
2736	2616
2243	1262
5517	5237
2794	2613
1742	1622
8055	7448
7754	8093
7177	7830
8566	7856
3162	2809
544	1068
2565	2812
3907	3544
5710	5768
4131	3166
1873	1094
