500	253892
2174	1686
5617	6075
1319	1974
5392	5174
691	266
7798	8372
6520	5909
5290	4371
827	742
-3	411
8180	8593
1788	1909
539	1194
9091	8387
8525	8841
8826	9302
6901	6527
2920	3422
1667	1722
7056	7719
4166	4725
6749	7118
8894	8407
7051	6905
7592	6927
956	87
3250	2256
9550	8751
6829	6342
4038	3858
6683	6526
2110	2059
9013	8535
7510	7904
7752	6779
1800	1299
3831	4417
8661	8488
6646	6256
4855	4675
8818	9059
2069	1405
2261	3108
7913	7466
10317	9996
501	982
872	833
6290	5925
5699	4872
2975	2327
6426	5803
9074	9505
9382	8392
5391	5745
9504	9735
4324	4181
2115	1532
2447	2810
1365	2092
-123	440
8368	7949
4739	4959
695	813
3535	4500
4536	4712
-98	38
7342	6802
9980	9788
4767	3885
6811	6193
8378	8655
8300	8764
9234	8662
7631	7528
7517	8200
4690	5543
1943	2092
4832	4930
8515	7736
1089	1292
3287	2607
2774	2016
8024	7223
7763	7305
4534	3687
770	1079
3766	2926
5815	5230
7874	7767
6008	5043
3011	3428
2632	2115
7831	7437
5297	4774
8240	9176
5807	6675
3436	3747
4213	3894
7393	6845
661	1132
6607	7399
4897	5575
8206	8404
7430	8262
6567	6265
2826	2136
-160	240
4236	5210
4978	3997
2427	1904
1977	2400
7154	7658
8170	7269
5282	6171
5753	5453
1197	996
9080	9512
10439	9526
2863	3726
1424	436
7012	7442
5064	6033
9765	9525
4932	4412
6890	7576
4020	3046
4947	4894
8337	8825
4951	4958
2386	2626
3268	2297
5122	5964
3734	2895
2044	2426
5838	5979
3731	2961
1775	1784
463	156
6151	6586
693	1182
459	882
7613	6840
8296	7633
3876	4288
923	659
9656	9351
3902	3238
3300	3818
2747	3506
6289	5455
4869	5456
5844	5607
4519	3759
4593	4899
-593	329
7769	7209
5704	6658
2626	3337
10686	9712
2953	3232
7174	7241
2210	2381
-203	600
5122	5666
8912	8793
5539	6293
5137	5887
8483	7839
3748	4013
2384	2693
6068	5169
9079	8255
1242	301
1830	2468
968	1918
9947	9438
1803	986
9628	8693
4077	4369
8553	8394
1867	1830
4476	3761
9887	9290
4014	3714
3739	4335
848	347
2610	2659
7990	7681
2393	2895
5836	5674
8661	8551
3912	3026
2350	3282
-823	177
8348	8780
6769	7162
9880	9608
4924	4677
8260	8872
5460	4903
1395	1148
4569	5413
6996	6553
9913	9468
6084	5945
6807	6962
5942	6604
5970	6735
670	761
776	238
2230	1832
7291	6501
1552	1025
3935	3040
6859	5919
9871	9455
9759	9542
2667	3575
704	664
1850	1892
4738	4534
3942	3806
1083	1545
7029	7374
4412	3802
9181	8197
1410	1363
5514	6129
8743	8577
8480	8635
2901	3462
969	616
4848	5660
5122	5449
7921	7231
4749	5634
9334	8897
9045	9254
6308	6331
4932	5450
7938	6942
7771	8469
6993	7398
6367	7043
792	117
10453	9525
-744	118
8411	9284
4412	4330
5713	4803
4210	4776
5050	6028
6857	6226
2723	3169
4580	4612
9591	9040
5825	4967
5923	6209
8706	8457
964	1041
4842	5279
5600	4854
6192	7057
4260	3876
1601	1573
4995	5649
2492	1817
1764	2723
4198	3309
6220	6950
6551	7212
5353	5825
5232	6201
7252	7245
4919	5283
5844	5933
1338	1554
8269	8661
1160	1274
9839	9995
4560	3918
4629	5545
3290	3672
6810	6480
938	510
6676	7604
2548	2122
1923	2603
6306	5460
5774	5682
1449	837
-254	358
8767	8751
375	1000
8250	7906
8395	9222
9458	9341
270	260
5476	5738
5941	6344
5818	6521
6312	6672
3999	3726
7499	6964
5117	5474
8290	8982
948	611
9410	8699
3757	4709
1701	2089
4057	3396
522	788
5530	5133
1968	2100
3931	4138
9476	9820
4583	5093
9468	9300
1731	2118
1647	706
648	1611
-177	252
5677	5377
3369	4286
1076	1352
9147	9050
5927	6740
4704	3834
2871	3588
8168	9093
3342	3431
4256	4735
1140	1756
4563	3692
9099	9352
8127	7815
6203	6787
5401	5887
5593	6071
9020	8600
4601	5601
7859	8520
-106	190
1339	564
7997	7342
7625	7854
4859	4921
5321	5647
6014	5677
7278	6900
151	87
5269	5045
5764	5483
2644	1741
-152	158
6084	5327
-111	693
4332	4451
5619	5255
958	1011
7588	7374
9013	9721
872	507
8502	8969
275	1057
760	266
3594	3285
838	721
2052	2593
2773	3024
5204	5504
4056	4861
1560	1251
3287	3431
467	676
854	1806
2885	2361
6912	6695
2258	3244
1053	1754
3604	4235
9018	8148
3547	3681
8614	8990
7043	7680
1909	1728
2652	3066
5398	5731
2761	2250
3801	3526
6635	6306
3694	3678
2931	3208
4037	4236
8079	8740
3427	3455
1312	712
2939	3197
-346	469
9219	9721
7349	6903
3354	4035
5150	4387
6975	6989
1494	1630
9550	8617
1840	2196
10057	9304
5907	5370
3664	4557
1594	2232
3376	3435
5594	5965
-178	38
4278	5169
6355	7285
4579	3910
7687	8392
8166	7436
8051	7636
7847	8597
9845	9703
4902	4898
8515	8898
9700	8896
853	728
3329	4169
-95	421
6953	7144
8582	9271
2826	2921
564	736
703	578
4489	5126
7322	7210
10585	9781
2198	1717
2913	2949
4036	4840
10318	9585
3665	4355
4736	4862
1457	825
2327	1361
8425	8444
6994	6632
6606	6241
8010	8194
3514	2845
6586	7534
9448	8784
2062	2211
10009	9500
9155	9818
10108	9708
3487	4426
6350	6065
5529	5290
6920	7272
8275	7561
9174	9984
6301	7079
8181	7911
9499	9394
1572	1295
6589	7161
7666	6945
3076	3282
7332	7234
7074	7135
9763	8853
7623	7355
7192	7198
3977	4510
4713	5645
7162	6536
3227	2614
7726	8204
5833	5238
7160	7630
1015	875
8483	9314
6458	6865
6415	6967
1497	2046
3991	3742
8459	8364
9431	8520
471	92
1820	2733
8070	7803
3834	4068
2152	2883
6761	7291
6489	6219
7448	7356
8433	8766
8596	7616
8843	9263
3090	2431
