500	1246098
565	1518
3962	4832
9850	9218
5974	6575
9391	9241
398	331
5577	6196
3512	3276
5069	5630
1596	1241
7687	8442
765	1694
6451	6730
1887	1786
8860	9194
5594	5533
4079	4716
8829	9546
-532	350
3625	2685
7637	7272
7827	7010
7384	8101
1786	1057
6724	7077
1604	1087
9026	8896
2918	1943
932	1854
1476	1079
357	747
1625	813
2684	3328
1126	2099
6611	6478
5069	5970
6831	6854
6223	6271
9941	9616
5078	5036
1800	2328
5135	4914
1811	1605
10360	9551
2914	3287
6592	7209
2612	3592
2468	2199
4378	4731
3505	3299
2401	1783
7294	7660
5880	4951
9858	9942
7584	7609
4895	3961
7676	7451
7563	7510
8492	8434
9584	8865
3465	4041
3087	2105
6452	6799
7782	7255
1206	1303
9525	9089
8975	8877
5250	4425
6394	7030
4733	4744
5749	5695
1421	926
6068	6634
4969	4903
965	1847
4025	3140
3139	2545
6916	6223
2726	2251
4478	3575
6746	6733
6301	5694
1232	2115
6281	5787
716	836
6014	6486
8700	8290
2299	2378
2478	2199
9385	9990
7527	7400
7226	6284
4581	4725
2315	1990
2896	2334
3647	3231
4502	4579
7070	7379
5558	5395
1416	2188
71	47
8798	9112
2924	2437
9595	9610
9367	8769
901	1383
8096	9080
1617	2463
2325	2875
4040	3482
6431	6368
6922	6978
8047	8341
3075	3990
3399	3872
1936	2668
8331	7554
4297	4957
9537	9620
7066	7328
227	518
8207	7260
8152	9080
7058	6105
7814	6878
10109	9866
5547	5354
3234	4190
3431	3902
-744	132
6857	7059
358	747
-16	930
853	954
2606	2974
2130	1641
9946	9696
5564	5791
570	1325
6281	7081
4130	4185
8686	7798
-522	141
5329	5936
2286	2869
5446	4520
5482	5218
4038	4540
8164	7321
9044	9400
6868	6478
5659	6488
1920	2643
618	1300
-97	525
4932	4873
1347	1678
6120	6951
1245	1009
7793	8565
1738	1656
381	157
4747	4701
5097	5725
3366	2892
5739	5019
5725	5220
1106	1894
328	137
544	885
8681	7925
2322	1722
4802	4780
6910	7772
3595	4261
1635	2369
5294	5771
5315	5493
10491	9924
5011	5197
4962	5397
8151	8537
7853	8073
388	1181
5391	6327
4471	5222
8116	7823
156	204
3996	4670
1373	1093
7827	7015
7685	7549
9082	8690
5573	5961
7117	6962
785	1429
7038	7723
8471	9325
8954	9450
7482	6708
1850	2571
6121	6378
1507	1575
4940	5698
7401	7261
7150	7877
9731	9307
4407	3412
5541	4819
5740	6610
6268	6880
6795	6842
6222	7058
8959	9454
2534	3023
9578	8635
804	794
4759	5041
8033	7945
1871	1316
422	232
3072	2184
5562	4617
4319	3886
7516	7671
3819	3919
994	1236
1147	1856
3936	3277
450	1152
958	174
4561	4596
5432	4797
6130	6038
7077	6726
7309	7002
6728	6545
9358	9199
1566	1132
6748	6948
6147	6283
6923	6055
7238	7977
2414	2163
2587	1923
3350	3904
8949	9451
5363	5766
8938	8136
6255	6044
9200	9156
5220	4522
7652	8582
7572	6861
8665	9507
5653	4866
1296	1025
9658	9659
706	1535
7060	6605
7345	7838
2543	1905
9676	9008
4731	4238
5457	5825
1038	1059
6609	6031
290	680
2893	2003
1185	677
4943	4051
4075	3650
9472	9166
6477	6779
8214	7832
3176	4157
3303	3892
5909	5660
5682	6434
8354	9097
8388	9235
3854	3591
1355	2087
8963	9876
7712	8162
1512	1950
3044	2446
10600	9991
5378	5259
8752	8663
6673	6504
1208	1463
2056	1583
1715	2349
6871	6076
3286	2978
7518	7952
-38	574
6989	7190
1179	478
3131	3705
-586	266
3985	4379
4747	4112
9853	9729
8661	9079
7836	8296
4911	5683
-603	368
39	598
6753	5828
881	1752
6170	6495
5554	6520
5824	5477
2269	1738
1129	2128
1186	1682
4107	4963
5832	6143
1842	1271
7839	7274
8420	8466
1979	2148
7082	7339
2143	1627
3400	2672
6516	6000
7923	8406
4786	5553
2859	2219
5112	5767
6443	5644
456	852
2642	2298
2566	1648
1543	1271
6572	5838
5565	4581
5838	4921
6627	7082
6891	7788
7062	6277
8006	7974
3181	2657
7494	7620
4256	3519
9383	9222
9314	9891
5658	6120
5241	6123
8850	8459
8688	9393
8099	7128
7680	8634
2957	2244
4328	4947
2393	1820
961	170
8432	8608
9249	9671
4240	4053
9294	8670
8261	8703
6224	6051
6270	7099
2201	1646
5953	5917
6247	6205
1198	1362
2399	1444
6645	6905
6414	6340
175	316
1493	1220
1926	2038
6943	7854
-48	431
6199	5716
4198	5082
2541	3011
6296	6642
-3	441
1688	2045
2711	1954
8230	7835
9804	9715
5542	6138
5969	6166
5649	5266
8381	8079
5558	4627
10153	9746
2914	2455
4132	3245
9185	9931
8342	8772
7473	7263
9436	9130
2290	2209
8459	9066
961	831
7803	7485
6538	7538
6277	6124
2938	3738
2172	2810
6039	6486
6415	6124
4735	4368
4829	5533
1278	1976
7457	7221
2864	3516
3971	4897
4744	3784
8082	8470
6398	5446
4266	4285
1713	2307
7531	8489
1259	962
1205	760
86	205
2309	2739
1872	2603
4797	5221
8719	8927
3256	3816
4853	5143
4794	4517
9362	9026
5713	6244
1170	1643
4752	3805
6579	7288
9239	9992
3340	3591
2842	2048
3770	3986
4305	4719
8699	9409
499	1166
5416	5085
6705	7128
7390	6396
2276	1857
6784	7333
6216	6243
4026	4981
2541	2923
2604	2340
6149	6869
-69	17
1781	2429
199	53
7752	6941
8895	9791
372	499
6414	5790
637	1453
2633	1973
4261	3958
-335	466
5075	4631
798	247
4001	4065
3454	3171
8109	7572
3550	2552
9847	9892
3329	3499
1408	1121
1908	1290
4592	4515
4915	5597
9832	9264
2553	1981
2670	3226
10629	9774
3613	4243
1418	1761
1591	1662
8527	8296
4314	4469
4942	5584
6236	6155
7818	7544
2202	2371
8779	8895
2104	2263
10082	9205
8947	8412
8088	7452
6909	6334
5772	5846
10552	9948
2545	1586
3416	2537
7548	7193
