500	2285224
6924	6424
6803	7351
7300	7171
4594	4420
2948	3189
1155	190
6576	7334
1318	545
5088	4887
9203	9891
4052	3141
8800	8311
8085	8358
6966	6259
7002	7613
6401	7014
3606	4244
1254	842
6457	5846
8623	8590
6503	6374
2410	3353
6622	7374
9443	9833
8526	9452
8516	8925
2221	1988
1778	2435
4007	4315
9331	8405
7852	7436
2994	2316
6641	6134
4070	3093
154	1122
8210	7365
9584	9516
4144	3905
6407	7319
1972	1852
5940	6165
1568	2066
3862	4363
4524	4848
3797	3194
6936	6957
5644	5022
5517	5012
4587	5132
5089	5838
2690	2490
5807	6451
5977	6623
2537	1598
7245	6797
7022	7063
704	578
3754	3816
3641	3628
10140	9969
4542	4619
7497	6506
3063	2548
4177	3499
6659	5973
-255	284
4975	5242
4034	3172
3209	3442
5041	5805
8083	8218
9343	9550
9061	8346
1059	87
3784	4731
2198	1498
2333	3332
2571	1694
10062	9520
10400	9910
6776	7232
-223	306
10107	9632
4407	4336
7736	8246
9475	9662
6271	5710
7016	7962
4325	5279
5036	6029
5330	4454
6493	5710
2634	1881
414	16
6222	5299
3123	3243
7017	6470
7157	7706
2768	3377
6145	5525
5421	4885
381	789
6848	7100
377	1001
3528	3149
2987	2387
6705	7259
1876	1739
8955	8203
7741	6890
808	1678
8232	8734
-179	32
7359	6952
1010	1183
799	1382
-466	366
10181	9365
6634	7271
5612	6195
3677	3746
8023	8021
8490	9381
7427	6494
8245	7864
4678	3787
9736	9866
1288	392
2356	1662
9852	9658
2561	2524
1854	1615
9890	9561
2887	3058
8298	7695
7688	7250
1157	537
8062	8795
8018	7732
796	203
6009	5022
1725	1487
8441	9212
7360	7489
8422	8278
6572	6421
7217	8184
7135	6393
6166	5365
4984	4575
6933	7759
6496	7203
10792	9797
1794	916
7753	7637
5834	5826
2121	1459
-83	249
2629	1894
712	1543
2195	1234
7739	7323
1415	2349
2576	3513
1659	2222
4453	3475
8993	8966
4738	4626
3565	3026
9005	8993
2827	3011
5490	6023
8104	8482
4863	5138
6390	6712
4194	3250
916	994
4407	3715
7216	6991
672	110
8601	8018
1876	1895
6484	6965
3085	2097
8852	8413
3776	3355
2987	2259
5981	5891
8380	8353
4232	3818
4125	4060
9765	9361
4064	3991
1430	1099
6861	6654
2918	2897
934	1145
7112	8005
7114	7663
3525	4451
-599	246
3352	3850
10625	9886
5535	5947
6235	7121
6184	6006
3547	3183
9460	8937
3827	4793
7653	7209
7051	7596
8910	8820
7422	7600
10164	9552
8981	9629
8561	7689
5400	4511
8123	8729
7304	7631
5087	5338
1131	790
1604	2282
3277	3060
-598	200
8365	7606
2552	2001
35	217
2162	2996
3541	3996
6404	5782
3369	2901
10610	9849
1287	1360
4850	4510
6800	5955
6538	6444
7617	7541
9723	9772
3617	2648
759	1156
238	83
7455	8157
4126	3976
5436	4467
-704	50
8246	7946
-786	70
3843	3064
9646	9074
9501	9475
4688	3772
8435	8124
8240	7347
9257	8265
4635	4217
5896	6598
9032	8928
1205	951
2672	2257
6883	7226
2539	2017
7396	7960
6043	5669
2663	2570
3991	4949
5840	6122
3909	4314
7042	6384
4489	4843
1712	1654
21	420
10056	9711
5368	5709
7917	8602
1607	2429
2770	2975
340	55
9955	9234
3816	4662
4129	3169
840	199
543	1033
6654	6239
2956	2524
7943	8416
3030	2845
4684	5131
4371	4534
10052	9567
4501	5156
7498	8018
8214	9144
1495	1768
-74	147
3197	2884
5175	5094
8082	8957
4492	3946
9714	9895
8641	8981
4172	3349
9327	9849
463	731
4965	5670
6395	6572
8231	8643
4443	5307
9437	9013
9024	8867
1659	2559
9476	8826
6668	7536
610	130
1407	2033
665	654
39	1038
9425	9189
1751	2482
7120	7971
2811	2919
5888	5328
5467	5483
1545	2051
7030	6763
325	6
5200	5371
6877	6973
3417	2965
1086	739
10221	9830
2227	2362
2647	1747
7330	8104
-51	525
9171	8730
2726	3319
1508	1356
7799	7394
5156	6001
-321	675
9224	9829
1340	1189
1158	1655
5998	6607
1287	1853
-299	137
8183	7302
5575	4820
2804	2462
1076	534
7988	8786
7092	7952
5701	5357
10607	9900
5426	5854
747	67
9576	9323
8810	8835
2198	1759
10682	9721
9084	8228
1408	529
8790	8092
3541	3637
6563	7043
5275	4449
123	725
1753	2321
3315	4097
1090	142
8352	9146
1450	1984
7982	7814
10366	9444
9476	8962
6074	5887
1490	1725
9884	9069
4521	4466
3932	3074
10098	9578
3339	3687
5279	6273
8455	9087
5158	4579
1041	319
1792	2140
7847	8543
6807	5823
2011	2229
9319	9854
2548	1972
3623	3585
7146	7746
6265	6448
1284	2261
5638	4692
8994	9031
7774	8307
1569	1334
-949	49
2500	2961
7159	6658
1028	1198
6265	5841
4308	3616
5182	4245
4450	3623
9698	9331
3007	2231
8028	8539
8384	8155
6973	6790
4641	4195
2531	1653
-263	685
10878	9883
6484	6594
8640	7851
2413	1724
8257	7568
6546	5736
10338	9981
6302	5993
6300	7079
6056	5089
9658	9065
2404	1551
5874	6779
3083	3654
3312	3976
5693	6484
1113	686
8989	9454
3746	3571
2364	2227
8532	9219
9500	9302
317	25
5315	4862
9168	9868
5706	5423
5868	5896
811	1139
5564	5422
7853	7457
2772	1834
5477	5960
10132	9721
1344	1055
3574	2942
-61	781
3029	3948
7033	7711
1299	1728
4724	3778
9424	8874
3000	3232
8597	8877
3092	3795
2114	1865
744	48
548	1543
2830	2569
2040	1419
3911	4553
9940	9608
3777	2872
1348	1768
1075	230
8863	9506
3524	4146
6286	5911
9638	9501
5095	4450
4750	5437
1732	898
5802	6364
7772	7842
665	54
8511	8907
6188	6324
6484	6291
4181	4773
6481	6129
1241	609
1465	1713
1338	365
7698	8483
5043	5113
5764	5864
5709	5598
9697	8737
1833	1904
8200	7245
8044	8543
6426	6562
7572	7369
-96	413
9505	9966
