500	1233992
6855	7080
4653	4069
2469	1859
6440	6861
5901	6796
3874	3818
3322	2950
7647	6936
2999	3262
6295	5702
4860	4315
5783	6522
8611	9153
1262	2223
1458	692
6870	7749
5711	4896
3813	3709
9347	9780
3611	3686
9882	9028
1312	1985
3499	3229
1882	2393
1456	2363
2112	2437
6302	5993
7786	7291
10634	9770
8996	9537
2269	1633
462	936
1448	1806
6569	5985
2232	1564
4101	4512
9723	9877
5727	5271
5134	4472
2132	2300
1844	2110
2610	3510
-155	46
8764	9599
3503	3018
2628	2980
10037	9124
7457	7529
9069	8558
8338	8867
10262	9534
4177	3416
2262	2578
5619	5220
3218	2701
42	234
7699	8606
9266	9264
7107	7247
6784	7522
199	700
5735	4913
558	767
7779	7105
1626	2305
1338	2149
2614	2052
3932	3953
771	601
4681	4381
2654	3042
5108	4463
1785	1061
2307	3002
2109	2587
8856	8571
1857	1024
8603	9462
8544	8628
4100	3818
4556	5240
6115	5474
8305	7881
4456	4624
4951	4949
7475	8135
9565	9970
6017	5989
2663	2675
9595	9336
5121	5865
5138	4899
3803	4093
1101	1383
10179	9981
221	3
8345	7518
9611	8863
8442	7606
6136	6583
5260	5193
7056	6896
252	18
2233	2543
3807	4578
3744	4304
3041	2488
-388	34
6680	6266
5248	5651
1972	2968
4005	4170
4216	3834
9375	8586
9740	9221
-243	345
9532	8941
5883	5927
8648	9180
7108	8001
6003	6700
7440	6903
4145	4211
8297	8471
7823	8352
9743	9426
3072	2478
7816	8155
3069	2979
-348	454
1112	964
3868	2965
6983	7094
4486	5214
7925	7360
2143	2734
8857	8223
1733	2302
6694	6572
9533	9260
7632	7596
8017	8945
9082	8633
10049	9088
7081	6542
7370	6514
3519	3043
-752	114
8694	8369
1839	2761
1738	1245
9308	8843
1624	1482
1302	1899
8776	8267
4891	5679
2169	2548
9169	8639
5150	4425
5459	5494
2977	3619
835	1176
8124	7837
2704	3149
7522	6615
5495	4637
8232	7755
3913	3678
1549	974
4231	3641
9757	9439
3493	4157
88	294
5586	5869
7586	6874
1527	2037
6283	6073
2765	3505
503	852
3282	2818
3365	2561
991	1677
4341	3636
9159	9552
4177	3635
6623	6552
4922	5215
8269	7762
10836	9856
6306	6579
7660	7695
2690	3572
4604	4530
7112	6733
4276	3728
8837	9198
3581	3356
9297	9308
9142	8933
7517	7952
4607	4754
2958	1991
8665	7915
2597	1829
9490	9733
1627	850
9145	9725
-498	250
1477	1497
6561	5986
6713	6532
3454	4217
2931	2409
9920	9581
9264	8734
744	259
3986	4739
3106	3455
8985	8352
5857	6775
7015	6393
978	1863
1155	2045
7614	6722
5151	5446
797	1470
8574	7890
4215	4567
8354	9209
3635	4343
7630	8031
7547	7780
3787	3202
2324	1773
8766	9221
6953	5989
5372	6171
7647	8082
2820	2666
3569	4460
1141	214
5540	6439
8321	7966
1277	1105
1949	1504
8703	7819
6996	6399
5956	5006
9313	9537
3964	3857
2520	1677
7919	7074
905	399
8827	8765
9238	9015
1401	1175
6116	5505
4152	3683
4755	4970
6819	6996
6398	6585
5043	5062
5830	6765
4586	5287
3689	3196
7631	7761
1524	1691
8157	9070
3527	2694
5858	5152
383	1059
496	935
-94	291
6995	6385
9782	9403
1773	788
9042	8195
5279	5322
2225	2267
8071	7611
2823	2454
5828	6686
7310	6557
6480	6232
10674	9941
954	957
1303	413
3615	3914
2156	2860
1575	2314
129	30
4175	4601
4573	5301
10099	9534
3727	3233
8416	9380
7930	8867
6602	6181
7934	8172
3783	4673
7478	6499
5372	5463
950	224
4047	3965
2005	2377
1103	1698
1378	2082
7362	6982
8790	8924
806	1300
6040	6363
1125	546
3172	3096
7621	7004
7220	8194
5420	5730
550	8
7184	7954
2539	3271
10313	9667
1261	899
4384	4406
4398	4013
6647	6713
-384	606
7763	7796
4381	5042
7684	8549
8672	7770
6716	5755
7118	6283
6647	7006
5337	5380
2875	2874
3118	3228
126	650
660	255
3074	3457
8664	9145
4304	3555
5232	4532
3643	3071
3011	2394
3223	4062
9042	9875
5281	6126
4486	4005
9533	8799
3464	4442
-243	738
4004	3267
5018	4499
4802	5497
3780	4140
6224	7180
5101	4392
2207	1747
6774	7636
4480	5432
958	654
4347	4218
7387	7815
2577	2614
7066	6661
8090	7341
7032	7427
764	1489
464	480
8905	8936
740	1627
4384	5016
4289	4177
8994	9831
3865	3605
1822	2566
6701	6920
7473	7389
7060	7708
-232	402
10500	9760
8654	8118
5658	4701
8345	8167
9748	9296
6422	6150
10083	9568
8737	9643
7805	6982
4196	4612
7613	7438
902	1195
244	311
810	1794
482	1288
8783	8738
6494	6289
924	937
5618	5517
2330	2520
2575	2556
1558	2085
1614	2537
5438	4922
787	255
7146	6455
3710	3062
8772	8401
2129	2584
6964	7742
4923	5094
8002	7622
5594	6038
9275	8723
4604	4012
2283	2718
2767	2615
1542	1393
4898	5585
1858	1021
2673	2200
3790	3531
758	1476
4395	4985
4907	4830
-92	635
1515	1909
6952	7656
9246	9518
2731	2204
243	324
6736	6448
1616	2426
3448	4440
1316	506
3904	3849
6368	5639
782	670
2666	2014
7718	7525
593	1084
9812	9469
5946	5471
3628	3642
1753	2558
8747	8516
3782	3469
9415	8522
5819	5507
-382	256
227	1125
7534	7773
3627	4187
3427	3877
1198	447
6276	5747
9181	8616
-41	875
4909	5043
10024	9073
4003	3065
2716	3185
2312	1607
8890	8779
1053	1020
4970	5828
10088	9490
5933	5259
2526	2041
6066	6228
2563	3239
1222	370
10486	9892
6224	5939
8824	8463
6116	5239
4724	5303
1023	764
669	129
871	373
8126	8576
9060	9644
6404	6152
7635	8093
6410	6740
4359	3383
9747	8997
8423	8184
7171	7699
5687	6527
952	1837
881	392
6692	6539
6769	6751
1170	697
1141	519
5538	6026
-432	41
7251	7767
2577	3073
962	1509
