500	252298
7802	8566
2179	1568
7465	7308
659	798
8764	8504
8676	8032
7237	6468
7513	8292
9483	9893
8961	9924
2163	1629
8358	8407
8822	8825
9372	8430
5559	6513
1716	1287
8489	8285
7985	7043
-446	364
3023	2806
7288	7453
2487	3217
7818	6960
2345	2495
8219	8451
6319	6890
2952	2305
5862	5735
8162	8647
7934	7425
2273	2564
2787	2941
7249	7916
2421	2792
1473	526
5530	6201
9553	9138
3697	4602
7371	7277
8377	9300
1757	2218
8382	8510
3431	4189
8540	8355
5537	4760
7371	7050
3829	4489
4277	4523
3341	2677
9938	9738
6550	5614
3985	3884
4839	5355
3532	3551
1781	1933
209	1061
5959	5391
5953	5024
894	166
1745	1470
5025	5508
4298	4952
5684	4860
5989	5103
9329	9491
7544	7090
7452	7129
2392	2559
4917	5810
6910	7817
5187	5311
4647	4596
5416	4799
9649	9335
9150	9348
9150	8945
6568	5674
7438	7554
9727	9721
1334	773
-589	199
7344	7018
2465	1539
6508	6162
7718	8389
8491	7794
8596	9208
107	751
1091	2008
8732	8026
7209	7241
5178	5266
7035	7217
10086	9799
1397	1827
8227	8851
355	1137
5378	5705
7364	8148
-91	23
9362	8548
5691	6586
7243	6557
4380	4465
-36	124
2986	2624
1402	2163
7359	6630
6838	7060
9256	9019
8922	9703
9806	9968
3462	2792
3803	3514
4775	3889
-387	178
3817	4056
6153	6543
7159	6802
5452	5528
2053	2552
353	641
9012	8744
-403	444
862	50
4495	3745
7096	6386
7119	6943
5190	5735
7090	6468
6340	6696
8161	8412
10064	9760
923	1363
8905	8665
4053	3487
6870	7745
2120	2282
7824	7749
2142	1346
1332	1243
4527	3901
4996	5154
6692	6805
7923	7652
6209	6864
6543	6270
477	1450
3094	2932
3184	2590
1479	2405
8663	9164
7350	6555
8641	9340
3261	3225
7917	8452
1830	2128
2726	2095
5796	5899
1421	873
9257	8523
4039	4249
10058	9362
113	821
5621	4861
856	241
6592	5838
-140	118
10711	9904
9877	9398
3693	2846
4270	3947
5943	6552
4759	4958
472	1292
7868	8704
9868	9918
7939	7310
4129	5001
3487	4276
7758	7891
8908	9830
3921	2976
5405	5175
5325	5755
8663	8712
2076	2420
6599	6277
5635	5051
3818	4126
9595	9768
4246	5211
1651	2133
1798	1667
-58	649
3236	3346
3336	3163
811	1323
8969	9473
2298	1721
499	1069
7370	6531
2896	3090
4654	5164
1032	393
3047	3537
8214	8469
2499	2548
480	1267
3351	4086
3642	2861
2531	3158
6436	6957
4643	4864
561	978
3755	4359
3256	3368
8045	8238
448	49
7091	7300
5579	5393
2517	3305
6785	5935
7365	7166
7019	6418
5743	5467
1360	1385
7695	8004
9323	9457
7257	7473
4986	5804
5352	5183
9844	9073
2451	1980
10154	9525
2181	2265
3738	2819
5234	5131
3419	4125
1845	2305
9020	9899
6805	6172
8272	9099
1881	2328
2544	3394
1887	1692
4560	4335
5477	4720
3048	2999
1104	1583
9527	8681
8289	7440
2040	2120
2197	2955
8179	7570
3956	3138
6041	5734
1284	1454
8966	9835
9966	9739
6713	6285
2394	2425
1502	1008
5734	6730
5856	6546
7106	6529
7829	8511
5762	5781
5328	5594
3387	3226
-293	346
6411	6982
1456	2023
8119	7263
5271	4920
5288	5086
5642	4782
5314	4526
7611	7358
5400	6147
5944	5919
1612	1833
6311	5699
8053	7763
3040	2701
4850	4454
4136	3703
2553	1829
6662	6221
4073	3935
8813	8795
9621	8695
3100	2881
1657	2069
41	827
6940	6845
3621	3594
520	230
3632	2642
1275	583
1718	1684
1829	1092
6740	6470
3857	3816
5462	4714
1040	182
6644	6769
8786	9787
7655	8449
2864	2591
7208	6423
7738	8724
766	815
10115	9308
2536	3296
7832	7854
1573	1278
5815	6718
4099	4568
3772	3141
8603	8282
2244	1844
9180	8551
4103	3754
5884	6190
8939	8977
9180	8482
5978	5331
6640	6652
2755	1809
7892	7232
4434	4927
5953	4959
3483	2607
3978	4880
8374	7863
2478	1774
588	914
7353	7688
901	26
3715	3715
2034	2840
5871	6702
4899	4196
8514	9160
9041	9652
1946	2018
1577	1251
6133	5277
4711	5557
2726	2309
8748	9668
2704	3125
567	757
1380	1600
5001	4689
10309	9783
3695	3861
1457	2050
9101	8893
6306	6764
4083	3952
6027	5826
8560	8460
4779	5412
1976	1258
4062	3787
1710	1801
4117	4210
8530	7723
9451	9690
8296	7474
3326	2642
4702	5012
2996	2094
2109	2253
8353	8799
3964	3990
7558	7758
2597	2078
9855	9170
3898	3592
7705	6963
6389	6219
-57	652
2671	3332
5562	5407
1563	2517
5369	4843
9025	9091
8476	7783
5372	5793
-616	251
6915	7557
2272	1288
40	233
2846	2024
6452	6116
1604	1920
6079	6510
4521	5330
8998	9264
4128	3350
4326	5136
5235	5659
2270	1479
5247	4625
6598	6373
9037	9758
2333	1938
5786	6266
3844	4205
2016	2346
9594	9979
5196	5358
3224	3187
8480	9032
3858	4127
1193	581
2865	3276
5944	6191
2548	2383
8132	8378
7878	8393
5069	5388
887	1883
4641	5204
3545	2646
8732	9110
3982	4517
6165	5463
7703	7858
7487	6505
6015	5931
7802	7597
10461	9676
3370	3961
6994	7306
6214	7166
2727	3176
9140	8732
6196	6910
4402	3848
4143	4188
2234	2179
4768	3776
9743	9112
1806	1192
10088	9968
9615	9053
2759	2680
7340	7702
3496	3491
1687	1681
7263	7057
5050	5912
2437	2617
2241	2427
8694	8729
2382	2125
7273	8023
1736	1252
29	236
4654	5453
5421	5917
7360	7766
6403	5938
2366	1588
1092	474
10019	9139
876	828
3167	2373
4373	4223
2561	2612
3852	4118
-300	210
4150	3339
2549	1977
3387	2960
4002	3776
8825	8286
-252	175
4119	3359
5536	6354
8224	7734
-24	417
6682	6894
8470	8356
4258	3941
-173	419
8384	8406
9995	9253
1371	1144
4418	5317
5451	5009
9975	9330
3839	3336
-86	221
7543	7618
3579	3230
