500	628594
8678	8087
7276	8224
4411	5360
8863	8435
6055	6235
4544	5295
5203	5713
7779	8113
5111	5972
917	1809
1950	2474
6968	6427
2364	1940
3698	3296
9089	9886
1912	2589
3959	4149
7237	6730
3378	3216
3738	3290
1920	1986
5100	6052
4942	5780
5467	4718
2180	2304
7987	7860
2992	3356
7316	6671
-620	63
8349	9050
3511	2523
6647	6977
9505	8801
1898	2532
8041	8870
8022	7817
6326	7108
7493	7608
4058	4383
1026	990
1754	1555
4426	4166
6026	5839
2159	2908
2814	3507
4284	4905
7177	6298
9500	9052
6520	5587
9623	9817
738	107
4931	4366
8823	7852
2389	2805
-206	650
1177	1623
4485	5347
10000	9817
9402	9328
9973	9789
7076	7384
2246	1567
6190	6574
992	1482
5201	4905
9680	9319
5964	5282
1764	1281
1445	2009
8078	8070
-375	583
8492	7565
8914	8183
4326	3465
3060	2808
2237	3048
7559	7947
-259	223
2286	1584
9222	9384
3053	3001
3482	4202
9571	8738
7862	7766
1457	2272
5959	6107
7251	8230
4897	5135
3352	3755
6186	6626
876	1852
3900	3104
7315	6991
242	670
4080	5029
792	1413
6071	5106
8207	9014
3930	3801
2714	3644
6065	5317
6173	5277
9181	9772
9889	9013
9647	9010
6650	6439
8556	8016
3367	3363
8249	9219
9529	9932
1130	436
2222	1331
9004	9662
9252	8440
2555	3474
2377	2237
2345	1833
2345	1391
3678	4276
8469	7834
5664	6042
6257	6850
5728	6518
4500	5414
938	595
3067	2687
2056	3041
9326	9274
1424	713
8404	8868
10250	9796
6658	5680
1741	1321
2882	2287
3295	3825
4449	5233
6528	7096
7589	6626
4387	4997
2641	2052
3824	3736
3098	2972
1055	1459
8055	8534
7061	6310
8515	9060
1297	1208
6667	6788
4586	4513
3812	4477
957	1898
4898	4555
1025	847
6150	5309
10282	9571
8443	7786
909	1154
8748	9138
4727	5706
500	1134
7319	7775
1157	824
8598	7636
3713	4215
9431	9390
7122	6837
8196	7455
5931	6632
4564	5274
4339	4144
1283	2004
7363	7207
4731	5389
2214	2121
7324	6719
9305	9462
5435	6152
1668	2531
343	600
9626	8639
8964	8139
1868	1276
6826	5921
4086	3894
5585	6198
1942	2390
3615	2669
3119	4063
1473	2292
5864	5504
5752	5789
5496	6206
1336	1601
3982	4783
2604	1833
1511	2189
2413	1599
2786	1917
6882	7722
4334	5064
3707	2903
5746	4825
9638	9753
9374	9980
1902	1421
669	109
6112	6799
7603	8205
1388	1403
7537	6952
2897	2759
5617	5910
8132	8956
4606	4579
3685	2692
10244	9652
9626	9800
8418	7516
6912	6066
1137	652
5440	5682
527	1048
4028	3426
706	880
7772	8591
1114	767
2996	3322
8037	8410
7192	7206
8905	8010
9641	8982
5621	5490
8844	8489
6941	7389
2242	3204
8276	8392
5940	5151
7293	7718
1342	1395
4387	3404
8299	9131
7487	7685
6290	7198
6834	7433
9874	9082
64	651
5296	5806
5192	5900
2486	1848
5602	5200
4972	4031
6820	6641
5090	5734
8235	7757
9817	9306
3250	3464
2180	1682
3820	3591
3615	3594
6010	5985
9153	9168
9765	9793
4520	5478
6295	5619
1851	1683
5792	5081
6184	7113
5090	4894
2078	2430
1762	2677
6004	6514
2068	2874
9453	9991
10360	9778
2952	3839
9318	8962
4854	5101
3908	4331
1746	798
87	608
4157	3471
4126	4545
548	112
5671	6132
8246	8440
6930	6979
6853	7651
10140	9500
9647	9019
7784	7577
7281	7744
8409	8567
1540	1645
9214	9774
8577	9198
941	1274
3237	2420
9132	9603
693	1608
820	1423
6997	7246
1247	1352
1157	956
3511	2538
1944	2832
8756	9183
2103	3004
9417	9771
7892	6998
6635	7090
5990	6277
1613	1567
1053	533
3422	3931
9959	9608
4742	4891
6050	6458
2512	1749
9433	9797
3717	3739
1024	752
6660	5907
10401	9726
8476	8403
2414	1572
4820	5622
7096	6558
6041	5600
7941	7413
8657	8287
1409	1234
914	225
1446	2123
2373	1456
5859	5315
-38	898
6973	7171
6067	6172
8756	8832
6077	6323
10063	9121
6336	7307
1740	1836
2071	1825
1544	2435
1639	2620
9833	9639
4822	4063
4388	3872
3863	3679
3343	3416
1539	1603
3209	4084
100	186
4559	5052
8842	9671
5131	4804
6192	6203
5260	6235
2258	2239
4697	4489
4166	5041
6859	6757
5866	5888
1889	973
2256	2518
5964	6846
3958	4030
7459	8246
845	197
6292	7075
1051	174
9273	9547
5648	4869
7563	7106
7746	7154
212	1020
4846	5720
8606	7649
1080	1108
4852	3877
2137	2065
3188	4096
4047	4355
210	309
5076	4695
6987	7121
5279	5613
7427	7595
8498	8800
7595	6644
1659	2645
3861	4499
7640	8143
3275	2675
3373	3472
6113	5578
5352	6328
1311	1630
359	1071
2348	1585
2081	2025
7619	6984
1653	1725
696	822
2445	1981
2452	2829
2158	1481
10313	9340
1189	2177
576	1577
1772	1268
8131	7537
10047	9531
4229	4630
-276	160
1899	2717
8321	7623
6869	6172
621	629
2182	2575
5212	4459
2874	3585
5356	5433
9224	8265
2129	1290
5517	5961
10546	9699
380	153
5147	5367
6706	6182
7243	7347
4381	4061
7828	8598
7596	7020
7817	7225
7220	8187
8469	7700
455	325
987	1047
6428	7093
1185	1134
4724	4894
9650	9254
-321	61
1771	2531
7372	6497
1398	1491
6636	7550
6708	7140
5381	5666
-283	515
7964	8751
8752	8326
1717	1346
157	369
2561	1709
4147	4195
9132	8686
4447	4351
4298	4419
7956	7691
3288	3109
3832	4175
6285	5621
5512	5228
9122	8382
7972	7841
-528	308
9564	8912
6168	5538
3039	2795
3472	3485
6071	6551
6687	6788
3823	3619
4792	4133
8712	8472
6838	6842
3712	4252
7493	6664
142	99
8861	7924
7759	8529
4894	4104
6877	6237
9452	9423
3497	3239
1512	2372
7938	7781
7792	7042
890	365
5598	5412
723	1120
907	538
1265	1066
8067	7553
9071	8597
5930	5454
4615	3707
