500	1272723
928	110
4331	4614
6994	7957
8951	8514
713	136
1275	718
5304	5527
1798	1974
-444	79
1157	442
9228	8852
5860	6808
8505	8021
2948	3177
7908	8683
6240	6098
6459	6398
1567	1863
6475	7101
730	144
3814	3954
2330	1499
8462	7992
2078	2658
4400	3951
4290	4138
2772	2828
9405	9207
1813	2431
435	324
2381	2962
6966	6257
2600	3483
6350	6416
4404	4846
672	523
2792	3773
1745	983
6483	5493
6979	6186
8763	9442
4568	4948
7124	7620
1574	2173
2384	2889
3067	3867
4742	5269
7662	7912
271	945
6475	5687
6798	7239
7302	7293
207	934
8902	9126
5280	4619
4334	4924
7559	8338
9988	9033
7284	6728
9678	8711
-18	54
8490	8170
4836	5404
-228	425
2574	3113
7839	8490
4156	5024
7020	7713
245	409
5463	5086
7508	8501
1978	1790
6052	6231
5454	5498
7587	8380
8709	8926
3584	3138
6349	6458
5762	5881
7936	7593
4778	5697
5765	5695
8621	8216
9354	9380
6059	6596
6800	6354
3967	4473
4690	4637
803	1670
-588	13
983	695
2015	1185
5729	5089
5395	5076
543	876
2236	2665
8108	8751
3960	3644
8491	8117
4709	4646
4189	3840
2175	2512
2345	1846
2232	1719
9068	9987
9594	9915
10174	9725
1027	864
2382	1445
8156	8486
8755	8607
5951	5244
6099	5861
2706	3379
3989	4615
1197	1393
981	1726
10392	9470
648	109
8883	9790
1030	1975
7824	7127
9199	9859
3165	2864
979	280
10212	9975
5770	5202
9007	8947
2836	3161
6868	7743
3537	3052
9061	8933
1847	2095
6606	7405
9190	8646
8268	8649
5079	5954
9482	8671
7352	6468
3565	3467
6377	5586
8124	8338
1997	1363
8074	8201
7958	8665
5716	5002
7066	7782
10071	9197
4990	5039
9114	8431
6576	6499
3755	4305
5883	5558
7287	8264
6294	7213
5272	5124
8686	7875
6876	6289
9289	9801
5927	6464
3951	3136
6447	6532
7181	8102
7283	7145
5606	5033
3705	3176
9835	9005
-105	335
3107	3159
6308	6587
2092	3032
5777	5872
3386	4227
5520	6495
3310	3002
7978	8843
7850	7126
3631	3406
3354	3806
4908	4719
5368	6124
6847	6721
8483	8078
10276	9690
7983	8357
4696	4310
220	689
8911	8646
5184	5045
689	1645
287	802
1461	535
7855	8565
9226	9506
6767	7193
4578	3912
4453	4822
5044	4795
3873	4039
6583	6838
10312	9815
-11	135
3809	4031
8196	8122
1037	272
3545	3473
5962	6605
5520	5353
858	650
4731	3891
2586	1786
7466	7509
4440	4786
2384	2209
6239	5843
2931	3923
2303	2896
8789	8865
5525	5541
3163	2353
3928	3104
3944	3237
2123	2536
1765	1229
6268	6151
8313	7379
9511	9273
302	894
6699	6247
5025	5586
5710	4851
1194	450
2933	2621
182	1023
3026	2652
-570	325
6112	5553
7253	8167
8896	8502
3627	3977
1572	866
1723	2587
9777	8947
7443	6900
8768	9285
5470	6337
4482	4697
8548	8232
2704	2452
5931	5478
9781	8981
9797	9914
4793	5715
4539	5325
7774	7475
4558	5219
6163	7008
4134	4830
4715	3988
824	202
103	566
722	110
2664	3325
8057	8931
3705	3946
10212	9935
3760	2914
-211	163
8764	7927
9947	9195
551	1140
-761	94
5194	4921
7063	6805
9360	9356
4154	4883
3886	3544
8104	7886
6203	6036
1032	1700
4561	3929
5804	5612
605	1481
2579	1822
4331	3965
7614	7512
9088	8133
9653	9602
988	1584
4602	4665
4309	3412
7516	7211
7689	7243
6803	6527
3840	4616
5857	5963
10431	9859
8779	8090
2961	3700
4111	3449
3941	3630
8231	9119
987	1269
7369	7519
659	1478
29	142
8783	8081
8516	8195
5223	5152
4070	4953
9211	9298
1521	1015
8943	8841
9088	9550
2067	1718
7252	6555
5686	6663
9094	9813
1425	744
2706	3487
6491	5865
4404	3461
6338	7332
5453	5620
5354	5432
4681	4953
5155	4190
6617	6589
559	1422
2410	1921
1666	1841
691	1190
7203	6851
9730	9137
657	1036
6065	6167
7229	6251
8128	7196
504	339
9536	8768
5160	6090
6481	6851
3181	2391
8823	9661
6862	5930
8775	9655
2954	2760
3233	2624
3659	4549
4139	3557
-192	735
9170	8835
7786	8406
3364	3270
936	1549
1854	866
3878	4812
7173	6973
3491	3859
6504	7366
937	919
937	261
4449	4215
9753	9640
7542	7348
6482	7050
6505	5623
6796	7770
5006	4617
8639	9124
1470	2131
2799	2859
1237	408
3761	4144
3323	2816
7490	6758
4897	4880
7856	7412
3007	2606
1511	560
3910	2951
3957	4386
9349	9844
8762	8952
5322	5897
2354	3329
6304	7119
5846	4969
6127	6017
4328	4497
7224	6972
1767	2566
3951	4624
3876	3648
9289	9732
3566	3534
3789	4519
7318	7606
2685	2778
1198	1525
3539	3688
2857	3053
6410	7391
5090	4684
3662	3484
1693	2240
6941	6786
5768	5009
3844	3838
2261	1342
5440	5566
8388	8954
9056	9147
4423	3501
6195	5819
7806	6950
1583	2582
7635	6664
5072	4375
4237	3380
4200	3231
3679	4665
10151	9479
4442	4128
1501	1033
3185	3236
6236	6697
10227	9386
1688	1451
4738	4118
1034	616
9674	9479
6914	7422
8667	9521
91	193
2779	2358
1243	1222
9489	9790
2315	3048
3094	4016
6340	5738
6462	7030
1910	2144
5221	4628
8102	8358
3539	3568
6209	6165
9457	8521
4580	5540
3519	4437
7086	7293
1371	1858
814	169
6133	5567
2495	1915
2650	3647
3212	3185
7117	6438
6564	6148
4778	5275
2355	2515
9506	9829
7938	8239
4096	4968
9848	9094
1950	2213
1618	2550
7321	7605
2237	2068
1618	2285
8386	9104
3626	4339
5790	5664
1130	321
5138	4545
2724	2667
633	788
2113	2089
10305	9899
5851	5508
9882	9164
8794	8083
8827	8142
3638	4431
5274	5209
-147	543
5581	5350
3315	2952
8631	8361
9078	9175
8057	8866
5319	6316
2793	3391
2023	1383
1700	1812
5311	4986
4675	4609
9139	9039
5925	5106
8623	9311
