500	1977637
7690	8201
7745	8549
8895	9381
1399	783
2988	3852
6097	5690
3502	3165
8279	7365
4192	4966
646	142
8746	8920
7444	7051
4585	5403
2387	3348
8330	8132
104	422
2363	2042
3654	2882
4852	5838
10078	9391
4936	4505
10116	9449
934	771
2670	3584
10468	9744
9959	9946
6899	6553
2067	2762
7342	7883
1360	2347
4130	4012
4102	5050
5371	4442
3456	3827
4514	4298
2471	2671
3767	4650
7241	6471
1039	1635
941	212
5638	6483
2778	2745
4008	3504
1725	1341
7003	7966
3080	3752
8959	9159
5333	4383
2643	3084
6963	6583
8029	7778
2312	2535
7727	7724
7611	6903
1875	1763
2683	3440
2805	3622
7755	7632
8364	8042
4220	4862
5327	5363
560	689
3836	3767
1024	824
10387	9631
7694	6935
3479	3011
8975	8891
3969	4826
2381	2795
4843	5610
1414	1185
2233	2419
2517	2707
1058	491
10022	9171
9743	8886
3079	3077
532	1281
2467	2205
4500	4010
7394	7376
4225	4961
3241	4105
8309	8411
8096	9078
8746	9486
8857	9603
4736	5429
5984	5067
5465	6229
8236	8124
646	448
4844	4117
1124	1452
9804	8992
7882	8165
8956	8833
9272	8984
10006	9262
1878	2541
3142	4118
5670	4952
-341	281
2725	2380
2258	2651
5708	5936
-544	74
7514	8325
3591	4464
4021	3216
8320	7942
2649	2525
1362	856
8234	8767
1911	1606
233	1160
8793	9684
5108	5794
2014	2843
8858	8015
2433	3133
9175	8970
6977	6685
3895	3749
9736	9774
6371	7306
9171	8343
4093	3545
6999	7690
2311	2018
10145	9970
372	1369
6152	5640
2153	2321
7723	8038
6847	6678
7633	6988
-248	729
8767	9292
1588	1172
1268	1440
4968	5836
5037	4659
7381	8035
7093	8043
7004	7994
9941	9581
938	368
9265	9227
6668	6405
6158	5726
4851	4787
5593	5080
8811	9090
9602	9991
6920	6140
2416	1442
-634	267
7006	7707
5547	4800
4496	4704
-254	112
1985	2155
2939	2207
5832	5871
5593	4998
1530	748
6191	7014
751	1650
3540	2902
3106	2715
4928	5773
3109	3720
7034	6609
7449	7043
4271	3527
4838	4201
8440	8734
760	470
131	441
9395	8607
992	640
2224	1573
2105	1533
3539	3755
681	1213
6513	6178
7874	6978
2663	2079
1443	1324
4841	4993
7762	7218
5789	4840
8912	8253
3286	3243
3552	4353
6824	6834
7310	7554
9081	8997
4080	4331
10764	9871
4971	5572
1130	1583
2957	2298
3457	2486
3258	2781
522	1174
8740	9376
2927	2301
1271	378
8752	9024
950	95
7072	6074
682	614
9732	9438
4830	4172
3932	3190
7830	8060
8351	8644
4912	4784
7243	6681
4165	4960
3246	3913
6135	6572
1909	1962
794	811
8286	8031
2647	3193
413	1257
1569	1877
499	1453
6345	6353
1906	2143
1902	2117
7371	7473
1420	1916
688	815
4789	4712
1490	1209
10516	9996
4387	4583
6469	6858
7463	8063
10089	9420
6853	6559
2077	2716
7762	7344
6192	5356
7006	6184
7279	6624
612	723
5049	4162
8340	8117
9290	8967
3171	2859
5637	5198
5525	6120
5938	6406
5631	4808
3272	2556
7390	7121
1894	2080
1475	690
6525	6653
8237	7610
6564	6882
4912	4519
8558	8924
8212	8971
9139	8312
10416	9556
8294	9269
7292	8268
9338	8912
4668	4203
7818	7145
3664	3089
9267	8490
9855	9363
7327	7004
6709	7474
5351	4360
8265	7631
579	980
4519	3878
5212	4781
4903	5504
934	1812
2148	2427
9178	9551
8587	8542
4931	4303
5117	4975
1448	1760
6750	6989
-173	366
8722	8999
6434	6455
5144	4360
5520	5933
9139	9428
4304	4374
297	1114
1945	1407
3566	3259
7318	6520
527	355
3758	3430
6504	6317
3026	2371
38	304
4419	4119
7383	7460
7805	8635
275	710
1896	2760
5411	5280
812	1421
9494	9669
6210	6284
288	135
918	1079
5834	6328
8516	8522
5939	6049
8354	8652
3748	3627
8794	8357
6036	6047
5365	5610
1277	1558
3433	3246
7870	8206
6805	5933
3410	3844
8129	7153
6952	7722
6569	7170
9781	9091
6237	5748
6332	6583
3754	4194
9422	9873
4918	4000
10148	9541
9476	9028
-48	681
522	638
3210	3290
3243	3112
751	1489
8022	7462
4476	4847
6898	5962
5733	6674
5683	5428
9432	8812
9852	9818
2987	2172
6369	7307
9109	9777
5321	5514
4459	4958
4940	5695
1933	1777
5642	5379
1963	1773
8445	8827
3961	3823
6403	6909
4887	5553
-534	104
7580	8309
5581	5751
6497	6441
463	1248
9150	9391
9077	9378
5685	5615
9336	8947
6257	6581
6359	7008
9053	9869
365	1324
2555	3325
6766	6891
7264	6920
9818	9592
9960	9619
7469	8412
5409	4752
8120	8628
1774	2771
929	1194
8919	9428
7838	8480
7655	7170
7452	7064
7058	7672
10131	9785
2996	2971
3465	2577
5538	6372
810	1470
3093	3862
4716	4753
6621	5891
5470	5459
3738	4088
10614	9749
8722	9496
2241	2226
4001	3714
7142	6407
7217	7676
5082	5085
932	1921
6530	6888
2239	2532
6378	6986
29	941
7891	7710
7987	7821
7453	8195
5466	6172
8791	8126
1872	2523
8271	8684
10079	9639
7342	6677
-553	336
-81	665
3027	2125
6554	6899
7847	8613
8305	7402
8434	8325
8583	9088
5263	4631
556	756
7808	7929
2270	2820
6436	5583
9612	9392
4714	5648
6221	5240
3435	4181
7893	8238
2998	2511
7786	7313
1436	1724
2427	3380
5994	6177
2350	2545
3103	2452
7339	7960
8310	8533
6298	7184
4911	4986
5320	5689
5624	5346
7140	6616
6090	5887
7930	8535
3538	2693
5287	5872
7162	6913
904	817
5132	4421
3765	3895
10217	9365
6500	7252
8769	8984
9332	8365
3116	3713
4659	4602
4603	4036
5856	4936
9241	8773
8782	8318
5208	5669
1813	2234
6191	6143
5230	5669
3675	2762
6912	7435
7804	7768
2477	2728
2267	1825
7959	7072
8519	7848
180	947
8474	9241
7519	8156
5527	5704
6200	5830
2779	3366
4810	3952
8434	7464
