500	248972
758	1223
1315	1601
2665	3577
6051	6100
3604	4351
1563	2494
2005	1126
6891	7656
-469	35
2694	3151
6089	5907
8243	7868
2788	2928
7784	8783
-458	188
5871	5111
7306	7244
295	477
6728	7153
625	124
7150	7183
6880	7574
9076	8849
2778	2897
1476	2079
2762	1779
10931	9935
3221	3361
354	860
9261	8864
1823	851
4253	5161
7672	7037
8454	8914
8952	8565
2790	2044
5325	4358
611	407
7851	7550
9067	8441
1623	2054
4950	3964
3244	2569
5627	4849
2882	2172
7198	7178
3373	4037
7891	7467
4057	4327
7856	7967
7481	8121
8114	8638
2726	2331
6561	5683
4524	5051
5961	5859
7866	7046
9703	9091
2787	3498
6412	5745
626	354
4431	5042
1471	1612
9104	8168
724	1592
4242	5180
8015	8847
8716	8541
5140	5566
7022	7408
1314	1050
3517	4072
9952	9440
347	412
8959	9805
4114	4958
6427	5430
1291	900
5276	5211
5483	5682
5059	5200
1911	2866
1787	1030
1520	1575
8667	8334
10648	9915
9584	8600
5923	6534
3442	3499
7629	7328
2384	3101
9693	9813
8345	8635
5470	4626
9084	9779
7328	7000
6734	7519
1627	1728
4276	3975
3857	4199
7748	8637
1333	747
8376	8098
8574	7979
4880	4224
1925	1251
355	294
5187	4909
2307	1775
9676	9125
5666	6192
1943	2882
8301	8693
1332	1315
4775	4264
7929	7679
9049	9626
9912	9191
6223	5704
8596	9319
5098	5178
10424	9955
8197	7984
1507	751
-26	749
7952	7662
4949	5055
4099	3354
7523	7857
8587	9117
-26	181
8527	7723
1834	1571
4504	3880
7335	6786
10866	9905
5681	6472
3239	3786
7311	7425
88	565
3042	3466
7335	7817
7993	7825
9297	8618
2923	2190
3520	4152
105	881
8329	8527
895	1491
1703	2429
1639	1956
6015	6590
972	1247
9256	9234
4762	3966
9978	9548
1441	727
1853	2303
1509	1238
4657	4232
1093	1359
5385	5796
8985	9313
7195	7394
2252	3079
5463	5430
229	1211
9269	9813
5142	5098
3895	3833
5925	5195
7415	6495
3595	3448
4156	4473
2475	2421
5240	4463
5751	6143
2824	2370
8044	7283
1969	2610
1327	2289
2245	1747
6969	6411
6463	5957
6096	6957
-279	571
6287	5872
8742	8073
8461	8566
6691	6707
471	304
914	1117
8614	7778
8664	8254
5813	5952
7364	8125
9771	8902
2050	1740
6828	7782
2909	3172
928	188
2651	3242
7823	7159
7156	8082
6348	6562
3276	3061
1836	2309
5099	6015
-16	366
7166	7850
2455	1483
4292	4558
1491	2196
9376	8400
7265	6696
949	1068
4619	5312
9113	9293
9050	8326
1134	897
4174	4866
4627	4455
658	838
3813	3611
7899	7441
7442	7521
6861	7433
6638	5659
4134	4726
6377	5958
2355	1980
5296	4655
3334	4037
8177	8817
1088	377
3840	3600
5778	6374
2625	2415
250	1227
4433	4767
3122	3837
7857	7590
1314	716
8040	7249
6917	6361
8903	9565
8855	9286
2655	1983
666	869
2278	2035
7847	6863
6721	6486
6642	6392
7416	6800
1841	1277
3100	2637
-219	204
3002	2733
1862	2530
5304	5415
2220	2243
8109	7230
6111	5549
7321	7554
3301	2714
1293	366
8127	7926
8480	9165
7769	8455
7368	8287
3802	3881
6981	7547
7130	7501
6735	7706
9434	9316
5830	5273
3950	4450
8787	9439
4408	4418
5599	5470
3765	2932
9619	9411
8963	9038
2016	1526
6404	7242
10046	9926
3909	3439
8198	7909
1066	454
4441	3673
5028	5085
8212	7680
1563	1447
1449	2235
1164	461
6441	5698
3646	3539
6880	6954
-136	35
3046	2771
7041	7347
4533	4750
6176	6519
8046	8075
5370	4624
7449	6742
463	692
5082	5594
8717	7890
405	705
1286	1885
1571	798
6964	7863
1598	703
5757	5286
1155	1525
2146	2521
3453	3416
2477	1637
1621	2363
10043	9589
1951	2320
7140	6228
4589	5122
1271	2094
851	1523
4603	4933
2249	2104
2579	2775
6101	7043
2549	2631
7192	7043
3354	3898
1073	541
4553	4651
1383	1793
3822	4711
7161	7224
8073	8378
7580	7759
1154	875
6309	7152
8206	7953
1382	1305
1759	2061
5179	5138
5501	5971
7059	6193
5424	5341
6390	5401
2531	2340
631	582
8460	7657
3725	4341
1951	2854
8286	9208
737	1380
2921	2239
6507	5614
1786	2762
3843	4594
1334	1420
3392	2782
5903	6783
6229	7048
8498	8112
5772	5728
7172	6438
2626	2850
1175	2122
3203	2876
1740	2135
7059	7688
3293	2642
4668	4267
241	30
10100	9653
1912	2128
5673	5412
2716	3259
4166	3797
2368	1846
2049	2768
6579	5612
6143	5412
3662	4024
4569	5413
5696	5246
1416	530
9250	9104
10125	9642
3357	2712
7123	6933
4126	4432
3495	2806
755	1155
5411	5413
1656	2478
6722	7635
544	148
1694	2173
4620	4037
7313	6680
7596	7037
3012	3522
1574	1061
7099	7977
5420	5161
2258	1315
9075	9957
10448	9987
7823	7074
7363	6814
9376	9930
3418	3991
-641	198
6184	6952
1080	99
10001	9868
4283	3544
5581	5979
10209	9256
4493	4727
959	1567
7585	6712
2913	2865
6273	5337
3949	4800
5919	5840
3778	2950
4007	3862
2507	2344
3174	3733
7745	7147
9265	9577
4246	3341
1591	1645
5231	5861
10493	9715
4894	5117
2633	1654
6169	5828
3897	4271
4601	5493
7852	8060
7211	6292
4278	4293
8108	9085
6659	7429
1980	1624
3587	3273
5180	5264
7090	6615
6969	7641
1011	1256
5367	5460
7374	7089
6608	6251
7359	8266
7497	7821
8703	9241
5481	4598
6131	5450
7786	7909
7148	6266
6772	6236
4401	3552
3619	4455
4420	5327
2427	2847
507	1203
5133	5843
5388	5945
9210	9650
3712	2892
2721	3239
5120	4285
9101	8368
7145	7871
1747	2613
8709	8511
-915	25
2880	3050
8307	8580
9702	9278
789	1310
6586	6084
7798	8772
8072	8301
9131	8941
7773	8595
9904	9675
5408	6368
8553	8965
1596	669
1254	1077
3227	3128
7121	7593
1102	1932
7466	7258
