500	597642
5074	4853
6311	6073
6057	5801
10790	9830
3867	4646
2720	3589
2736	2448
4955	5382
2365	2006
4199	4053
4452	4878
577	1561
1508	830
991	447
4197	4841
-377	580
9230	9580
4014	3284
725	261
4301	4045
4320	3688
876	1391
9045	8923
3340	3062
6596	6484
5490	4779
1730	2041
5952	5731
-103	370
5328	4768
7231	6886
7422	7607
8590	8350
508	900
6649	6707
9261	9868
9537	8929
3730	2881
25	733
1697	1482
5019	5760
431	1281
8960	8951
3693	3374
5383	5891
1008	882
9678	9840
7836	8296
2275	2082
2937	3151
4155	4139
5599	5534
392	627
7628	7270
6809	7060
5097	4928
569	1363
2635	3323
9617	9571
6445	5986
7758	7541
1672	941
8293	8059
7764	8274
8853	8431
1550	1631
957	794
8757	8339
2889	1931
9471	9131
-233	711
288	865
-549	266
7924	8738
3659	3586
8125	8000
4232	4294
913	1211
9010	8176
5151	5195
7082	7259
928	1878
-445	341
5445	5824
8480	8528
553	317
5543	5364
4993	4014
1469	1719
8470	8168
2991	3826
2251	2782
4449	5107
3806	3174
5897	6179
3027	2591
7363	7897
7076	7841
49	1035
3772	3212
5496	4970
4482	5151
1223	1060
2089	2313
8098	8268
3876	4433
3563	2998
8722	9268
3349	3910
3176	4089
3542	3513
10285	9878
6566	7498
5880	5997
4644	4086
1203	798
4738	5439
5235	5739
866	1465
4709	5627
292	1234
4109	4528
4419	3626
5924	5039
3065	2588
-223	327
7712	8510
-431	212
184	626
3304	3595
7511	8120
7025	6469
6250	6693
-437	56
3641	2961
136	592
2562	2093
6548	7480
1134	1618
5512	5957
3982	4349
9568	9360
3408	2839
2382	1568
2643	2130
4125	4526
6251	5907
108	159
5468	5904
9673	9811
8351	8599
5451	5761
4814	4576
8304	9113
2529	2110
2557	3101
3514	4056
2263	2019
8966	8382
2571	3061
2388	1452
7820	7112
1903	1283
2844	2660
-345	187
2537	2401
4734	5575
1330	2181
8043	7752
3554	2695
1860	2714
2789	2670
4293	4607
6705	6366
5402	4626
8927	9852
10028	9715
10134	9787
3085	3289
5007	4534
7904	7620
5156	4964
7940	7798
10243	9696
7826	8437
2262	1762
3967	4538
1116	622
5456	5471
4282	4836
2801	2764
2352	2524
4014	4354
7170	6178
3873	3812
4601	3820
6482	6700
471	976
5949	5927
6110	6397
8570	9414
7517	8216
8776	8941
5559	5798
2159	2175
7498	7210
7107	8024
6198	6471
745	1099
2630	2722
5602	6062
2451	2692
4342	5325
4210	3609
6046	7042
8123	8318
4046	4515
3914	3109
1979	1722
1463	569
3020	2244
1155	1538
-779	215
2011	1700
6427	7008
6641	6222
7577	7314
8522	8534
4423	5283
6268	6593
8759	8499
1495	1483
3736	4146
10037	9172
10589	9850
5558	6115
4520	3870
4497	5063
1771	2011
1764	1748
8502	7535
8637	8439
9555	9585
56	190
5597	5465
4506	3544
771	747
3219	3329
5467	5969
-73	759
8463	8592
6778	6966
-97	876
9133	9249
5489	5142
8282	8256
1713	1669
6832	6580
6136	6369
3304	2473
5268	6254
2146	2148
7867	7393
2603	1891
4327	4328
8504	8235
2424	2225
4886	4436
2616	3581
8762	8690
7328	7385
4505	4102
6021	6342
6366	6658
3929	3801
298	894
1537	1497
9997	9757
5866	4869
5501	4955
7539	7000
1745	1171
5345	4741
4347	5028
2709	1994
4123	3395
7859	7013
1487	1135
1670	880
6093	6063
3228	3274
7205	7437
6540	6349
6579	6363
2210	1543
2657	3117
6495	7210
1418	470
6740	6245
-141	271
4580	5565
-105	320
4668	3864
5671	5930
4939	5597
5994	5774
2211	1651
7342	6344
2810	3106
5215	5569
410	375
10476	9542
8333	9324
6803	5885
1364	1859
6930	6509
2349	2523
9383	9999
263	985
7412	7480
874	623
7778	8155
2310	2814
2245	2976
3098	3556
6199	6919
3039	3581
4471	4217
5569	6470
501	1175
1641	2608
2582	2102
6313	7215
3417	4220
5076	4379
1483	1132
1589	1304
9444	9977
87	136
3429	2740
8504	7848
1102	324
2007	2469
7323	7035
552	993
4567	3617
7664	8596
2241	1433
4819	4169
-95	360
4193	3703
6255	6251
6355	7130
5737	5474
8742	9179
7333	7308
5203	4222
4494	4806
7714	8523
2492	1979
3698	2753
6516	5818
4264	4016
9395	9861
8473	9254
9388	9434
8746	8064
4504	4313
2695	1911
8896	8809
3817	4351
4389	4467
7074	6451
7937	7966
3111	3817
406	839
7897	8243
229	621
-264	257
4006	3146
6982	7053
8931	8817
4742	4615
183	308
9734	9267
4932	3965
7718	7936
4276	4892
615	408
4932	5710
5403	5505
6241	7144
5021	5907
8222	8708
3800	4597
7376	8377
7680	7136
2217	3117
7448	6674
268	978
5536	5244
2790	2260
6579	6077
103	269
8393	9064
2977	3411
1135	1582
5153	4666
5394	4670
6972	6356
7660	7930
4034	3619
8362	8277
9819	9518
2707	2862
9402	9946
7697	8141
-92	341
8020	8413
3879	3405
9104	9291
1915	2044
3428	3721
4454	4713
2852	2786
6426	6712
1831	2151
8262	8484
9120	9768
8062	8082
577	1200
10481	9791
2065	2936
6607	6261
6106	7091
8204	8824
9400	9183
3860	3606
-405	279
4061	3998
9092	9385
1017	132
7004	7391
5174	4666
9417	9320
2009	2491
3109	3478
5974	6211
8584	8763
3317	4113
1477	1191
7959	8587
2400	2858
9763	9629
7837	6861
2147	2552
6719	7038
261	483
8149	7650
4257	4290
729	599
6562	7488
814	1765
2718	3193
5880	5225
8498	9084
1964	2944
2292	3141
2684	2565
2063	1640
8288	9098
1506	2021
6728	6874
3140	3267
910	356
7796	7844
1368	687
831	1382
1305	1733
9638	9330
7641	8230
6600	6077
2650	2435
6026	6029
5355	4689
-88	776
2005	1859
2707	2624
5243	4355
5667	5959
8949	9797
1498	2016
2584	1837
9853	9286
639	674
3483	3230
10036	9732
8647	9131
5031	4874
10428	9868
