500	1298907
5652	6617
7883	8158
6458	6425
7270	8151
9382	8952
9693	9529
5219	5725
8343	7382
4028	4193
5506	5272
7662	8264
9289	8663
9582	8760
3579	3675
7450	6660
2112	1485
8821	8181
6310	6707
532	677
6055	5077
4244	4641
508	1145
8977	9100
7322	6679
2664	1715
2208	2880
7594	6702
6417	5957
2698	2069
446	367
10624	9775
5662	4709
8258	7845
8782	8911
3609	2623
1113	852
5939	4944
3374	3980
2883	3227
-21	40
2877	2608
1578	1270
4092	3516
1706	1123
3696	3209
998	665
10062	9691
4526	3641
2688	3139
7870	8759
3851	2890
10208	9376
5016	4311
5116	4581
-18	364
8799	8829
-310	242
9388	8633
780	27
9926	9341
6950	7595
9556	8921
1288	1729
4093	3876
1448	1464
3035	3332
5005	4948
5498	4890
9233	8765
3272	3146
-235	441
8131	8451
5208	4775
591	791
9022	9541
4873	4388
3499	2840
7042	7124
8922	8573
1525	2139
7156	6336
7375	7093
1860	880
7887	6893
841	1452
4365	5123
5640	4716
9767	8926
2426	3360
895	644
2931	2550
3478	2739
255	1043
3627	2661
3713	3564
3253	2355
9769	9324
6736	7535
7558	7781
3132	2550
7839	7169
3062	3827
4051	3949
4386	4079
5243	5171
7280	6561
3105	2456
10310	9461
1336	1865
6244	5818
5497	5975
1975	1679
4182	3971
4601	5500
9039	9992
4196	3686
2583	2073
7119	8100
5792	6616
10465	9681
9194	9603
5267	5858
8913	8244
3719	4613
6275	6495
1355	1887
1869	1305
8392	7767
9747	9130
10200	9729
4431	4019
8074	8985
1360	926
9355	8464
1108	1966
2596	2030
7975	7089
6660	6330
5850	5910
1193	1791
6750	7723
5251	4873
9584	9946
7080	7006
1991	2258
174	900
5734	6500
9494	8719
10204	9672
8304	7669
2374	1677
9671	9556
4822	3938
1293	448
6415	6827
8502	8602
9092	8619
2195	2633
3102	2466
3712	3991
2613	2724
7572	7350
544	1126
9147	9352
5972	5953
3413	2433
2410	3071
9456	9098
5122	4226
9960	9558
3644	4487
4760	4657
8272	7985
1117	1669
5936	6927
524	1524
6773	6901
602	1577
7572	7645
9419	8823
4907	4301
8300	7579
5974	5948
6605	7082
8914	8925
690	280
1084	1149
3352	2868
2111	2225
6436	5935
3356	2899
8654	7857
3115	2684
7151	7825
6711	6713
640	277
6164	6959
1343	1087
6753	7235
4939	5782
6569	7510
5931	5922
7137	7349
1420	496
9457	9677
7353	7780
874	240
8999	8726
969	1421
5438	5955
5130	5901
1707	1850
372	438
1138	2116
3055	3808
849	182
5764	6662
8039	9031
5417	4893
9854	9935
7725	8660
9745	9848
9273	9702
4998	4526
952	1474
2332	1959
3868	3062
1082	233
2794	3095
3774	3874
2003	2949
5179	4571
7110	6511
10725	9972
10383	9479
4163	5027
3844	3972
2412	3388
2709	3446
7417	7499
5199	4744
1450	2294
9492	9616
3717	4008
6810	7578
9489	9612
4173	4641
6637	6488
3944	4135
6220	5257
1998	2717
4492	4454
5996	5157
9369	9417
2372	2106
10072	9873
8592	9076
7048	7358
4464	3748
2077	1402
1962	1951
4496	4555
8292	7899
3124	4093
904	205
8620	8349
5783	5983
9154	8665
6073	6994
2542	2445
7015	7700
8426	8652
6546	7187
5399	5467
-56	78
7988	8610
4747	4232
450	1322
7675	6911
627	514
7326	7466
3539	2740
8417	8015
7298	7291
4921	5836
4641	4107
4512	4756
1251	311
598	1471
9773	9227
8182	8996
6505	6280
4655	3704
1673	1709
1291	2071
4967	4081
7606	7436
6136	5688
1256	927
218	458
4980	5417
6171	6649
3983	3674
4959	4817
4480	5439
2476	3044
8904	8231
3297	4013
10346	9627
5947	5252
4976	4294
4664	3937
9477	8855
7958	7179
5940	5306
2967	2894
9093	8552
3174	3598
2266	2853
-637	73
8923	8809
9466	9077
5581	5142
1796	1677
1439	1513
9974	9169
2714	2611
4702	3887
2792	2729
3333	3949
4893	5053
2062	1460
6792	6384
2768	2181
5780	6176
3862	3880
8379	8073
4940	4727
4502	5101
3946	4335
10183	9682
8061	8771
6264	6608
7146	6460
-520	74
6549	6425
6484	7249
9713	8730
5906	5646
4744	5573
6317	5867
4094	3156
4343	5111
6363	7154
1474	636
2491	3176
8638	7694
8611	8960
5020	4603
6367	6340
1941	2178
6579	6154
6882	7001
9407	9411
8478	8497
6883	7170
461	786
3900	4654
68	911
3355	2459
2982	2350
7257	8215
4455	3931
580	696
9331	8945
6034	5914
5217	6152
7402	6900
2962	3302
5649	4853
7016	7644
2291	2512
1918	1402
6691	7029
8865	8028
5938	6562
1598	1472
1173	421
4767	4653
7234	6639
4053	4503
1075	1071
291	971
2131	2861
6047	6984
2046	2421
2720	2438
4950	5760
4587	4801
9034	8855
9040	8626
9005	9558
7519	6543
8396	8202
7636	7445
442	1144
3308	3744
5017	5305
2404	2888
6206	5337
7689	8582
1219	849
4999	5393
7106	7563
8810	9395
5095	5725
8465	8185
6897	7172
1983	1611
2328	2274
6982	6566
7014	7355
8344	8335
7947	7727
9941	9880
904	1092
6463	7172
2099	2185
3997	4900
5105	5460
9402	8867
1419	1370
8710	9170
7909	8130
-332	267
6018	6188
1064	172
9349	9844
5824	5256
6214	6080
7507	6985
9455	9949
1299	1816
9136	9423
4815	4583
4512	3713
8851	8770
7790	6852
3955	3624
5960	5072
8696	8087
6682	7073
7418	7504
3226	3117
1384	838
5066	4246
8615	9071
8213	8329
9779	9030
4915	3953
5999	5336
8869	9765
9065	9099
8469	8397
1470	652
9051	9315
7167	7430
3631	3348
5821	6007
237	395
8355	8364
5449	4665
1881	1538
4590	4672
3421	3447
6663	6883
8989	8992
8328	9239
2951	2318
3483	3516
7283	7454
8292	8059
5973	5569
3444	2519
486	574
5057	4770
1042	258
9867	9074
577	1482
8640	8714
6019	5072
-876	62
5245	4947
9121	8506
2306	3287
6675	6585
844	1203
8449	8327
2596	2401
1374	1050
