500	1271296
10734	9948
5518	5954
8314	7870
5474	4712
1970	1440
-144	644
6626	7465
1846	1386
5016	4834
6894	6386
7503	6734
3244	2357
6425	7291
1942	2326
1002	574
6116	6245
2766	3570
9875	9438
4790	5643
7634	7202
-771	33
8495	7648
743	712
5853	5310
7261	6568
9706	9054
7873	7465
5647	5542
6763	5898
5193	5724
10615	9648
3558	3343
648	518
518	1007
8839	9632
6608	5946
9701	8758
10331	9864
9148	8977
5556	5013
2636	3220
1232	1550
8268	8179
865	1791
2173	1309
6852	6898
1776	2186
579	525
6252	5723
1921	1568
6602	6091
1216	1370
7690	7458
452	668
1788	2758
5657	4682
8030	8801
2991	3013
3474	3321
7034	7407
675	1372
2845	1937
6707	7248
8934	8965
3521	3991
4109	4677
3792	4396
8484	7633
3282	3631
730	991
7354	6684
5552	5069
982	1903
9389	8816
5159	5587
2513	2556
2720	3230
6344	6868
2486	3304
10444	9800
2189	2715
187	79
7583	6873
5169	5315
1667	2364
6345	5948
1990	1976
6463	7235
4849	5449
2190	1805
4686	4976
3548	4345
5765	5203
4538	5034
9578	9747
1962	2151
5240	5660
5454	5923
6528	6293
5746	5740
4578	3893
7624	6758
10045	9054
1950	2450
5998	6394
8960	8241
900	1317
2147	2278
6810	6501
973	1376
9372	8496
6917	7764
9143	8459
6788	6687
1050	1274
2978	2462
7034	6816
8253	7385
8748	9564
6030	6723
6752	6791
-513	30
3205	3900
7079	7329
6023	5969
5164	5702
5397	4934
9361	8619
4157	3502
6972	7199
5797	6787
6892	6292
4258	5231
9615	9471
2110	2566
4162	3455
4694	3860
924	167
8988	8494
674	862
2113	2551
6112	5278
-726	28
10460	9932
2384	1904
4344	4656
9791	9493
8718	8644
3144	3680
1816	2221
6036	7011
8174	8305
1332	1862
4686	4981
3160	2319
7740	7521
8906	8758
1544	1409
9735	9397
5668	5018
5493	4821
2005	2694
3660	3325
2094	1740
6761	5802
5763	5952
1946	2339
-414	35
9445	9080
8007	7259
3690	3561
8286	8970
8	280
8129	7455
7539	8069
7567	7328
7516	8497
9077	9906
8352	7709
2036	1528
2787	1957
1968	2674
4146	4440
5717	4848
-117	427
4957	3972
9880	9589
3523	2657
5132	6023
5337	5896
9507	8934
10465	9684
6886	5947
2608	1955
4770	3937
6408	7164
854	18
6348	6541
9635	8897
1000	679
6197	6197
2445	3310
1258	294
1319	2005
1678	2428
7118	6759
3618	3826
2265	1495
5534	5086
3798	3426
2871	3284
8270	7619
6287	6778
1134	461
8739	8250
4794	4997
8148	8492
2718	2935
7264	6975
2205	1453
5103	5542
4184	3467
3667	3708
5281	5490
8675	8410
-439	518
4991	5856
7680	7697
7802	8647
4906	4659
1005	1999
-113	399
7348	7017
6617	5627
1053	976
5964	6097
8554	7993
9286	8588
3951	4524
6775	6844
6055	5696
7879	7330
5873	5497
6381	6887
6431	5887
979	96
3397	3905
8294	8375
-823	178
1767	1264
7790	7431
795	374
6882	6923
4270	3474
8704	9389
7517	7083
7087	7677
9862	9338
5012	5789
5398	6373
3588	4122
4936	5912
2597	3313
5786	5298
4550	4638
413	995
7344	6626
1092	194
3697	3032
7116	7698
3761	3983
-783	208
6086	5543
4569	3888
5379	5769
6598	5710
3698	3079
4008	4267
2821	2258
6478	6233
9407	8830
8471	8018
507	1298
4681	5354
2278	1877
2309	3100
839	534
5647	6573
2311	2852
3377	3759
7890	7072
4363	4862
3918	3792
8644	9245
9519	8692
6518	5647
4421	5407
9381	9327
8257	8226
6836	7384
269	435
8631	8664
376	142
3739	3396
2552	2048
8435	7965
9149	9325
2440	1974
8521	8305
2215	1868
10263	9399
7024	7221
3779	3881
7317	7861
4526	3932
4627	4911
9355	8431
7609	8038
1946	1514
4828	4269
522	1291
8646	9032
1765	1410
796	83
4228	4927
8738	9415
1801	2168
4528	5481
10225	9534
5321	4506
2056	1289
-396	535
5616	5694
1200	995
2971	2709
8118	7120
2997	3848
4871	4615
9907	9860
1108	1324
9087	9351
9979	9110
3312	3724
527	271
409	635
3995	3074
7854	6896
7581	7993
5222	4884
6738	6148
868	603
1039	1591
5325	5770
6686	6059
10338	9958
1072	414
4992	4471
9075	9882
-386	464
7900	7804
4803	4928
8545	9372
7904	7189
-166	764
8966	9056
6671	6015
1134	178
1404	459
2382	2866
7748	7927
-411	251
4555	4835
3928	4214
8944	9268
4937	4868
1272	2127
8796	7947
4454	4321
2002	1567
3530	3558
9271	8348
2858	2983
10321	9882
6921	7176
6410	6310
1481	1922
3196	3442
287	1282
7370	7823
4724	5036
7780	7619
6103	5188
5872	5013
3333	3404
7608	7297
10898	9904
9121	9237
7340	6872
1723	2678
8203	8217
4989	5501
5840	5548
9776	9597
9717	9300
-585	81
5510	6461
8848	7850
2531	2319
4580	3860
2298	2144
4784	5387
3124	3151
7009	7636
5756	6445
80	421
4923	5652
8051	7502
7662	7566
595	731
4677	4516
7527	7553
1613	1213
9506	8976
4800	4615
5713	5605
684	343
8703	7860
8811	8318
5979	6219
2149	2159
4935	5774
5537	5264
1893	1713
166	372
5932	6047
6907	5958
2384	2215
5892	5352
6370	7054
3088	3080
6551	5779
6989	6353
9287	9619
4671	5484
10423	9431
5734	5180
7950	8156
4049	4830
6528	5977
4389	5016
6410	6439
8328	8325
3521	4495
9796	8898
5673	6345
6383	6910
8715	8103
2831	2112
5228	4283
8973	9910
4731	4292
1066	1620
4387	4588
4934	5020
3386	4353
5431	5290
8323	7359
9352	8500
10740	9993
5792	6105
2090	2078
342	1163
3251	2627
4512	4253
2732	3572
8891	9677
2601	1955
6555	6663
1128	448
9960	9810
8165	8068
8719	8295
1561	1417
4038	3631
7628	6894
4068	4098
9711	9101
8230	9152
8344	7590
1851	1340
3933	3918
950	1728
4404	5016
5579	5117
6347	6423
6455	6615
6636	6377
3411	2620
3654	4406
5851	5553
