500	1841988
5944	6460
6697	6313
3481	2902
4125	3912
165	277
2223	2171
6630	7565
4491	4017
1413	664
7589	8040
-229	322
4448	4989
1524	646
2114	1471
9900	9543
6416	7064
2218	1844
3834	3739
9957	9308
9245	8663
1076	892
8091	8637
904	1252
3196	2283
4077	4756
6892	6817
9577	8773
10307	9890
395	37
1993	1415
546	1070
2196	1933
7227	8205
872	362
6400	6026
7010	7095
3291	2561
2535	1725
3742	4737
6216	5726
222	681
1725	921
860	700
1662	1576
5213	4873
7608	6667
7770	7820
4581	5207
4245	3327
10238	9888
3628	3648
1826	2620
8407	9065
5523	6372
4150	4703
6730	5997
7258	7343
6932	7540
895	430
1782	1482
4307	4809
7574	7596
9604	9451
1482	1355
8018	7426
4903	4832
5026	4576
8271	7281
7149	8147
-8	145
7591	8452
1729	936
9234	9409
1024	188
-687	294
1943	1491
2606	2521
-246	433
7378	8241
8116	7452
5014	5733
6397	6739
9103	9734
5882	6651
519	374
3608	3433
8653	9287
7368	7323
9704	9195
2074	1236
1608	1883
6694	7293
2536	1813
2129	2726
5390	5863
2663	2070
8969	8811
4501	4606
2137	1882
8734	9129
3962	4403
2824	3784
3385	3281
913	1440
4642	4968
8163	8314
6006	5402
8169	7605
9362	9682
10864	9970
2599	3210
8862	9843
9349	9903
4051	3269
5451	5704
-152	391
7185	7661
2791	2852
920	1631
9364	9767
6396	6966
9518	9801
440	37
1352	2284
3690	4087
8612	7966
4154	3348
5916	5668
2541	2255
694	1385
3161	4036
1464	769
9270	8652
1918	2637
7664	7910
3459	3233
3570	3187
10168	9946
2369	3141
6222	5645
7794	7186
6758	7227
1661	1417
-844	134
5403	4534
3901	4334
6097	5997
6616	6617
5677	5073
7967	7635
4226	4361
1106	561
6108	6603
7863	7122
8853	9088
2593	3322
2626	2728
2653	3158
6434	6145
548	520
7364	7513
2459	1951
5871	6306
5238	4510
3314	4172
6945	7063
10336	9362
8097	8783
5384	4482
2625	2058
5751	5022
6941	6193
8978	8630
4371	4598
9108	8993
7659	8156
5425	6321
6342	6366
8898	8673
3253	3059
4841	5722
865	432
4308	4096
3677	3750
5923	5117
4338	4849
3930	3890
110	592
6930	6743
4379	3646
7456	6657
8919	8592
2214	1907
8235	8306
9250	8536
2085	2478
7743	7836
1326	2044
2913	2122
10153	9564
7363	7952
921	81
1828	1806
259	713
1920	2212
501	635
9086	8862
4666	4548
7089	6886
4821	4050
6446	6920
2487	2382
5563	5788
6650	5742
3225	2921
7723	7852
7000	6070
9939	9066
4083	4955
6938	6422
6893	6839
9435	8737
2915	2633
9689	9172
2707	2488
1696	1291
5122	6100
1399	513
53	800
6868	6149
8910	7912
1924	945
7291	8283
2090	1855
1765	2491
3785	3106
2524	1684
7398	7732
5026	5125
796	186
951	124
2943	3370
8732	7852
4112	4462
6448	6488
8121	8724
1627	961
8620	8379
5260	6029
8348	8831
5795	4861
4093	4199
4705	3777
3462	3563
4284	5185
3170	2864
7160	7929
3364	4234
6513	6467
7087	7135
2865	2009
4025	3705
4606	5525
9467	8564
9413	8668
6949	6423
5653	5682
6880	6423
4590	5255
4148	4711
7362	6437
1813	2098
5840	6511
2824	2849
8711	7730
3020	2283
3178	2193
9775	9060
9042	8069
1708	1974
7115	7721
7016	6615
5756	5369
9186	9213
4999	5726
6573	7413
1061	553
2941	2879
1269	2192
7312	6392
1733	2061
5615	6012
4729	4660
4753	4674
5042	5397
2284	2168
5175	5042
2632	2872
3957	4523
2982	3736
9208	8710
9023	8762
4351	3361
3229	2678
137	70
1306	1826
8578	7743
8839	9087
10017	9259
3839	4186
110	406
4921	4124
7833	7840
7921	8561
1428	1782
8804	8962
6869	6148
2964	2458
5847	5714
545	1412
4438	4203
-89	616
1773	1073
2732	3403
10751	9813
4202	4986
7104	6645
7851	8369
2383	2456
2785	3198
1085	1928
6505	7432
7120	6233
3231	3935
1719	1375
1008	432
5332	4935
-769	226
4431	3453
2953	2690
2945	3920
9749	9835
8688	9487
7044	7752
1430	1483
9643	8883
8771	9459
3230	4189
1676	2555
7619	6692
10293	9820
5610	5858
307	873
6788	7113
3215	2415
-374	294
-342	180
3914	3250
1385	1034
7474	7960
8493	8301
7738	8629
5674	5859
5916	6153
781	939
8803	8694
5867	6318
8756	8216
7312	6986
4970	4219
1343	1481
9096	8438
6380	7343
7052	7678
6378	5391
7932	7243
6051	5182
4543	4153
8343	8688
3133	2157
5700	5852
2607	3088
2054	1752
8503	8415
2614	2983
656	842
3773	3496
2311	2475
6468	7318
5623	5565
1945	2140
9774	9103
8930	8677
1779	1065
6483	6264
8807	9694
201	422
159	636
484	436
4383	3614
7839	8034
1465	586
6848	6438
4175	5070
5548	5916
8571	9166
9058	9792
7546	8080
8369	7875
1320	2184
4295	5068
6739	6252
1246	1009
4808	4013
9617	8640
3942	3919
4287	4785
7829	7257
-409	267
6860	7680
9507	9311
7041	6941
1483	1465
4611	3922
6322	6867
10760	9828
115	685
6465	7422
2806	2022
5501	5841
873	1764
-63	38
907	614
705	474
5476	5972
10047	9766
7407	7703
1253	736
1380	1725
1151	1210
7500	7113
7671	6876
9467	9820
6682	5842
7467	8435
8403	8855
4387	4145
5910	5802
1812	2538
7850	8342
6239	7133
329	144
1042	1165
2945	3057
1504	1888
4182	4184
8065	8007
2325	3149
2048	1708
1863	2371
9950	9727
3913	3044
6664	6469
1689	1333
6848	7824
173	219
-155	485
3142	2494
8142	7593
1369	891
6240	6168
4355	4831
7110	6133
3895	4704
9744	9672
7435	7038
4082	4651
3386	3269
1581	1630
3279	2828
7024	6979
1222	761
3660	3408
5462	5464
8156	8804
7153	6831
2088	1428
2759	1849
9190	9640
4766	4456
10470	9978
4688	5062
3958	4278
3003	2098
5558	5635
5323	5360
7089	7971
7156	6427
4966	5725
4609	5082
