500	1227155
2686	2997
6329	6726
3962	4726
4766	5754
4937	4050
8128	9068
1478	2070
5547	5566
1706	2437
932	1601
1845	2763
6675	6199
9829	9870
8637	8003
1934	948
5083	5789
6894	7030
2005	1252
9106	9103
272	121
7079	6893
3526	3214
10078	9949
6031	6648
3000	3401
4583	5070
5302	4684
7895	7992
9573	8581
3770	2892
5659	5981
6183	6175
7969	7545
1115	1117
4665	4430
3176	2504
5843	6776
9413	9339
8184	7199
1762	1813
467	587
10085	9465
4955	4501
2957	2526
10217	9802
4444	5312
933	449
2487	1496
4873	5263
8034	7344
1045	200
4042	3717
1969	1915
6513	6402
8254	9042
7041	6063
2324	1447
8547	7601
8811	9335
2218	1732
1936	1894
6961	7621
4995	4881
5829	6687
7107	8079
5815	6187
4779	3877
5097	4308
2667	2959
606	1256
5943	5275
403	683
5182	5549
9254	9021
862	1112
6725	6722
7487	7795
1725	1699
5545	6162
8409	9171
9121	8766
4862	5222
2139	1612
4353	4785
5628	6590
10136	9273
5366	6061
5545	4938
1897	941
8245	9195
1975	1061
1615	1409
3067	2962
4356	4235
8598	7843
3320	3362
5046	5113
5325	5602
4200	4464
7697	7646
9398	9129
3104	2917
8781	9577
6314	6798
5505	4515
3143	2569
7587	8260
1002	783
3802	3435
970	343
179	1125
176	589
883	1343
6469	5665
9588	9279
6263	6858
5706	6581
9454	9947
74	332
2871	3026
10033	9088
7119	6774
3181	2275
3979	4919
5887	5276
5792	6042
7648	8020
5700	5340
5526	5523
5318	5167
3690	4315
6156	5911
5359	4503
6291	6107
9084	8953
1422	2384
7586	7431
2441	1738
3070	3064
7455	8118
130	972
7432	7442
6921	7141
4719	4705
4656	3786
-382	168
3677	4600
8502	8050
7442	8288
3229	2991
10013	9640
1700	1632
4898	4531
4072	3127
2971	2729
9335	8637
832	1755
2937	2691
9254	8860
4258	4263
3047	3619
3016	3448
7707	6860
168	23
2015	2004
3381	2387
3755	4739
5685	5065
2927	3738
9032	9568
4989	5787
1057	166
840	634
9631	9140
3355	2955
4412	4841
7470	7832
7183	7494
3002	2488
9680	9838
6455	6881
9456	8839
1846	2593
6920	7240
4955	4798
8730	9148
2026	1363
1822	828
5838	4872
8666	7841
3048	3369
1301	751
6564	7321
1401	2243
1542	2112
7345	7003
2550	3359
4264	3315
2000	2448
5227	4984
-806	65
4605	4180
9800	9795
9791	9774
5938	4974
4890	5197
3944	2999
1915	2246
381	543
2835	2830
4806	5623
4329	4350
5391	4729
1457	1283
3835	4570
4052	4420
6698	6749
1954	2412
9493	9958
4195	3914
8963	8855
6828	5977
4277	5056
5824	4875
4468	5414
992	957
896	240
-16	17
6324	5674
7737	8496
4184	3918
892	1228
5207	4218
3086	3561
8999	8527
2189	1810
3719	2935
4926	5585
1817	2360
7065	6293
5114	4515
5266	5162
5786	5258
2707	2426
9101	9181
7973	7525
6643	6541
6224	6468
4120	5094
8256	7637
4298	3854
7139	7353
3519	3583
423	1130
4168	3396
5680	6420
4305	3726
5350	5368
2253	3110
2259	2618
4559	5066
9048	8092
1155	1598
8758	8716
641	939
6806	6664
1515	2149
7012	7931
10068	9657
1132	729
5684	5538
3928	3666
5463	5080
4139	4599
9744	9530
3129	3184
4335	3710
9563	8905
3156	2186
5177	4703
7391	6675
792	619
7984	8085
4349	3609
6001	6665
6347	7146
1646	1485
1029	1466
1962	2548
181	1106
9270	9631
10066	9375
7544	8267
802	1352
1302	2250
6553	6279
3666	3771
1303	450
855	1798
5408	5948
5191	4748
6246	7016
6439	6608
2949	2796
6499	7248
7812	7583
848	893
3081	2923
4508	5236
6798	5963
-433	327
8560	9113
6402	5490
9292	8655
5925	6324
8522	8453
4513	4047
3659	3655
101	301
7058	6160
2147	3055
6427	7130
6101	7051
9094	9458
5096	4325
2475	2474
1302	366
2304	1451
-340	204
9371	9494
356	1060
758	302
10719	9765
4231	4816
6730	6757
5830	6669
8217	7421
5931	6462
-529	202
2984	3108
4974	4043
1287	1881
6904	6223
6039	6615
5598	6140
9853	9304
7360	6757
1232	1361
9086	9912
5309	5642
2810	3502
2751	2831
2749	2459
1402	1744
7764	7915
4493	3538
3904	3136
3073	2717
8485	7804
6725	5783
8578	8142
4094	3846
7951	7395
1130	474
3198	4085
911	326
5283	4776
5093	4860
4754	5152
9958	9894
8587	7806
4962	5023
641	1552
652	298
9203	9773
8915	9651
1068	222
6481	5515
2392	1406
8113	7625
9404	8455
9656	9428
3097	3811
424	464
6951	7243
2074	2028
6892	6492
5383	5989
6776	7492
365	103
9469	8718
1818	1529
6345	5952
9613	9258
9262	9382
10033	9199
4456	4832
7058	7418
10144	9265
3461	3956
1923	942
2339	1555
9925	9384
8054	8181
-539	180
737	490
3755	4387
-125	539
2558	1764
4542	4047
6921	6678
2544	1685
8322	8222
3692	2855
3142	3334
-381	345
8393	9144
7586	8061
1736	2145
1076	1753
6467	7227
8184	7573
73	611
8026	8302
3605	4259
6508	6222
1200	1944
1017	1501
2712	3359
399	356
7214	7516
6977	7320
6033	5303
1982	1537
4611	4324
10319	9771
6224	5530
9004	9514
8972	8159
7336	7569
7303	6515
5513	6057
4955	4400
2083	1327
8943	8263
-70	802
8205	8734
7822	8788
5526	6204
1359	1482
10215	9964
9271	8428
4239	4948
4792	4336
7714	8460
8198	8226
8029	8397
9577	9783
4650	4542
356	554
3496	2791
2159	1285
7954	8532
1644	1911
3490	3099
8026	7966
740	997
4200	4906
7629	7038
2248	1753
3176	3848
6065	6822
6566	6964
5543	5040
5008	4065
867	661
5299	6004
616	1083
4713	4721
6438	5621
7322	6386
1261	881
1819	2683
8747	9677
8510	7731
2496	1568
3497	4110
6597	6526
2260	1344
9337	8930
7154	6214
7831	8616
4934	4238
3059	3103
2765	2691
7203	6777
4020	5013
1854	2809
5981	6146
-656	118
