500	628869
1640	2005
3766	3065
8428	9186
8951	4596
7735	5986
6742	5487
3415	3915
8732	3659
3500	7197
8486	5994
7704	4198
5521	4068
6229	9567
6386	4610
9813	4555
2955	1452
2912	6720
4516	7691
2257	3467
8639	6343
5804	5380
1830	5570
5646	6913
9229	9145
4109	7714
5138	8164
8263	7010
2232	4492
6577	4969
9101	6389
5876	2056
4193	8787
5127	5060
6477	3736
8526	1467
78	681
6846	8259
6251	2491
1523	5479
7987	1984
9544	9476
147	7807
6486	8730
2298	9414
3699	7750
5802	9574
6157	6346
4712	1284
1406	7540
1371	6283
9007	7800
6964	5852
6059	9566
4695	7581
1396	2681
9564	939
2157	6063
5097	4994
4792	3746
4407	8490
1496	6560
4415	7652
2906	9126
5287	4311
6666	3009
6945	5672
809	3908
7875	3219
3473	2569
7151	4868
1602	6715
2159	110
9129	7255
5103	3920
7353	9509
2410	5200
2420	3176
9203	1677
2302	842
5987	5319
3850	9284
7342	4658
3191	5216
4228	3016
4137	1379
7883	2090
4445	6393
2199	3573
10000	7301
7492	7352
3161	6253
2551	5580
9429	8105
7257	8082
8946	9595
3400	2796
8878	741
3805	8421
2308	8033
1436	2796
9411	5670
4885	207
2063	3435
3779	2062
735	1270
5765	247
3875	4667
2179	3303
2771	9435
7736	1717
5381	1135
864	611
8227	4668
9031	534
9052	6818
9682	4814
2487	918
5020	4549
4353	8798
2962	1439
6420	8726
1686	294
3392	3864
9948	2515
9650	7683
4231	1382
5169	5094
8344	3395
6113	7374
280	5165
543	9961
6330	3030
879	1350
3930	1583
6499	6892
3021	2918
1969	1058
9563	1713
1273	9510
4227	7274
3544	8457
8656	8712
9902	6999
2106	2366
725	2386
7530	1267
8698	212
648	9576
7913	4578
7510	4411
7821	531
3681	6141
1588	3243
7853	9213
2753	2079
6486	6296
6887	1493
5008	3140
8492	3465
5506	5568
5850	9387
3186	900
9598	3834
475	7510
4763	7985
8273	8935
4867	1953
5075	2806
5195	2928
2018	4299
1358	4856
6947	4597
6348	8306
7736	4839
1770	9593
6758	3972
8980	9944
4871	4929
129	1697
8791	4891
6033	7063
3825	7251
5367	5251
57	561
8178	8426
1212	5888
3281	8158
6836	9629
2815	923
819	4584
516	3929
4907	5847
224	6129
7127	352
4178	5917
1594	210
9331	1770
3813	4697
7020	221
5258	1550
4998	2821
7437	8279
978	4272
4259	144
1546	1429
4727	2061
1709	5986
4259	1932
8466	1386
2283	2643
7302	228
9205	2985
1997	3017
7681	9017
3237	9290
566	4586
2110	4354
2864	9439
4977	3474
9582	6522
1255	661
4935	2963
2998	9193
4895	1463
578	3529
4106	4232
3757	3310
7216	2105
2678	1248
1121	2266
538	8038
6851	8999
2391	6067
4790	3719
5892	4371
241	7146
1383	5175
6461	4380
719	1355
5843	1297
1235	6300
1880	1343
5961	5447
3448	8638
3046	920
7255	9935
8958	4105
8934	7700
171	3723
1419	2415
4445	1659
9560	5828
3185	6020
207	3903
3726	2401
1551	1313
8700	9782
2655	4660
1580	2454
9649	4626
3374	6903
4560	2331
1008	3493
6382	7530
3567	7800
9944	4364
5810	5856
191	8994
8227	6749
9249	1953
5502	7151
3265	4201
6933	2271
5213	8512
4725	1213
3137	4450
8116	4049
3132	5475
3893	9513
9356	7460
3665	5652
1823	9474
1507	8365
4820	9733
1465	420
8037	6966
7570	7653
7519	4502
6276	2731
3014	7352
3943	2502
1801	8410
2902	4932
3884	6795
4444	9592
606	8108
5243	8780
3934	3101
7144	8753
9185	4960
9172	7222
1926	6741
1226	9444
7595	7501
8526	6960
4852	8820
5813	3004
7230	8715
7935	7465
5509	2379
7056	6114
6838	8650
1245	771
1750	4740
5875	935
9699	1398
4508	1624
4491	5733
7419	2085
9586	5944
9044	789
1116	4856
3793	4697
9922	1727
2161	5430
457	5569
7895	3647
4218	9139
4417	2320
3878	6644
3254	9929
8041	7761
1552	2531
9845	8971
967	5782
1266	6362
6571	2381
1218	6715
7077	7491
8441	5590
2921	5250
7510	7167
8896	8079
2658	9664
398	2887
6307	3651
2815	700
7763	719
9582	7608
6041	549
9741	7306
3262	6311
6039	831
3025	9467
8322	7818
1408	7594
9419	8917
4760	4666
6996	3769
4329	7393
6656	6988
7396	5822
4039	5158
6540	3620
9117	2580
520	8858
6238	3782
1520	2276
4612	897
8094	9285
5066	9502
6878	4484
4770	1638
9149	1765
1758	9829
5510	8413
6816	2905
587	7206
4414	3478
826	3531
6058	7697
8740	8647
7830	6611
7274	8794
7507	5367
8078	2572
1220	4956
3407	5990
2945	8907
7754	4702
8736	9615
9467	1903
2519	53
9109	3285
9882	6286
3167	5939
334	1906
937	4516
8516	8210
3309	2375
9929	7738
4946	1148
9045	8353
7137	1989
7259	1243
3043	2346
857	8861
4249	9728
8913	9709
3012	8794
5994	6178
1085	2679
4435	8373
7194	2950
2935	502
5324	2863
4592	6622
362	3636
1326	3851
1977	8584
5093	5019
7282	2301
3879	1530
2028	9143
1238	1391
4288	3583
7568	1724
6261	8354
6449	3455
1304	9383
308	2979
2245	4899
5952	2606
8535	7277
6456	6863
2213	7900
1881	9494
6553	2111
1023	4932
7605	8612
6323	8244
8546	242
9968	4806
8596	6416
4612	6251
2150	4920
5581	4394
6170	1533
3351	1056
8809	6159
7918	7373
4058	6150
6866	610
4612	4240
1894	2216
9203	8216
460	7748
8457	6779
8906	3404
9546	3517
9654	1695
4788	1587
2440	7310
3119	2142
8365	8279
8300	6283
5652	8710
8784	8869
5671	3396
3109	7564
1963	2311
5779	8774
6411	588
5552	5316
3991	1449
5184	9997
9495	9972
7935	8286
7281	1053
428	1997
5683	8727
4631	7686
7436	3415
6555	3107
6810	9663
7022	5124
8325	2801
3898	4735
9740	5801
6402	82
7250	1586
6430	3096
7909	4364
1382	1541
5416	1809
3537	7451
6887	8168
5136	675
7934	1690
3781	1095
