500	2237335
8382	6590
9452	1012
5107	2255
3174	2297
1615	7167
2701	7573
2767	5109
6030	2968
4863	91
9805	323
1252	807
4876	1651
507	5243
7350	3485
714	1422
4991	9096
4364	4442
107	9470
6697	9632
1766	4663
3150	818
2236	2269
2279	4617
5236	7141
4707	5040
7463	5959
2198	2339
7609	2705
3933	4959
2541	4647
2732	7531
94	3447
1973	6552
9268	8669
2535	7385
9683	5685
8203	1918
7953	481
2886	9540
7621	7593
931	1435
9903	3129
3773	7511
2185	4058
8821	4725
5056	7905
8608	5149
7703	580
8052	6971
5600	586
4355	5282
2622	8909
3552	6926
9389	6437
6465	3361
4029	7396
4796	3931
6876	4920
7794	5412
8977	2966
6488	4032
7222	5095
5532	4925
5674	3583
8247	7625
521	2601
2907	3142
1510	6458
68	7250
9246	2884
611	3275
279	5406
3557	3506
325	7702
8917	5654
7020	5405
9685	4241
499	5217
5517	2525
5151	3763
149	2023
2716	9407
5165	577
2216	1584
7826	1462
819	4788
1088	1098
193	996
4603	6870
8698	9872
2523	2069
5276	8559
6309	2126
127	8178
1002	1630
1940	7503
3652	4655
6909	5168
5231	5477
3103	9409
6938	3922
4196	4377
1371	741
5372	2325
3962	421
2196	6484
2489	7471
1394	5150
5949	7873
3327	3302
9502	1618
804	3153
2625	4065
8321	7855
9541	7775
3615	2830
1696	7811
7206	3066
4903	2577
5391	8864
9350	7586
1699	1838
1409	3092
3339	3709
964	3017
7010	6817
4635	4166
9970	7259
8230	4642
1465	7770
2416	5080
599	464
9242	4156
9881	4144
6732	1623
9359	6081
5561	1057
4271	6969
500	7609
7029	7816
6978	390
4632	1612
4555	953
5222	2784
5594	6686
6905	4362
8117	3855
1177	7358
8010	1057
7853	1094
2680	7211
3526	8240
4619	4148
1560	5119
1757	4940
2934	5086
5329	3917
6697	9884
4870	1918
9019	463
4955	2276
1176	3072
2482	2352
6781	6844
9761	986
4289	2440
4548	7814
7031	9167
1962	8590
637	70
3529	9922
5155	5209
3838	8203
1444	8707
6472	463
5522	1426
9090	3049
849	7923
1753	7630
4766	1513
8615	9054
304	3162
3220	7334
8680	5181
2275	9316
1602	2155
9237	3108
3715	3075
1310	5159
8133	7781
1973	3654
5558	1062
3055	6407
8984	4807
388	102
6319	9002
9155	2974
8515	2374
6659	7195
3906	5285
2862	5507
7439	2099
4966	1153
1525	6275
2663	6009
407	4635
6015	5965
2048	9069
8723	7384
3875	9110
7485	6545
4463	6639
5870	9329
5365	2528
6523	5622
7812	5737
1129	1602
4187	2446
9106	5711
8721	1769
8071	5479
6403	4085
7795	8451
3153	6517
5834	3379
1978	9670
6275	2792
6308	2144
2121	8024
4671	4995
3646	2482
731	1126
435	4917
3571	9541
6979	8643
1309	5050
4122	4063
5486	1916
8865	8639
4785	1050
8369	3114
719	4644
5906	3379
6787	8026
1402	1458
9372	5047
291	6455
2524	726
1371	6095
6618	4702
4737	7926
6103	5210
1988	1588
7126	853
6578	8262
1902	1299
1375	8973
5942	3632
2351	9080
1657	3752
6889	7381
5151	7180
3835	7674
4257	1557
120	874
6258	1209
5151	8712
6418	7138
6652	9895
4342	3229
8156	2596
4527	5883
1568	6820
9514	3918
5900	7523
4021	2788
4903	5523
6319	5089
3197	575
6645	9668
7800	9255
876	2950
4318	3646
6440	969
3540	7133
4198	8048
6080	5076
282	3999
1896	9795
7916	7795
3669	8289
6934	4923
3811	3253
11	3359
179	3008
3027	7979
8614	254
7280	2931
3899	71
3900	3791
7204	8097
8190	3283
9524	8471
7282	1419
8265	1549
5565	8286
6189	2499
3208	10000
2103	3219
9710	8633
2578	2736
6611	1191
9342	243
4121	9592
313	8020
3382	3868
2468	1571
3503	1992
41	7136
3410	4658
5036	5327
2943	1225
4177	6150
7576	6279
5720	7285
4911	8297
6373	7874
5839	5714
4468	9960
5305	1132
7979	5039
5000	447
6609	8502
8790	3002
1989	2199
7659	7024
3877	6953
8248	8053
9454	5823
683	5174
9460	1946
9822	5832
6171	2013
7897	638
1972	9553
1769	6302
4591	3120
3100	1200
7973	1889
553	9961
440	8211
6985	4316
1515	1584
8721	968
7407	9403
2493	3218
1348	8667
5401	7518
679	3297
4507	9002
2849	2628
5303	7440
2099	8403
4991	72
6643	5543
32	7082
105	3368
7750	1619
4952	6470
8938	8710
5872	1431
1927	3572
6449	7327
7441	7127
6975	1948
6128	9823
927	7782
3614	3025
2536	8604
3096	9179
498	9480
2612	602
2847	361
8572	7798
6830	3862
6507	9054
1644	4785
2625	8092
2111	6417
1570	9085
4716	4049
5260	5642
1830	8873
5019	4366
3829	4466
3544	678
3945	2507
7632	3144
2868	2555
941	6049
6416	3800
5102	8059
8584	4078
2502	7047
495	4071
6131	5210
8119	7742
7204	9949
2967	2222
4314	3147
6687	4209
3824	632
6715	1455
127	5934
4010	1067
1983	425
1218	3436
4836	6154
7514	7337
3200	8008
1408	5682
9569	5878
3424	6772
5826	6390
8993	6491
9536	5680
7051	9711
2663	118
1166	2789
6051	1527
207	4385
8303	7777
7821	3138
3930	1686
6827	7129
6045	4586
2810	5613
463	2585
8737	2641
8974	7729
5483	4861
9760	2534
4572	8774
9003	2089
7914	1405
3615	4473
5790	1917
2249	9962
1407	2530
7999	8233
9658	4043
9170	8819
6007	9632
1404	4743
2272	6729
8824	7755
7942	8583
6640	8865
3709	5642
953	1622
7046	919
2446	9187
9187	1046
5500	593
3575	3498
5177	9584
7540	4346
8403	9899
330	6158
4641	2601
9238	3464
6707	3531
8399	3346
2395	8459
5339	9699
80	2385
617	8878
7923	9804
9923	3423
6748	3498
3272	8277
9433	7164
2622	4187
7062	9303
344	1702
1904	5934
1518	4962
9464	9916
8308	8211
4726	3646
7909	1157
2382	8526
34	6657
4681	9957
79	7780
9806	3350
6056	9238
513	5030
3425	3926
4332	120
