500	253382
2281	7705
5040	7477
7405	1963
109	1568
4885	470
7495	9001
1210	1365
5047	967
8158	8307
8053	1932
1036	9067
3360	5139
5308	9885
37	3713
6663	1565
4265	5295
9269	9304
2772	3025
7618	9232
944	8854
6054	8438
4206	7263
6154	5604
8229	4311
3911	2634
2595	4946
1700	5954
6437	7007
5838	6473
7072	8853
8037	7688
4147	3657
3343	3270
3033	960
8854	3976
6165	4907
8766	370
2169	1271
2325	6750
5582	6235
9383	4528
7533	7434
481	3969
793	2670
6793	7864
1522	4830
1903	2021
4838	5245
1642	7871
6204	495
8198	8720
5401	6963
9089	3922
8234	7765
7023	167
4000	6405
4694	7884
190	1526
1852	982
4195	8644
5197	2069
9825	7099
441	4663
2343	2082
8885	4898
8929	7082
3617	4329
4045	9057
4602	8630
6822	1624
8796	7173
8028	3489
5056	8218
1366	3259
5551	1912
8254	748
332	8079
7846	772
9093	6541
9206	7977
1438	8134
5058	1407
8814	5454
463	3416
4083	3636
5039	9230
7160	9419
9070	2215
3988	435
5473	9538
2347	79
6637	2678
4509	4483
9802	3601
1023	5359
7929	8812
3492	9338
218	8657
4792	7033
8424	5226
7020	9815
4456	4180
9233	3525
2746	9572
3960	4571
5461	2658
4649	2098
1687	9157
2932	1488
9109	306
6846	7037
9117	6689
6374	5687
1698	7517
2719	121
2743	9738
9935	7198
269	5519
7074	3015
1442	7385
7585	6903
42	2233
5352	1729
7741	4635
9568	6849
4940	2766
3885	408
5806	6610
6094	7503
4127	5164
7624	3221
1254	3910
6770	1522
9429	3843
4536	870
7580	8472
4124	3973
7056	5827
2053	4796
461	1621
1644	1752
738	1880
2160	6543
8490	4605
4046	8968
9769	8021
8540	1022
1930	5309
2543	7710
5503	3431
8580	3082
1902	9055
7055	5310
4882	9107
105	5342
7079	1749
3446	7816
3628	5605
711	8469
6561	1108
3788	6329
9128	2327
7350	7409
3987	6245
5119	9490
6027	50
8923	4280
9104	2329
9589	3985
7788	9694
5679	4866
7794	5476
9034	7773
7432	6096
6242	3992
7203	6381
321	2682
5060	4022
90	9046
6618	1560
8535	2644
1609	3810
3276	7065
6138	2864
7401	3925
8909	9431
5143	6702
4906	528
827	2337
6623	7068
6329	177
9800	3001
2858	4859
7022	9299
3905	9992
859	8791
8987	8819
2600	2262
5883	5090
1478	3284
9014	6738
2714	508
3440	3972
1035	4266
6308	4009
7685	8988
4185	3836
1988	7042
8695	5362
2693	8951
5353	9903
4093	4339
8721	6693
2953	956
8134	4430
591	7147
1167	9656
7655	958
3627	5041
1575	6287
9050	5611
5274	3234
9447	7262
6628	4493
8975	5672
9795	4327
5574	3887
5017	4294
6931	7969
1601	5064
8750	2191
8563	6269
1847	2569
3578	5473
7609	5153
1759	6658
7115	3385
6244	2913
646	9223
7405	5972
4894	7199
298	467
7438	1666
1112	4368
5987	2713
9432	4736
4903	7994
7356	3101
6914	934
8574	4522
6086	6684
7532	9552
68	127
2465	7065
9349	9869
3036	594
3420	9685
7412	857
1351	8523
1576	7337
7587	1007
8424	8842
5352	5780
1942	2265
6713	6867
3139	9150
3551	7022
8701	9970
7148	7517
3387	2848
7386	6422
3441	7157
6107	852
8013	3809
5726	5940
7497	3313
6947	5920
2154	8650
8051	447
7267	1115
7314	6757
6616	7216
3778	1669
3537	925
9185	6923
124	6570
3345	3564
78	5803
767	4442
5963	6492
382	3459
9804	3680
5730	8309
2329	3781
8756	5947
4895	2421
2703	7863
5988	6480
9531	9524
3756	8715
6447	3879
1637	6143
7442	1714
8297	4560
6156	4259
1052	6537
7717	7207
216	3446
5516	8896
7226	623
4843	8473
9395	3897
2687	5382
377	2217
4905	484
931	7703
4363	2567
197	8156
633	8493
2716	3140
2751	119
6028	467
7325	6243
265	2840
1490	3842
9814	2684
8666	9208
6581	1352
941	3309
3568	2198
3792	851
9900	4506
9769	97
2662	401
4941	1729
3540	7692
1847	9567
4510	9171
2161	4774
8363	3
4968	4528
2686	3633
88	9266
4985	1028
2574	4904
3225	2718
5754	9477
7223	5523
5925	6236
2275	865
4316	2167
8556	6162
1733	9418
1685	246
543	6399
248	5510
7278	2933
9143	7365
8551	479
8393	7476
5382	7969
193	7488
7445	3768
9362	3369
3	1636
4234	4319
3802	9141
6832	1887
8558	4868
8484	5453
7618	8731
962	4896
8015	104
2260	2917
6934	7004
6745	8668
1325	3289
6155	5121
7056	1868
8490	3411
3503	9075
4081	3657
4567	7264
1895	9477
2132	378
4929	6101
5460	5890
996	3474
2346	9608
2743	5631
2963	9487
4298	4287
2775	6804
9408	9831
8671	4249
9593	8526
9675	3673
2182	4241
7288	4076
69	9419
805	1349
1872	6264
7239	2867
6089	5936
8826	8831
1566	1789
8317	2216
2427	1092
9019	1834
7274	4042
2434	3218
2567	2108
3242	4748
2701	529
5175	9121
9948	5979
470	8171
8594	4060
1037	4682
9995	6215
3513	7912
8003	8181
6479	6781
5624	5498
4967	9249
9539	7400
2466	2105
5860	5707
3204	4912
6236	4730
4032	2535
7060	853
705	5653
4912	8093
6686	1258
4307	198
9170	8661
4731	5648
5442	354
7497	6760
9603	3387
511	2068
1843	6370
4127	1398
7633	362
6127	8017
2896	9538
8869	9952
5190	3781
8044	8228
5038	8703
8425	559
7363	3155
2559	9156
9861	6407
5915	9463
9794	6426
7882	1636
9147	2008
3034	6780
8721	5512
1148	7968
5050	16
7919	6591
148	2315
4818	5186
1017	9595
2096	4731
9101	1006
3887	8961
7413	6153
8423	7206
8930	6305
5193	8077
4664	4578
1208	3385
90	2355
1352	1491
8722	9271
8081	8870
7937	9251
407	8953
8845	2502
3683	7945
3508	3921
6906	920
74	1680
4477	9003
4336	6021
3431	9000
599	990
8736	7040
9696	87
8530	8418
5709	2962
3639	3645
2212	4045
8949	7408
2898	2632
1705	6405
