500	2315665
2947	864
1893	3539
4589	2068
7561	9670
5902	5759
7271	9653
2870	6751
5205	7122
773	202
7092	3333
8956	4749
8646	8489
1812	3146
575	1455
4464	2081
8437	7410
2944	329
7300	3885
8749	4860
9906	4650
619	3528
4302	9840
279	5859
6962	7403
6060	4053
7087	1367
8801	5732
6207	612
5229	6781
8418	9692
8862	6855
3454	8157
3535	753
8393	8635
1965	8298
3285	8935
8178	3938
8774	4808
9796	5735
8562	2208
9787	5648
9926	4939
7731	6133
5550	9311
2913	320
5355	8126
3526	8808
2635	7060
5912	1027
5695	7876
5677	5331
6810	3854
5620	1936
5013	5416
7670	3574
3975	3809
9221	3900
8747	3303
6384	649
2613	9297
968	7967
3774	4493
6774	6408
7904	9038
7435	9950
6913	3111
5280	75
3316	900
2010	8328
2667	6031
1901	6641
6191	7473
6892	4938
775	3276
1938	3387
8924	2905
7706	2697
3749	831
5457	8004
9868	9243
7954	6781
8705	9585
3207	2020
484	5216
6699	9502
7598	4951
2494	3789
2423	5738
5078	9549
9013	7015
9287	7936
6271	6992
6984	6371
7823	8792
4374	4042
8034	2327
822	6738
1912	4028
5109	8747
5595	8159
4601	9545
3109	7094
3333	1883
2831	8410
1431	8195
5424	718
2482	8046
4061	5818
4416	8235
4609	8789
2277	8995
1116	3098
2084	9379
3478	3545
4477	5424
1703	9077
4968	4812
2523	4652
6694	5353
3061	4477
9900	4836
5194	2381
2881	5606
8198	7296
3841	9159
2437	6117
8153	3552
5566	236
9282	5395
3780	3758
7171	1835
2835	8490
6646	5357
3142	9691
7061	6202
519	6960
7390	2064
5693	270
7670	242
3918	1510
9400	6354
3978	7552
6257	5895
4140	5538
1290	4271
5647	4812
6105	8481
3301	9102
189	6442
5145	3602
8996	5663
561	6385
7727	2605
6654	5396
2847	6923
3257	2246
3276	3586
6150	9532
9480	6641
1421	7121
911	7068
1932	3368
5548	5233
8821	2089
8026	3965
5690	7021
9628	2602
3405	3706
5207	6411
9101	8053
3333	8709
6650	6609
2294	9151
2492	8125
5791	3913
5246	3054
980	3529
6421	2879
5113	5241
1319	3139
5558	7008
6511	1537
5962	9916
5242	1168
2678	694
5572	6010
9402	8573
8970	8047
7724	7814
6171	3514
1726	7768
2919	9057
1297	9339
8287	6409
932	9606
5899	2841
2965	2410
4377	8926
8677	5970
6445	1354
6663	8368
3715	2416
3293	9037
462	1016
6850	2984
881	4927
7104	3800
335	8400
9490	4973
1160	6773
930	3411
9613	3895
2172	341
9172	848
6310	1969
8553	9324
6688	8619
1739	9980
7655	8552
995	856
7888	8228
5782	4991
8379	2468
9742	7868
7441	901
993	8370
663	6957
8616	2834
3650	4140
33	9959
6108	8585
9283	9147
7204	7373
9127	4858
5925	6473
2066	3812
4700	4199
8802	3078
6667	8543
7298	459
5795	8290
5180	6458
1598	3796
5643	5247
4287	5676
1558	6746
612	840
5892	7815
4564	5018
9025	488
1491	1090
651	6190
5288	5804
5620	8306
4346	2917
8764	6493
7558	3944
9302	9155
4091	4944
754	8377
6971	2311
5122	7583
9502	1013
5397	4065
2383	773
905	3873
8214	1555
6414	3502
7359	2033
8159	8056
1301	6923
4548	5210
866	201
717	4956
1497	1470
9684	8467
3780	4805
2401	3281
2169	4150
3697	4551
4922	4601
8423	3136
6156	1189
2989	9866
3221	1147
7921	874
8069	8821
6083	5286
9021	6799
6593	517
4620	6276
5336	8399
7432	7736
8031	9601
1885	1728
4151	6807
2680	2574
6294	8835
3762	9282
8700	3334
6780	2973
559	4849
1793	6642
6486	813
9792	9431
7682	4412
5706	3017
9162	9490
752	7193
9090	2637
5272	3240
5795	7951
2165	2088
3138	2278
7721	8189
1964	4500
1161	2522
5700	2953
5515	8538
118	1659
7968	7799
6070	25
815	1583
9514	1566
5127	8603
554	6750
8195	6348
4701	6711
8435	4190
8989	2507
2378	7304
7007	3539
6177	9058
2843	1692
7595	2960
9702	5562
758	2123
5587	7924
3705	5100
9490	8832
55	6395
1933	4601
2743	6633
1311	7529
7174	6651
36	9552
3954	3394
9442	6483
2451	8636
4526	46
1596	4227
1959	8705
6349	3897
6629	6405
5349	2470
1588	5403
8864	3521
6355	7958
6505	7665
1839	3679
668	1874
9582	973
1619	5375
7455	421
4010	1980
6818	1957
2558	8777
7014	8906
2673	3642
1663	8021
2463	3250
9775	7678
6770	6129
1988	3275
146	3826
3305	813
2051	2886
1785	3669
4612	9240
441	8621
7571	7259
6930	129
6035	3943
5386	5059
3936	7048
3080	6398
298	9206
427	7067
5335	2414
6693	1832
6239	9997
2644	4641
9234	4428
8309	3845
19	8750
8818	7590
2360	5747
4070	8394
9689	9455
9804	3624
6503	9235
6373	3152
8441	3151
6570	127
5565	3263
1958	8155
9611	4601
2796	5197
5380	7456
9041	1751
2557	7858
5692	4916
9956	9761
9661	5996
5567	5817
5971	8421
5051	2343
1572	3491
1846	8142
9969	3762
7756	1926
1916	3718
2878	1063
8914	4610
4871	7955
6360	3779
2164	2051
5047	8472
1811	1059
4467	7377
6875	438
5798	1926
9132	3721
1768	977
1862	8089
4738	5969
6366	3006
9687	9244
420	8600
3853	5290
2906	212
5421	1422
2262	467
9893	424
1525	711
4152	4752
7500	9949
3029	6632
3670	1148
3960	1883
9236	8698
4204	5602
8055	3890
1197	8474
8841	1401
116	1747
1612	5536
9520	225
2354	5764
7000	230
6474	1151
4981	326
7452	4361
6957	1121
5509	916
9355	1096
5965	3558
6697	4019
3799	4245
2493	2640
5645	2608
738	3608
4495	6609
184	6848
2372	7183
7077	5197
8334	8410
5522	5785
2770	2478
3257	8278
9746	8963
9374	5710
2521	2422
6081	6319
3019	8573
5310	8663
7532	6047
8623	2026
2655	8806
5225	1378
5989	2301
6575	674
710	8448
6458	3480
7278	6066
8109	7023
5028	3834
9084	7548
2608	5164
219	5626
