500	257147
6552	4962
3676	2977
6641	4504
8332	977
525	1762
6328	1123
9104	1415
4514	5151
1501	3043
3568	3562
6004	7206
3558	4568
7602	2507
8327	500
5138	31
3256	8041
4992	3284
1018	7985
7787	9349
5313	4663
7462	1640
5785	2917
3054	298
8068	906
9692	7987
819	2048
1545	4377
2967	9146
6883	1293
9645	8372
7676	2901
2764	2667
6184	3781
651	322
9481	5963
4985	6943
3954	7121
9859	3359
3771	7926
617	3462
5913	1435
1861	7457
5811	4827
2954	9045
2472	2599
3768	147
1851	6532
2813	8034
6664	9816
8355	6145
2130	3339
3087	6084
6812	9297
5794	582
3575	6410
395	9487
7845	2256
3295	7
7082	6248
9052	5905
5198	9171
6051	7048
2054	5216
1433	8718
5031	9788
4862	7160
9478	4300
9595	6289
3596	5389
3222	7170
1798	3617
3008	9642
5872	2654
9649	9305
5254	5052
5210	6803
574	1260
3851	2628
6475	5283
7697	1505
1422	8910
5017	7252
3209	4611
9892	3156
6351	3114
6678	8149
6730	6037
4142	2601
5043	142
1905	296
1545	3466
7098	2119
4726	7300
1098	7552
8935	8794
5409	6708
4055	425
3959	7263
1387	3851
6770	7738
6964	9799
2238	45
5836	6379
2645	878
2873	901
7525	4417
719	974
6535	5444
4626	3984
9347	3560
2777	4755
267	3183
1531	578
445	2918
4428	3567
7007	7743
3365	9244
7787	5552
1974	6783
2781	4846
4035	305
5615	4753
1279	8501
6548	5904
2485	5895
5815	1613
649	2433
4796	2180
3010	1592
1449	7437
5158	8455
1531	4875
4050	9317
426	2375
2451	9559
3573	6486
9863	9187
7590	7493
7687	4138
9748	171
32	1914
8136	7032
4347	2931
9211	7356
4522	7011
1145	6032
5465	2675
906	5866
1992	7683
4593	794
7241	8165
7279	3456
3703	4869
7300	1389
5358	3400
7912	5389
5313	6047
8772	9659
5329	4335
7015	9850
1345	4511
5881	3162
7185	3138
9027	5528
7173	9971
6322	765
8135	9952
4220	1837
1172	7872
9578	6529
1271	3841
8269	6583
6239	7041
2594	1567
1375	5960
7768	9071
470	3649
2232	7654
3138	7611
3182	6662
7581	5855
7427	2068
5806	7998
3904	6978
5869	9833
9858	7139
3673	8127
74	9911
1519	9019
1477	9245
4978	5597
8315	5447
5597	6899
9452	8734
4509	8985
5396	8441
4839	9174
6860	6997
7171	7116
3974	9392
6948	183
6530	6973
8309	2955
6883	6179
1973	4712
5423	3302
308	3738
8748	5904
636	8200
989	1496
3536	2736
6288	8375
1909	3148
5371	9080
263	5696
8471	3562
5878	1352
534	539
659	3769
6717	8983
8480	8492
2285	5139
2229	7384
7394	9216
5583	8382
7063	5471
7470	9702
3845	9378
9201	5567
4809	9463
1262	9631
9377	3491
7335	9910
381	4345
3678	3450
3327	8509
1941	5611
3647	521
2995	7392
6088	4929
2126	9502
399	9595
9203	595
8972	8404
6161	133
4218	3774
9763	3594
3617	3449
9856	349
7793	3533
3798	1120
8394	2090
3082	2040
8962	2428
5784	1401
7357	7909
902	4107
7503	6457
4702	2826
1212	7214
2958	1781
7340	9073
1727	956
2521	1582
1304	6666
1466	1454
4137	9859
9895	7218
8251	8857
9646	4034
6609	3354
1942	7511
3812	9444
319	4865
8621	7882
2079	1579
9662	5770
7003	7740
6725	5875
5673	4380
2540	7139
5833	6676
3349	5728
246	7951
936	6243
1984	7544
9596	277
1406	9759
6072	1724
4624	4693
9605	3054
2623	5619
8823	9625
9710	1899
5499	5383
6278	8039
8873	2111
1066	2221
4190	1311
172	5125
7553	8507
2668	3500
5136	4074
3259	1207
2149	4234
2251	8106
7287	4873
3724	2461
4497	3433
4359	9996
5167	636
4386	4039
2746	1803
6260	6935
3114	2783
8411	7018
7641	1079
518	2776
1504	128
335	3652
4361	2585
1757	7999
7458	1832
459	1954
1617	4817
8301	6783
1804	9038
822	4550
841	3433
7836	306
2567	2599
7323	207
29	4192
9335	1532
671	9669
1535	5031
2253	3292
9381	6062
1475	9839
8016	3091
1007	2668
9874	2811
8058	7047
3712	5250
479	7899
5555	3045
497	9229
9603	525
9773	8937
8408	443
4957	9943
5474	7210
3234	1206
3271	1060
1045	7638
4151	2051
6658	376
1213	1067
3774	4924
6316	604
2823	8222
10000	9671
7450	9602
196	7222
4891	8603
7665	9847
8545	9490
3408	8130
695	3031
5542	8091
668	6044
6494	3677
2771	7706
4743	6544
8982	7410
7147	1804
5631	3498
7826	3081
3099	8021
6654	4341
2976	670
4188	7872
6511	3947
2354	3558
6977	7895
1648	3997
3938	4493
7673	3060
2199	8768
9603	7532
6177	3101
5687	1808
6598	3512
1240	6048
7885	7893
389	860
4915	928
5083	1425
4874	7436
4982	8203
1682	2982
2199	1971
7474	6223
5030	6024
1342	984
3555	7519
4084	9241
5678	7033
9105	3269
3081	6989
7513	9821
4200	2427
748	9282
3852	1973
3070	5185
175	1103
8166	2373
3074	5640
8596	8103
8015	6289
5439	1570
3807	9522
7162	5836
6555	6266
9104	5987
3254	6617
5807	7453
9043	6554
3087	9246
8526	6156
4431	5053
7258	2596
7425	6683
4587	2372
1138	2602
8661	6576
4171	8819
6097	7684
4655	9003
3950	110
1341	7203
6726	7147
1008	2121
52	4094
1366	4930
6601	2148
9982	210
1096	3758
6893	5682
2482	8030
8283	1142
957	8805
6312	7053
2841	7318
2408	6790
7428	3748
344	505
7247	7703
8977	7298
8148	343
8579	4748
8842	8560
1310	9937
8670	4554
5619	1151
8935	253
8644	9891
5410	4955
3295	8250
8625	5702
1391	6052
5802	1734
2908	3048
5789	1885
6697	3936
8579	5276
5036	7420
187	6345
7357	8856
7250	9327
6	6184
5931	8649
6074	7692
9956	9368
2293	8580
1422	3683
983	7223
1769	242
6622	7557
2126	3318
1492	704
4945	2879
4476	5132
5575	8184
3987	2824
3862	345
9007	6144
5345	1432
3836	1652
7152	6128
