500	2232467
88	1880
640	7619
4279	9262
5996	3285
8068	7572
4663	408
9873	7589
1081	6934
6036	3890
6765	9665
9955	1226
6687	4982
5059	2123
8882	7666
3638	5452
9643	3726
7331	6635
7696	1609
5896	44
4894	315
7615	5908
722	3839
3496	8154
773	5883
2043	3889
5548	1997
5114	8586
6979	173
708	2212
4190	698
7663	185
4423	4993
6819	8470
2954	2714
4865	7847
9381	2480
106	102
6318	3601
8256	3442
9483	6650
7331	1382
8647	2444
9968	1977
8968	7027
4188	9510
7724	8202
9694	8498
3194	6512
3320	2499
5577	8184
345	4957
663	6802
1411	3333
402	6018
3126	6237
2667	6808
7618	7665
5604	3937
9641	4571
964	180
4080	5039
8381	125
9889	7927
6636	3208
425	8565
1391	7122
9873	8406
3923	1283
1738	677
3652	1215
6913	2671
8023	882
335	3626
1171	6328
4548	8486
2859	8628
3524	1240
5104	3412
5518	1740
6619	5942
6656	4362
9415	6528
2767	3338
4163	856
366	7814
2070	3630
6836	6444
863	7171
69	2033
9850	969
518	2708
5948	394
299	1051
157	5816
9142	3128
8110	5797
7489	7524
8677	255
7213	2839
1110	3930
7004	3179
7559	3840
5975	8422
7362	6043
6806	7211
7011	3676
6270	2958
4069	6569
4009	4225
8736	9502
7352	3197
5299	1192
721	3975
1446	4285
3165	2555
4567	168
2086	2125
359	8060
6898	4072
454	3704
7634	3817
7379	3904
3126	7799
6824	3486
8375	5559
2988	5727
8756	4638
3270	5828
8612	4716
6464	8128
3622	1030
4647	2059
9507	5006
6470	6404
9077	3276
6459	3063
7092	189
6966	6569
7987	141
6407	6362
2051	9394
8440	7158
4031	1709
9337	8994
2776	2153
7121	6398
9534	1767
4808	9040
3124	1278
1796	8553
4553	4606
1615	7996
4795	4932
916	2781
1424	7322
5494	3474
6715	3933
632	7097
1994	9968
2442	4769
2120	5914
1166	8006
4033	2326
7045	7156
3603	5192
2060	4507
9798	26
2502	4592
1309	9769
3724	2732
7091	9218
6206	157
3150	3189
3606	1495
9508	6047
6264	7980
8313	3781
5985	2345
6106	3029
5852	9708
8221	4264
566	4370
4289	3067
8961	5598
2836	2684
8329	6278
8253	886
6434	7755
4074	39
9249	3582
2438	5512
1561	750
9293	7545
9446	1750
6925	1649
1458	1497
5912	2023
5866	6553
1442	1178
2150	629
214	6830
3258	8466
7716	9691
6220	8141
6082	1821
1722	8519
7332	3282
5620	2976
7178	1417
4726	4103
3065	2535
1951	8977
909	7817
5529	8702
5346	4030
5682	5559
7211	8939
377	4926
8630	2948
3067	1063
4768	1140
5933	2100
774	1552
1427	7951
2968	6152
8405	2384
5038	356
7712	5947
4524	9592
4648	9869
3621	330
5428	832
9268	2156
2109	4249
5103	1527
5311	9871
2667	1243
8322	3440
9146	9748
7742	8465
2252	6147
7201	7289
2854	4912
3235	7377
4504	4235
7245	4476
4564	9024
1659	183
1179	3768
784	2634
1646	6094
2504	4312
3689	825
4103	9186
6924	1845
4003	9175
4343	1203
6464	7196
6114	6050
924	6969
284	8168
1445	1199
3544	9455
1382	1074
9574	2165
3707	1220
4610	2562
5531	4650
9738	5986
3836	6662
4182	7838
2188	8524
5392	8651
5719	1505
1053	2994
4826	1336
1161	2622
2535	1056
2076	268
8482	1650
8784	2188
2869	3393
1102	4751
4395	839
736	8230
3852	4917
2419	6040
9792	7810
1042	1862
5666	2094
4855	6843
9782	6016
9464	8668
3423	1540
5287	1904
3189	4070
444	2409
3814	1545
7159	8208
2383	4247
2789	2587
5515	5207
8626	5307
9368	9667
7168	1386
8113	2023
8228	4246
4390	7692
2913	7812
5583	8199
6068	5123
8620	6511
7531	2433
8055	1041
641	6789
5287	3429
9375	802
4988	4352
6108	4355
371	9627
2092	8483
1649	320
9080	6038
4363	1992
202	6297
6542	6269
1419	5161
9131	8949
7593	3537
6341	4585
325	1628
8014	6052
8781	3001
6755	1240
3707	7125
866	2151
1959	2515
8822	1038
4904	9536
9381	1457
5832	5922
4077	7250
1082	9559
2550	5027
3095	8890
9611	9772
6869	7624
2175	5649
6976	8929
6888	7035
6054	4106
9185	4364
2972	8006
1754	7875
7541	1134
5684	9724
7056	6112
6973	4489
5671	5874
9515	8765
4763	5478
4888	1632
3101	7062
3632	6429
5991	6872
9815	8396
977	8999
9111	3948
3356	864
8174	7248
1998	3857
6971	5405
6321	295
6245	1991
6168	2112
7107	7282
7589	1995
5265	7041
5408	8897
3469	7750
5768	9635
2497	6744
4985	1608
691	8340
2471	5216
1939	820
9073	5261
2576	5393
5555	8821
3735	8074
932	7193
1708	8520
9187	6972
5560	947
2220	5381
8696	4339
5015	1193
1082	10000
2800	8124
4691	1622
9692	2982
8794	8764
8242	1369
508	149
189	594
4574	1120
7786	6281
5991	3325
3253	7903
4271	5472
3283	9318
9811	4649
510	7244
1000	9661
1720	2043
1283	1411
5024	6428
6526	9617
7796	3385
6117	7985
3978	691
5456	8115
6971	1447
7791	6575
9349	2061
8399	8983
1379	8209
9983	8240
1804	983
4253	9875
9377	1887
7637	752
8314	514
368	6109
3898	2837
4093	4227
3527	9549
8694	6849
7347	6484
3424	3047
4897	1822
2029	2627
6382	2011
866	4537
9345	5118
764	8721
7004	8400
9472	5317
8914	9840
1426	9163
9028	1870
9742	2554
7770	8435
9402	5116
4918	9177
8162	9814
998	6542
2440	3731
8553	9658
8268	7897
1127	9031
2970	4483
3782	2441
9799	9047
8632	7576
8210	7659
5798	7951
6564	3567
2737	5966
5035	4006
1494	9548
3820	8844
2442	2611
2574	7346
8620	7193
1594	9747
2575	4563
581	6357
7004	6731
5403	5635
659	9964
9646	6456
7914	6209
6374	7002
8526	7760
1008	20
3660	1179
8863	6101
141	1436
3446	8761
4981	5039
4859	7555
9602	5439
3911	2957
8521	5666
4943	9179
5629	4588
5634	9895
797	8360
6896	9322
