500	2260301
213	4691
5903	9507
6919	8532
2212	2564
8862	4666
4989	806
7236	9788
1691	5671
4262	6043
5143	47
2645	3635
9555	3951
6920	4142
2817	2667
7064	1835
3063	3628
6525	5318
9486	9795
201	8049
2358	5414
2714	3699
6220	6301
3486	4262
8323	4099
304	9817
497	2949
3452	52
3251	6723
4193	2419
9390	7608
4253	8804
1235	7130
473	7072
6924	674
5120	5634
6087	4185
9332	8658
6837	9169
2920	5159
3268	3223
4976	3764
2523	4779
167	5774
1501	4359
4544	7242
1966	8797
6046	9552
5926	6518
6623	9201
3543	8094
1186	9630
8630	517
8287	5466
9686	7558
6977	9305
781	1952
9420	9655
6730	9587
1780	4582
297	6324
1824	8615
1472	4221
4518	3749
7090	1141
2949	633
5586	4135
6614	4216
1003	4900
6033	7040
8810	3009
2696	9590
1312	2116
5596	4393
8054	7376
8975	4702
51	798
3316	1522
5018	7834
5270	8459
5326	8218
9091	911
8704	5704
1478	6059
6956	3863
3098	5765
6871	5794
1706	4535
4261	7301
8927	8666
1028	7901
3367	1078
5050	6683
2599	6419
868	4220
4878	6193
8790	3968
3455	3845
9672	1285
9903	2979
5147	9353
8743	8369
5146	448
2903	5758
4100	1830
4423	5128
9730	7789
2557	4780
823	1508
7550	1690
5727	2427
4234	4516
6395	4041
8361	2418
5325	4615
5396	6823
3967	490
5191	5464
7289	4446
1221	1388
6275	1995
6515	2356
9784	9072
3487	6958
579	1037
5000	2657
3463	5585
7173	6209
9625	1885
4978	1301
6499	6725
4475	466
7214	6018
5929	4502
463	3502
5890	6737
5496	8756
5444	1631
7827	8931
8589	4757
6319	9940
7414	9781
5524	938
2342	1501
9174	7319
2801	5672
4044	7276
2489	1257
3293	4770
2111	107
8271	8000
3195	118
3107	8638
1749	7286
3920	6689
2042	238
6628	5807
19	2151
6744	8712
3651	5917
6030	2804
7941	73
6431	6781
7682	6075
1550	9792
6181	6172
4143	9375
6290	7249
8012	8038
4534	8284
4726	2928
8521	1353
8734	4891
9855	1830
3602	3506
4098	9632
2661	8390
6056	9091
5171	3737
5165	3072
9880	1345
9244	374
719	5533
7623	5082
9922	8508
3365	4647
1435	8238
2351	6521
3128	2205
4702	3082
2062	5151
9065	4722
3541	5120
3812	8711
5209	5328
8134	1440
6672	7377
1814	3742
2909	5788
5176	9182
4295	4892
3828	2082
3129	2530
4954	2609
1087	9655
5690	9500
4805	4754
574	4697
6225	737
9759	7785
6065	7893
9225	9088
5269	1038
2830	4530
6825	4357
3711	7471
9248	3891
5904	8729
2772	857
7689	3858
6863	3378
9710	8020
4483	283
2716	7059
1019	2475
4844	3435
367	4068
2523	1987
5105	5352
6516	8281
9708	6579
2103	5307
6821	8007
4035	9592
8863	1723
9802	5726
1452	9511
3745	2286
6145	2812
9345	3515
5286	4188
6950	2004
4607	9472
343	6063
4823	3210
695	882
9788	2797
6188	2960
803	6575
2552	6018
4649	8705
8095	2453
8215	8191
4738	711
1002	434
4225	2640
973	1174
995	1931
645	1337
7993	1819
4547	8687
2700	686
7836	5240
3646	8638
1814	6197
1007	2814
1253	9101
5266	5819
7291	6356
6529	4645
3141	753
7284	466
1927	8278
2396	8923
5967	389
742	513
5427	3441
7550	3262
5032	1195
8252	6845
3743	9258
6011	4995
8359	7628
813	2001
335	7341
6645	3476
4446	280
293	2724
4910	2688
1646	876
9428	8739
7740	4855
2180	5289
4468	7211
6484	2719
408	6578
1977	2770
1573	6687
397	8737
8687	7084
6078	1684
6911	6875
8315	7203
9598	3224
9890	7595
451	5670
6334	4542
524	4865
9831	4991
8427	2666
4062	5186
9243	6038
7955	7167
9076	4704
5904	4114
8139	8333
2149	5049
5207	464
2251	1156
39	8492
5102	490
4161	1435
5031	1036
2651	1213
2379	7430
3878	6440
2615	9473
8829	6922
6639	4256
7977	8894
8369	6115
7226	518
7515	8784
981	6117
9939	7371
4608	5041
4212	5121
2827	9243
6156	1830
6807	4886
9259	7037
1325	8225
6509	6505
1498	9499
760	9474
8393	9129
1940	1970
5998	9454
754	3330
1922	692
700	6530
2084	4912
1650	1263
506	4157
9444	7312
9043	5054
4348	6719
3278	7208
3224	4776
3059	3983
601	1451
9463	8893
3420	5460
4698	4173
8789	6620
1217	5841
9501	9652
752	7502
7266	1257
1658	6709
4920	7052
1762	5620
3771	1392
2827	3346
2519	5885
3680	9471
3687	3143
8363	3459
4954	9413
3983	3743
2384	1551
5935	1884
1203	6686
9385	4820
4294	7394
1529	9213
798	9642
1184	4568
7385	363
4265	9903
2599	7944
9374	6286
1086	4088
6096	2392
3500	78
2486	5883
1629	8420
4118	9183
5105	3502
354	5750
7248	8234
4962	8045
7876	2498
2612	5260
2860	3228
1515	5458
1171	888
8095	8609
1327	4190
1000	4827
620	3485
7061	8600
1904	1179
4134	3360
1032	4487
9109	8279
2721	422
6323	6948
2919	5286
2207	2130
8513	3721
7588	6036
960	2034
4644	2287
6224	1995
3465	3195
5479	525
1794	3734
8055	5927
3445	9087
413	2553
3717	9485
2974	40
6432	2245
1677	8639
4374	6542
8711	8313
2577	6023
347	7220
8309	2922
5566	1773
6116	7396
8649	7909
1129	3056
187	4573
2142	6951
3477	2210
6436	2802
8601	2867
5046	278
7857	5772
6819	2920
4084	5747
8942	4430
9318	7250
3703	4883
5374	9818
2278	4022
4078	9758
7077	4264
682	5570
1215	4158
4132	4002
3311	2732
3220	8357
9361	1077
480	2531
348	4563
8277	9289
5345	7594
2890	9047
2476	4615
5217	1105
4988	9294
862	8417
9910	1543
338	7476
2052	4469
1477	5363
3553	4696
71	2913
2124	550
5444	2471
1464	72
8111	3160
7666	7352
8559	6493
1966	3775
7598	3306
9420	4811
1722	9329
6354	2059
6804	4757
2880	4632
6471	6432
9328	6541
5696	7803
3442	1139
6626	1258
7563	4736
4417	5228
