500	1256227
6518	2478
5750	3852
4584	3852
4381	2677
4492	5250
4131	3165
7068	9637
9089	4665
9605	665
1651	5416
9306	291
2518	8096
9412	820
288	6839
5450	5689
7244	1968
4518	2993
2171	9102
3196	6551
8130	7687
8153	8613
7203	5220
4601	2644
9884	558
3308	7886
5973	8965
4528	4842
7060	3940
5661	3699
778	1111
9388	4373
3078	257
3718	5248
5710	3265
8150	3840
7304	2654
8804	4506
4225	9756
3501	461
313	6808
8346	6285
2125	2874
1126	5536
6813	6787
9235	3942
4249	4974
8314	3678
5230	8383
5277	940
1648	9778
1131	8951
2432	6286
9808	6656
6041	3309
7116	6354
6468	5462
2638	8592
8335	116
480	1499
3254	9714
5440	7502
1039	105
7531	6268
8488	2807
3559	6487
2584	4689
1789	1367
974	1596
8023	7015
1256	1490
9720	4076
6951	8709
9019	1637
8824	9498
9487	8429
9211	4926
2282	249
5031	9812
2869	9870
8970	6427
6356	7906
7468	8144
9272	8441
6091	7294
1807	7347
5136	1526
7774	8438
6587	6792
6427	5410
6290	5913
191	5500
839	2472
2101	2221
8636	4969
2090	7605
7747	8445
1862	5214
2940	1134
7	9030
4779	1813
2728	9914
9691	501
8352	6277
7293	1130
8038	3582
7042	4580
5433	7880
7052	3885
6452	2039
5205	8541
5995	2952
3337	7857
8165	6276
8990	8171
1658	120
6336	737
34	2378
7590	4737
5006	4882
5866	3043
4815	2907
7623	6599
7139	1026
484	3590
9416	2040
8483	5410
4991	1819
9618	9508
8095	4959
7678	6104
5079	365
6840	5112
2742	4429
6200	7747
5662	2065
7142	6828
1323	1116
3427	4813
8493	262
4755	7908
2301	3237
9669	3644
5055	9287
3151	9501
4245	7180
5604	9323
7545	8796
786	6638
3224	3337
737	8886
1753	7878
2065	3076
5345	5491
4240	3837
2104	8994
8096	757
8582	7764
4400	9989
3402	7550
9489	3999
4729	1445
9673	8625
240	6811
5263	3463
147	2351
8700	1900
228	765
1327	1924
2607	1918
2112	4711
912	207
1819	5845
4322	6218
5833	7724
3767	5322
8074	4847
6766	7746
3472	3357
4556	5086
6819	4703
7436	1871
2954	4015
2635	632
5938	1593
2549	8049
2655	3460
4607	4473
5657	8928
690	1489
3003	808
3162	1076
2007	9927
5174	1830
9635	9729
3267	6454
783	702
4676	88
1068	3662
719	3357
5254	3268
7757	7909
3079	2363
2381	8735
7642	9423
224	6997
230	3385
8072	8588
9664	9597
417	9298
5678	3683
2103	6460
736	3130
2900	1803
6791	3618
1511	2045
3237	9267
9953	6316
7981	8685
1402	1975
8107	7977
8971	4689
7714	3394
9628	3729
2991	45
9378	8668
79	7833
1479	815
962	4378
8969	7753
4348	6832
9797	7584
6098	6101
251	431
4785	1653
2405	9244
5981	7727
284	3694
1120	9911
7422	4110
9955	3152
2777	6386
984	4256
7200	1945
4985	2520
9697	9332
9351	9493
3268	1801
1945	9870
8583	6730
7874	7339
2325	3855
5065	2608
3900	6184
2518	1322
6646	8825
4473	9422
5210	1808
29	2409
3752	1366
1280	3449
7049	6983
9293	316
8783	1238
6538	3717
7967	4411
1055	6643
8265	6119
9250	2165
2302	1767
9838	8947
591	662
4721	5800
2469	1101
4560	6220
8818	2192
9668	5867
9174	5313
2534	4308
6550	9071
8024	868
3482	9078
7510	1746
5196	6759
262	3849
4877	99
9148	5468
7112	220
7619	9580
7672	8531
2152	6490
722	8171
2356	6247
3483	4889
554	32
3960	4929
7251	3793
4006	4760
5538	5553
7870	2152
5753	2747
8602	1252
4566	5714
1471	8536
1645	9143
7066	3796
5632	4139
1967	4339
6737	1801
9227	3642
1833	9538
8570	9083
3330	8927
195	5220
831	8064
7371	6584
7162	5972
4187	1727
8037	5658
263	9682
1152	3680
3477	6783
4171	1795
1121	907
3596	6699
901	1780
6237	9470
7214	5918
4749	7408
1137	1931
1824	4859
4866	8985
7183	9053
7064	5219
4710	3678
4900	2213
7357	4729
5347	7879
2875	2819
5138	6470
9517	6038
8249	2105
1859	1815
8023	2959
9222	5511
4890	7397
370	9755
2734	7552
8807	9797
9122	9868
3474	374
2080	7182
5102	7426
1413	7976
244	6550
798	6113
8939	5398
8217	797
7212	2591
3756	2786
4454	4997
182	1175
4751	2915
5078	9910
9063	4199
9777	8888
4572	8209
2422	6025
1986	3834
353	8582
6735	1150
4694	5673
2899	9262
2821	111
8205	2928
9248	2658
7924	9429
184	9027
8696	5261
8936	4110
9459	5064
9350	4031
9624	1771
55	1610
1956	6759
191	5042
7908	1236
714	807
497	9886
7269	5053
2814	6516
4062	7089
2296	4245
2467	7343
9505	7754
1453	8964
9170	802
9346	8793
8924	5752
6754	879
2511	6944
5920	418
4531	2985
7576	1380
9222	4844
6432	8387
7711	494
5476	7
4738	4294
7349	4243
2048	5153
9558	1217
5954	8903
9	4877
4654	3115
2107	3516
6410	4378
286	941
7362	7861
2320	6584
9057	8751
4970	3119
5596	6797
3125	6686
1091	6826
928	9490
1978	6837
706	4284
5739	7066
5512	6744
180	7619
260	2942
1996	545
3882	5710
4757	6201
8645	165
1303	9966
3284	3251
6763	2760
9936	4205
9585	7215
3694	7915
4051	751
2198	9789
4168	7709
2884	700
5327	9495
3641	3675
6391	7522
9384	1148
74	4380
7664	7728
4345	7299
978	1107
59	7265
1663	9643
4479	5356
7557	8529
2458	6106
4669	6626
3815	7553
3677	9141
3399	7317
9167	9790
1190	8550
7289	1263
9281	4952
5342	3626
2251	2672
4732	8661
9936	6395
4655	767
8102	8564
9295	6912
4669	316
3537	8483
4220	7213
3976	7618
881	3142
7407	2070
8044	1047
9684	7324
5999	5025
949	4601
4048	2033
9613	3984
4779	4267
1102	9232
2830	396
6143	7499
7063	6031
2333	1282
9595	2660
8900	475
5802	2658
8896	197
3705	8579
3872	6055
9956	1173
655	4003
3205	267
