500	245815
6583	8573
9811	7565
2147	7931
4159	5120
5487	6284
8437	3330
3340	9734
6209	4167
4865	1783
2350	5203
959	2563
1899	9965
8706	7244
7749	2541
5247	4900
5021	1830
9824	1183
5746	1970
9113	9904
3441	951
6188	8229
632	5879
7962	3192
45	9178
4975	8746
4381	2285
1308	2631
8601	6365
6226	6349
8906	1473
7600	3926
3302	7423
5108	9047
5744	572
8951	9184
1522	1490
7413	2153
3720	5374
5345	116
904	6671
8861	1636
8955	6520
4266	7555
2884	492
256	8141
1964	7855
8418	1617
5278	3525
663	7373
448	5965
6557	1969
3806	3969
474	3877
5694	2170
3992	6597
5192	2852
8232	4146
9371	8850
8052	8607
9341	4659
6747	7656
2514	5165
9272	4143
5041	6286
1515	5489
8603	8071
3809	8760
8391	634
2637	437
2803	6628
3385	7994
5832	7969
8491	1554
6818	2895
160	2510
7553	3259
165	6418
8423	5788
560	9815
8425	2075
1655	7027
6497	1816
2139	1240
2449	4775
8028	1604
7754	1412
5949	3585
5732	4440
1491	2549
3686	1650
1410	1238
1260	7926
7656	6034
3713	4567
5849	2138
2993	3855
5516	9490
5670	4006
7081	4471
8780	5108
6074	2886
2871	2022
2822	8603
2813	4312
7503	6498
2314	8913
7736	3573
6838	1743
5959	6903
2661	1807
5392	5654
5661	907
1495	7683
4913	8575
2153	44
34	8226
9281	2904
6599	2103
7858	9412
2766	1713
5909	1431
625	9996
1356	3814
8090	7314
716	751
9120	6107
6404	1132
3366	7898
5166	4630
2824	7318
1025	9209
1895	306
8464	8494
8760	6322
4257	7877
8034	6517
9308	5010
6513	7015
5175	954
4328	2243
1704	9799
8349	4459
7282	8066
8708	2448
9047	7883
6117	72
7091	8012
6729	5555
2857	5488
1876	7113
9716	6261
9981	9023
7622	2845
6037	2796
3799	6716
5038	1854
6514	9739
6313	3796
4156	1372
2595	3203
9255	8711
3274	6345
6722	2
1899	5930
1841	126
9394	1556
2738	9375
6931	359
2219	2967
9507	6017
6035	4544
7871	2548
634	535
2695	4790
1906	1641
7992	1160
352	1265
7505	3425
7618	5755
9355	9458
2233	8748
1013	4970
8122	7943
1681	341
7262	1187
2709	3296
5730	579
2195	2716
1113	1242
7505	9371
2882	5496
530	3233
3112	4386
3010	729
141	2364
6538	2373
7463	7550
3694	5585
1845	5374
2277	5458
6560	4985
5105	8642
1916	3651
1357	9380
4892	8861
8750	4126
708	9280
3710	3819
3665	6719
899	157
9082	7436
8881	6545
1337	2575
8481	9533
7948	757
4990	4508
2093	94
9501	4008
3745	857
3388	4988
6069	2137
9113	6776
7768	2823
6946	7785
5893	7844
7941	4975
1631	6822
7871	2967
9396	2703
2500	3695
9811	3841
8202	1903
287	7702
2263	4031
4910	5650
5370	978
4138	4483
7753	1906
3657	1050
9690	9549
8893	3982
875	6875
803	5097
9842	6550
7799	8693
245	7609
2533	4798
5864	2819
8852	8126
3201	3761
3775	4923
4739	4264
9405	8843
6169	9413
6245	2210
5313	5137
6192	6188
2012	3346
7636	8205
6248	5435
3249	2844
9395	2133
7641	5258
4952	2844
9735	4504
6605	9861
9426	7695
4125	5182
2889	6645
946	9133
8855	6259
622	1398
8798	8985
1095	6433
3541	7342
1867	6789
185	7614
8921	4178
9223	224
7021	8958
1080	9977
8818	505
7671	9294
2039	6912
5939	2984
6044	1145
9242	3017
2542	8039
2001	3636
4472	5541
978	2690
8681	7514
6655	7602
8043	5878
7825	5064
4835	5256
1392	4
5761	9063
9298	4151
2326	1588
7134	8369
2732	2728
7738	5273
7118	9738
5260	7941
1631	2589
6983	311
103	3637
7912	8145
9514	2089
9560	700
7344	952
7056	9456
6366	6353
3606	8691
4292	7092
3411	7023
6171	1148
8647	9640
7238	3906
7581	8868
6495	915
9178	2949
4551	3442
7445	417
1882	3357
1116	5577
4308	8171
1385	7025
875	1342
5715	1518
8433	5477
8540	955
6625	3538
595	214
7444	4527
9081	290
5441	4610
9590	6343
4403	7034
6759	2636
390	7875
8213	1049
2397	9597
8073	9624
938	139
1141	5723
5616	6033
3029	2240
9570	3623
2453	3365
8149	7885
3654	9941
8846	3243
6284	3249
6629	3042
5884	7018
7268	448
8067	6017
44	2491
5640	7334
2630	3132
3056	8245
9164	6084
6836	5086
6059	5640
8450	559
3524	8456
6852	8721
1698	3135
1969	4678
2528	4205
1696	9796
4652	6114
2164	1048
4956	4155
8381	7585
7286	7788
5829	2802
223	9016
4239	2633
4655	2688
3192	4530
1143	43
3251	9193
9529	1571
3870	2056
5775	1917
8203	6779
4382	366
7826	9338
4520	2558
6922	8158
6697	9103
7311	6919
8118	1549
9552	9125
588	9095
6	8083
5489	3256
3627	5017
1179	7496
7072	3305
5765	1627
83	146
1992	4260
9483	2864
6817	2757
7373	3513
1859	1035
6784	6328
8935	2687
1804	9522
1781	1810
3956	7269
5065	7582
2285	2595
5078	5708
5900	7194
7334	5982
7339	5678
242	3174
8541	3410
2282	2265
3275	492
3299	58
6819	2233
2744	8623
8106	876
6784	2062
8144	8200
9643	6780
795	1072
8839	6694
4617	6173
9027	1956
8202	5620
1481	6742
9030	3762
5358	8656
4253	8656
8713	7423
7240	7808
2397	5345
8683	9180
3758	3178
7380	9753
6309	8174
7176	5147
1219	1793
7671	245
100	5872
2217	7932
2613	7598
1693	4322
6253	5945
2977	1317
9719	6568
5476	2116
8265	510
1295	2022
3687	5026
8126	9995
9551	1654
1493	7121
3446	9164
7366	9897
5035	5934
7828	4000
3531	9520
8321	9783
1816	7650
7451	7886
4217	2926
1	2481
3435	7648
855	3473
2673	5332
9819	8576
6985	1311
5696	6782
474	9413
3030	5509
5346	857
5860	8876
6728	4180
5010	4895
1829	2460
2781	2398
1737	2781
1230	1523
6780	8436
4995	9453
120	4813
4380	7104
6124	75
238	6597
9488	3267
8457	1185
476	4316
