500	1268987
6167	5855
576	1928
738	8067
636	5969
9693	9043
6630	2895
3345	4047
517	5583
3533	5663
4466	1478
1993	3806
2341	7728
5858	7126
3256	874
5869	3317
7177	8387
9171	4104
315	9909
2171	950
2229	8215
9993	8859
1110	9689
9257	7978
5271	2789
3640	9736
4266	5633
9894	2959
9712	2103
84	2967
2977	2304
6284	6505
691	1806
608	7357
8066	2778
4658	295
7345	4650
9153	8454
690	8409
6431	2313
7549	6422
8400	8166
8406	8293
1124	8118
396	7559
7436	3372
9863	71
9876	6905
8229	6835
4261	6294
9613	8918
6588	3309
9920	2092
8114	6961
6852	896
9273	4400
7317	7673
2566	5723
2317	41
192	2712
7600	3979
6083	3814
4050	2310
718	2278
9145	1330
4923	5109
6599	1511
8417	2870
9954	6530
9831	6806
3777	9103
7557	1093
3127	6474
3167	5444
6515	9710
8155	4114
3689	590
7927	4090
2899	4996
2719	8395
2677	7641
3503	9275
5503	8271
2145	5457
1152	1975
8614	4928
7429	6170
2373	6908
2644	5539
8703	5510
5249	3209
9623	5289
3798	3901
9378	3049
5248	8448
7795	7924
6088	1298
3550	7943
9568	5694
3399	7072
4020	8364
1999	7801
885	4371
1060	3528
6262	9762
9037	7862
2970	5011
3150	3120
5263	8879
6168	6862
7326	3962
4785	9765
1611	8335
7707	7531
380	7457
4602	752
5820	2952
8552	6705
3675	9611
6584	9936
9372	1973
7797	8693
6983	7298
1812	8598
6176	7979
5459	3501
8293	6596
3265	6255
4930	972
137	1661
8428	1090
2412	600
4042	7315
7304	7716
6925	3887
4003	2648
2211	8151
1341	5546
5448	3152
4143	1623
7483	5953
1475	2127
2548	1091
4733	3829
8414	4870
5490	3194
5959	4253
3793	6352
1568	7448
419	4844
7686	773
3844	9897
8923	5184
5442	4370
4687	5936
2344	2169
1888	3818
647	788
1261	5380
4616	9674
6601	6457
9219	8911
7062	9363
1615	8629
6810	2033
9824	848
2806	3667
744	1728
8850	2537
2450	9889
4824	4793
2057	3063
4963	9056
3850	2575
787	4818
8600	7387
1274	7819
2649	8335
7181	4263
3315	343
6296	9491
1190	5453
3157	1933
3532	8359
821	2333
8247	5644
7126	6655
8706	8440
5710	8908
1014	2848
3725	9613
234	1350
3783	2883
6037	964
3497	9351
1306	9792
8841	8847
1596	8350
779	1480
6708	7951
3812	4954
9946	7289
7960	5003
5728	3670
3910	3093
6517	7634
9058	3103
8984	2840
2337	5020
155	5833
722	7812
1977	5915
6658	9924
4264	3788
1403	971
8090	5215
2276	8035
2503	235
3038	4583
256	6947
7675	3125
933	3084
2579	9916
2276	1267
1287	2430
7099	2008
6594	5427
7922	9603
5351	8537
3391	6753
5859	7832
8319	8134
5867	822
4721	5256
5404	1328
2202	9430
4452	3134
2514	3382
9401	4789
4648	687
3570	8099
2695	6515
3525	6968
6118	8875
5505	5860
1980	7715
3691	298
2201	5909
7471	6921
1164	2874
4600	3366
8656	5404
2851	1169
8785	2252
2309	3433
9290	5878
1531	8336
2393	1407
1656	4862
6634	3512
721	8613
1226	4411
5262	3426
6672	2733
6698	7835
1958	1298
7552	613
6701	403
8133	5485
9006	441
5269	4647
2671	6799
2983	1415
8206	4638
6276	1191
8149	3348
9803	5726
4110	1416
9152	781
500	5849
8616	2458
7146	6167
9422	198
2921	7555
5683	1926
4347	951
6573	3369
4102	5907
1135	8659
6896	7410
9849	1396
7109	6003
7121	1219
3770	6272
8351	4270
8473	6966
3079	1970
9485	2500
2168	2405
6406	4202
683	7105
1504	3607
473	5605
9513	1608
615	2760
5369	6815
4155	8830
2817	1275
48	6587
3899	8398
7208	8723
1716	286
692	1200
9137	9211
9956	5543
9764	638
8999	1268
596	5823
3224	6460
3782	3839
9219	5503
7005	3373
4332	9822
1000	731
2760	4898
5480	9967
9972	7195
6604	663
4746	5740
6226	4702
7634	5989
1691	6632
7256	2287
8807	480
5098	2588
670	4317
8090	4026
4041	8773
199	5040
9503	2958
6289	4983
9276	6260
8529	2231
3275	9627
7971	9500
4328	5604
1840	2370
8588	9096
1008	3746
5927	6106
6333	2948
6774	775
6973	814
9547	7172
2206	5402
6481	8494
6736	2109
4754	5264
4339	4380
4890	8661
3879	5569
617	5718
4291	5556
1165	5298
9301	3443
7755	5633
2742	4528
6407	9715
1694	2306
3238	3899
7707	6070
2392	794
8178	3497
6057	8869
7876	7299
7529	8106
9219	8145
176	3509
3700	1340
5159	3000
1135	9265
4985	3876
3793	7743
3590	5486
6400	3179
9384	458
9249	8127
1251	7426
1624	7308
2646	5851
958	175
3957	176
4671	4132
37	4723
1823	1547
4074	2957
811	9058
6833	955
3153	6774
2792	9552
9953	8527
10	9201
6654	1260
2978	4629
4919	1976
479	5876
2150	787
2404	3172
1270	8792
7894	3093
338	1968
6049	7500
7377	9233
8455	529
6007	1246
81	2311
6125	6442
7863	2778
4053	840
3758	8972
9167	588
1199	1316
1375	9954
4488	2644
8745	8733
2088	5434
700	4489
9286	4429
3721	7740
4957	9727
5337	1389
2037	1461
4182	9899
590	8235
7091	699
7206	6257
1287	4756
3925	9013
4710	4764
8008	9806
9848	96
1592	548
4584	877
1328	8304
4968	6284
4383	304
4025	2771
8117	8206
9022	5058
6440	2464
5757	3645
8720	7043
4753	8996
2407	9462
111	414
5619	9959
509	7210
6858	1444
8086	8185
9748	3053
4468	482
9709	4844
3252	4177
3050	8625
5586	9489
1088	1342
9486	6160
4736	4238
5155	7142
51	1618
7556	5669
1576	4416
9231	4785
5860	7316
2969	1959
6721	3788
8792	2781
8632	8395
3309	1681
7020	8894
7521	8107
6588	7006
4266	7675
7595	5773
4817	7645
7390	8724
9666	8965
9491	8896
101	1702
2563	3069
12	5635
6856	8803
4767	1839
7198	8075
9871	4217
3321	7392
2323	6260
4397	6589
3934	8344
2361	5102
2340	6102
