500	1871672
2605	5763
8115	2102
6630	666
9647	32
9733	9672
6437	5626
9820	4928
2659	5145
9430	675
2957	8540
4223	7986
8353	8
2138	1236
6478	9191
490	4116
9669	3095
6230	4136
1548	2859
1153	7546
9242	885
7217	5679
6510	3388
6958	5520
8532	6388
6194	1489
4927	6768
5826	9632
3127	4315
867	9604
3505	7708
3719	9526
802	6300
3661	2349
9158	1165
9894	4752
2049	3462
6782	4910
6850	3739
429	5381
126	2975
3221	1405
6094	5398
7388	9221
9713	4606
5176	9569
2313	5247
9094	3115
1546	9106
1815	7056
270	8061
1807	8670
1522	8588
9931	8371
2326	360
104	8804
9686	9676
6560	2131
5074	3947
7703	4786
8552	2879
4354	864
4477	9800
330	6022
8905	8497
3077	5527
6557	1235
4196	4430
9822	4127
9153	8500
838	9256
3655	6875
5283	214
5357	356
512	3060
1493	5415
2290	2199
2630	6766
8350	2960
9139	7254
7808	8568
9132	716
9802	3328
5145	5976
3806	4297
827	4643
9904	4481
7869	5187
1046	3225
1894	1557
2636	9739
3323	4925
1937	5952
1690	286
8911	7181
3891	3070
5748	3023
3785	5549
2702	8930
7876	6507
3226	8702
7501	9482
9534	1721
4668	579
1297	2913
8487	3933
2651	1809
8857	939
7761	6899
7576	3023
4079	7819
6093	9826
841	9877
1726	9894
5158	9602
2752	4736
4655	6604
4217	4189
8324	5236
1119	9620
8148	5958
9904	7151
7766	5113
8089	1878
2011	5665
1253	2441
3483	3697
8618	675
9925	343
6920	5083
6296	9671
9818	951
2626	386
1491	949
5621	2609
6920	3768
8566	3176
918	2684
8288	5359
913	298
7375	2165
9090	857
5861	7707
7883	5786
4401	4802
7220	7049
824	7037
7999	3449
7422	5841
749	3042
8449	4020
3161	3367
7195	431
2402	1834
5789	3314
8483	9515
5479	7572
371	7691
1630	4605
9828	6031
5758	7047
3079	2933
435	7429
2733	7856
9621	9833
7249	8069
3852	6762
7787	7399
3544	188
9232	5684
3502	4067
5198	5332
1638	1920
9374	3268
6524	9202
5650	8633
6248	5080
1565	6683
8860	4297
890	8480
4129	4491
2900	4332
1252	7039
8082	1147
7226	3666
6830	7079
7732	2027
8762	9369
3946	8136
8988	6821
3689	989
5453	9936
2420	3369
2970	1279
4017	212
6110	8145
4702	5362
8828	2305
2400	6910
3451	5977
6927	280
3056	4658
8658	8169
378	8955
6304	9366
5775	9992
6706	1227
6280	9126
947	5601
404	4963
5812	2866
9459	6865
8227	8286
5521	6978
1547	5323
2954	8473
1954	2361
9482	611
530	9860
9565	6833
5577	5339
3177	2282
2917	9456
1407	3863
1408	8163
8825	3572
1028	8283
436	5606
2921	2309
2583	819
7631	5536
9292	9585
7897	8773
195	8426
4984	6112
1610	560
1450	4786
2842	719
593	4248
933	2001
8762	6110
5572	6141
744	2359
8098	16
4667	680
835	2298
2568	6478
1882	6816
1602	8428
1593	6586
4539	9554
7145	2341
692	9986
9411	1284
586	6695
9636	5699
2804	1559
1840	3548
3918	9937
3563	4936
6969	749
3585	5888
7226	1818
2703	8828
246	647
5413	1136
200	2557
9828	891
8895	5590
8527	5832
2285	4514
1530	5088
6073	9721
4987	6342
6010	4902
1277	9330
5650	4862
5217	9228
6679	4271
8055	3276
1269	3467
764	1468
2375	591
8711	7621
6181	3589
9804	4817
8102	1334
6256	4174
7406	1243
515	9767
2496	8144
9096	4497
3005	664
3724	6035
1286	1778
9311	2554
1596	6426
4022	323
7016	9084
7943	9548
2672	7747
716	7125
5432	6972
1299	9189
8214	8165
8956	7061
6308	4403
1557	5664
5067	1633
1699	6352
3410	7361
5258	1358
3786	5631
1680	7153
4714	9622
3053	3737
3720	3768
861	9151
739	8511
8340	5304
6676	3647
8716	9335
8049	273
4999	9467
1905	3049
2171	1666
6761	7428
3023	6898
3058	4702
402	7771
676	3454
7859	4395
3574	8719
3546	4312
7230	8237
5968	257
1883	4683
9591	6283
1307	941
5750	3211
3989	7920
1229	7101
5347	4251
3998	4756
5305	4400
8878	5980
4205	6736
374	7778
1806	271
8442	5387
8507	4409
5643	6741
9091	1586
3024	398
2526	5125
9960	2867
3044	7540
9967	4742
8143	317
5849	3447
1068	4726
5778	5272
1461	2503
9402	3266
2774	7843
5005	7632
2251	647
725	7693
8584	100
4442	1110
5224	754
328	4619
8293	6646
5712	6435
3314	1560
6233	4381
6285	2010
6005	4097
4513	5406
3714	3638
9600	8718
7621	8202
5717	8345
5894	4300
4796	336
1761	19
1089	8440
4637	5733
5086	6700
2168	8399
8259	4752
9132	895
6762	1488
4991	7626
6893	5057
7615	2844
3774	5235
1045	5842
9932	6938
6494	4727
3625	8254
1098	1065
3046	2086
6798	4483
8786	5317
9233	3396
68	8364
4291	3181
9851	5633
806	3095
689	8420
5938	4463
7	6982
304	6290
272	6797
1016	248
1403	8465
1313	800
551	4462
5282	9336
9778	4514
2731	6197
2878	3373
9378	9080
9006	183
8527	9694
4955	816
508	4961
4150	812
1250	4421
3960	8617
4668	1714
7082	2332
2513	3984
6793	7794
9671	6570
8660	8753
9119	7889
2126	8496
6968	1131
8678	1846
7176	9984
2662	7684
1296	6811
4847	8897
7583	5158
7514	8602
6872	947
934	5736
1282	7726
9882	952
648	8541
6056	9766
6429	8181
8261	3396
5663	3290
1594	2839
9626	4255
6874	921
7417	1720
9818	4999
6877	3683
3600	100
981	885
5836	2262
4963	5717
3213	5610
4257	9268
1727	685
3801	6339
432	5815
5980	2025
5005	5605
2631	1878
2878	47
9949	2695
1397	6826
2729	1349
6925	3709
2233	9112
5970	7195
4828	5534
9156	5436
1153	882
6120	4953
3572	6552
7120	9552
4928	2124
1508	7559
354	4385
7605	302
3431	5354
7127	6159
6702	404
9867	8934
5867	2188
2481	695
7721	1636
6130	8874
8870	8602
178	2441
