500	253832
8405	8450
1005	1721
4420	9619
2282	1100
1106	2596
3936	7198
9279	9408
720	6671
4366	7646
9400	818
5645	5140
9289	1593
157	2323
6558	4854
3809	3758
4208	8565
8559	1564
286	2978
1182	2567
430	8639
5162	717
5836	793
6476	2908
7463	841
553	6862
1659	6198
2002	7299
4142	8510
9621	699
9715	9781
808	3922
8346	5718
5486	8631
5048	3019
7549	5477
1658	9063
6193	7493
9855	2668
400	7317
9860	7305
4179	1518
9854	2532
5168	347
7393	4789
7398	7107
4569	8205
7381	2914
275	9218
7896	5322
2236	5445
7150	245
4507	9694
7738	4361
8713	4489
8029	8572
8145	8559
6442	4350
1090	1609
4697	4834
6397	2094
1941	7318
6650	9321
231	6924
8538	4479
2245	7125
6275	5746
7370	781
5439	1459
1493	4151
2299	5873
2723	444
4432	9164
4793	5521
7124	5841
355	3521
7934	8647
838	4584
7967	7420
7859	2856
8250	6456
9980	4524
2201	3701
1656	7640
5159	9500
8142	7458
5373	7216
4253	9804
2731	5397
1676	9855
1238	2030
9727	5523
676	6916
6458	4994
687	4317
4201	8937
772	533
3460	9324
4233	1468
3315	9392
967	1457
6849	6339
8672	1101
6142	1403
6497	7818
7609	4086
6199	7335
9609	3227
4250	6066
4572	4936
6734	8773
3872	3857
9305	3684
3181	3537
5151	6495
9280	2469
4303	2480
8808	9327
3580	1301
7081	6429
5470	4689
6866	1669
2023	6474
1247	6272
8892	5818
7559	5625
942	1431
9482	246
1466	2662
135	2968
5508	9414
5436	6163
1894	4243
5489	1825
1896	2569
4605	7365
3609	1471
9033	5631
4296	279
8254	3187
2449	5812
8812	3390
3594	4645
3636	5059
3658	122
4378	5517
5887	9814
1679	4132
408	3519
2309	2303
2439	6913
9668	6047
4735	8700
8029	9031
5331	6282
8569	7779
8446	7380
1168	2039
8376	1155
3450	2033
7628	4179
7550	3515
3992	5580
3998	4400
9099	6306
6702	1537
3219	2721
3936	4305
7773	1964
3335	3103
4598	1904
7233	3043
5635	4752
1433	363
5907	1234
2395	9886
5413	6296
9752	9404
1876	3750
155	7326
55	6857
5214	9625
9577	9149
3930	3701
1113	3616
6803	5710
1871	4035
5104	3858
5139	6536
4220	7397
7770	2966
7282	3182
5614	7034
8937	3841
783	9092
1166	7189
2300	2731
6814	8228
1880	7095
1929	9344
710	8731
1405	8933
9118	6508
9142	608
9395	3361
8004	7164
2678	5285
6697	8291
8670	5634
2131	5804
1077	9648
2993	3376
2379	9806
1603	610
3252	3531
9953	313
8614	7709
9245	4083
568	8386
4690	9962
8098	2693
3478	776
7977	6526
5418	2999
8511	7549
8802	9587
3548	1794
2962	5926
7951	4565
2887	1202
4447	9191
1515	3060
6899	7111
7142	7466
5497	1831
3780	9946
875	3609
721	5204
134	2491
8202	4997
6391	7003
4583	9938
5149	7545
2216	3099
8461	5102
653	2907
4293	2167
2319	7543
5629	5812
1361	1125
3995	1492
1071	4869
5100	8143
72	1585
6985	8273
6581	3375
1628	7516
3313	6776
5060	1880
6226	9872
6981	6878
9130	7625
5396	1448
5168	1025
7260	2880
8501	1254
4371	5923
6122	9470
418	2546
7406	7402
818	339
777	8797
7854	441
1924	2913
2320	8150
9136	5652
1379	8265
3277	3127
9713	4796
503	3324
7675	5355
929	2045
1278	3402
7866	8047
5947	5271
5448	3117
5609	2576
1913	9814
9368	189
9078	1687
4690	8213
7339	6068
6478	6967
5546	2542
1762	6048
2217	5788
7755	3145
7832	9032
6546	2049
3430	8845
3671	5229
8313	5632
4157	6577
5445	3524
6765	4523
5211	1454
2735	8901
3874	5564
5867	9419
8105	3980
1819	321
9767	9573
9817	3950
4956	2715
5998	4737
7911	6020
9965	6223
1651	4121
2799	7096
7645	9564
1618	9207
1017	704
4459	1242
6268	6677
661	4372
656	8831
1045	6774
4755	7213
7075	6062
6279	9424
798	4189
5443	7114
411	7094
7587	3210
541	1583
2773	2158
789	141
9213	1599
1383	5480
8275	8395
6204	5282
3577	3600
2055	8331
812	5481
4392	7091
4904	1541
1279	346
8654	8042
3791	2592
1251	4331
4174	375
2840	1314
515	2053
2912	8249
7532	1186
6643	3735
6467	219
3686	4873
4901	4498
353	5644
7940	1608
7184	5570
1954	2190
3611	2096
4781	4861
6427	8955
5235	5618
268	2102
7670	9532
350	1554
717	6993
1640	3536
3563	5326
8408	8464
6175	5113
4107	4114
6720	7643
9683	5025
6184	9646
3473	7316
4506	6251
6270	6093
1868	2890
8194	9538
2421	8543
7443	9489
1887	9082
3024	1802
4407	7784
6617	581
9248	7075
1046	2319
4717	7081
7344	7252
6726	7168
4568	7583
3418	7189
3675	5285
6430	8220
1174	8850
3115	8616
4691	5001
7698	7714
3154	8456
1849	9770
9037	1096
6845	6434
9767	7913
3514	3462
5165	239
629	9732
7822	4046
3272	7848
9330	9702
6068	504
4903	9182
5471	9593
534	3168
3659	3688
7976	5507
3457	3364
2955	6653
9797	2721
4566	3311
2534	6082
9901	3162
2165	7722
7207	5436
5570	2888
5137	1637
3391	40
818	5214
5984	1351
4733	9642
1390	2708
1501	4847
6071	807
7851	5868
9879	2416
5530	2412
8497	5430
5573	661
3152	9131
2449	5073
2018	7585
3061	1761
3976	230
6974	9960
7932	1706
5953	9322
4414	7453
520	484
8259	8370
2703	4489
786	4584
6900	5634
14	2472
2647	9517
1602	1447
4589	9972
5383	4001
1732	9359
4230	8705
5670	2161
410	7974
1482	1175
5427	2001
1659	37
6723	713
878	3860
5297	7777
9493	1662
6601	8491
1178	4554
9937	2118
4525	5320
6118	6256
1030	347
4960	3051
8859	5370
1024	341
6544	2802
8693	4554
9191	5415
1619	68
9274	3267
7844	5119
4928	796
9961	6105
5350	6250
4574	9874
1569	691
6130	8950
7389	7441
2000	2599
9162	9375
2939	2058
2177	7984
2963	7719
9750	4581
7786	5376
