500	1844851
2485	8377
8624	4394
258	7133
221	1316
9221	4215
326	9593
9422	8631
8560	536
7149	4033
2169	6603
2930	6995
3960	8007
2139	6635
8292	2339
2041	7056
379	877
5432	9003
1622	2041
6135	1842
3356	1708
2409	34
1300	8182
8664	6211
5070	5812
6595	7238
8767	9525
584	2726
3883	2722
5712	2174
5060	4105
5581	1790
1333	1013
7144	2955
9405	9631
4796	9113
1338	3556
9146	8989
1738	4161
5199	6807
6324	8146
396	5090
7670	979
4167	1552
3700	6231
77	5111
335	5658
6900	1667
3022	396
4621	2426
26	5769
7890	1363
5676	3387
351	7413
7547	1901
571	223
46	7318
1664	4067
8296	5831
5618	8347
8413	2047
9809	8747
7704	3061
6765	725
3456	7738
9502	3481
9858	7392
4843	5533
778	1545
9298	4677
9797	6220
4899	9843
3538	6562
261	8185
8744	5879
6532	7156
4277	6340
2254	1980
9400	5371
2704	9207
3108	2205
2687	9317
5948	3881
4849	3078
5425	4146
7754	1574
366	9004
1416	255
1917	1676
8439	661
3906	1322
4168	8182
7662	2774
6513	3413
8144	9216
2620	7603
7773	1658
6919	72
5539	1767
3149	7315
2265	7254
8888	8982
6257	6655
9236	8174
4683	7674
5186	4940
8996	5705
9474	3009
8478	5986
2773	2973
1554	1744
575	9326
3402	7493
9397	5292
5612	8898
8958	7876
6151	4198
6857	8760
852	6092
3285	1886
117	4822
6826	5464
526	2651
8472	5356
8636	7597
8328	189
9340	5255
5866	9093
2747	1615
736	4710
512	9694
2585	3014
243	5793
1773	7446
8236	5057
9332	8353
9878	2509
3816	6756
5159	8640
8463	3794
6236	3142
335	1927
8396	6200
1020	7495
4166	8107
2204	4677
4152	1141
7691	4394
6933	5815
1840	5169
872	1171
3521	7101
31	3688
3856	5189
2327	2318
5334	4914
1812	2020
6841	207
4572	4212
4053	8737
2318	6257
9766	2822
7397	3808
7215	681
9622	9054
5849	6845
6576	9369
3946	2958
9409	4153
4498	8087
2823	6184
3001	4634
8203	6193
1192	2774
404	5245
7863	9073
7853	7628
8246	5249
7787	5461
5929	7408
866	8130
605	3794
3850	902
6751	3258
5054	1249
1345	4228
7432	697
8861	1986
6889	6405
1112	3644
1649	8974
9068	9501
2953	7314
1101	739
2774	3381
4498	9991
1510	1454
3784	1712
2355	6887
4969	7409
4487	2665
1636	8270
3361	6849
255	6601
3253	7718
244	1253
6691	9312
7105	5995
6625	8205
3085	5750
7937	3935
5740	5799
5388	5876
7510	7743
2762	8830
1503	7248
1495	3138
5517	1207
6338	2123
7808	5942
9841	8051
3546	2883
7362	650
5230	338
5206	8314
6087	3143
8600	8179
5293	3988
4054	2802
8082	6815
1631	9584
414	9477
9073	2282
684	1763
4404	8491
7704	596
2893	1250
9831	6607
8251	5060
6944	3457
9725	9383
2951	8325
7561	8243
8664	1614
7396	3097
8428	5378
2680	8841
4855	1752
7474	1890
3514	8229
6732	7570
8825	9624
5171	5007
6230	3421
66	9526
6877	6142
8908	6179
818	6468
4421	5833
8081	1816
8929	2860
3546	1608
8052	8400
9712	5525
6641	9577
3753	3372
3498	8929
2995	8668
3935	5577
8441	352
5102	1669
6494	4009
7848	3663
6828	2268
9496	4908
436	8424
4119	3981
6384	2170
8732	6095
7694	5372
2023	7798
5095	5521
6727	4441
4188	7013
17	2628
7365	1470
4297	210
1830	8496
3872	8657
763	3367
9916	7550
8143	386
7882	4526
2555	6613
6972	6600
8336	8994
4398	3430
866	7476
4223	5054
4488	4239
4033	1852
2061	4681
2061	242
3176	2285
8899	291
5651	5166
4192	145
5552	2074
4670	4458
5038	7993
1058	3374
3339	1807
3155	4204
9282	7377
5609	121
7968	9642
1973	6380
674	385
6621	202
2669	1871
492	4672
3389	4683
1168	8940
3108	2190
9749	8146
182	806
7871	3520
8964	7377
7724	8245
1106	3332
8366	5425
9325	6690
1804	6351
3426	8424
6552	2447
6647	7043
7118	35
8077	8285
5326	7537
474	5074
5682	7008
2232	9904
6879	1195
7280	954
5792	4737
638	509
161	9962
3550	1964
6312	6975
6740	2863
9421	9738
6257	2890
9772	686
7527	1449
8222	4352
6522	3903
1359	5105
158	8238
2652	3789
9191	8443
8526	9828
8951	8686
6142	8852
7002	8805
5826	93
1668	5247
9830	4276
4488	5953
4961	2014
7401	3182
6366	274
3436	4076
5379	9945
2313	8030
3734	7856
2824	2259
4035	8126
7296	176
6977	649
8981	2802
741	7000
4400	570
1275	8888
6522	2588
7253	274
2121	3618
548	1909
4046	5926
1853	6358
307	5586
565	3130
4196	4600
1255	1492
4775	8231
2140	3755
7384	2881
7106	1784
9802	4733
7023	2676
7320	627
2949	9440
597	3496
1348	4642
5773	3201
999	6079
5138	1564
9208	9334
6163	6814
825	7289
5044	9316
7396	8780
8548	4501
6915	8350
9233	289
7377	2904
915	6677
8696	1511
6525	6395
6152	2297
5947	3503
8376	1085
1418	3935
418	3932
749	7594
1220	2144
3261	8615
923	1809
9468	7837
6510	5052
4477	3886
7956	5392
6914	6651
6902	3438
9397	9406
5735	5344
2908	462
6428	4325
4396	3197
8256	5144
7142	9475
7288	402
4442	4562
2210	261
8751	5071
5312	3227
5308	9619
4970	2222
2621	8224
5659	2018
7629	7745
7361	536
8206	140
1212	2602
9688	9467
4097	3181
5293	1384
3582	6086
2298	2144
6346	7400
7214	8010
626	8874
7628	1948
1095	6601
171	3105
8618	7799
850	2330
8334	9055
8821	9545
1656	8508
5363	5753
8040	7007
3488	1621
3093	2137
116	5790
9536	3682
3799	6514
2555	7779
8461	1
4379	8631
3105	2996
6429	3954
1677	1114
9361	497
7010	7368
5356	2372
3120	3395
9378	2960
1367	8822
1448	7835
4612	984
1516	8410
7497	422
2540	2309
422	6918
939	3526
6265	3719
3832	7941
4832	3192
4789	8193
559	6496
6916	31
