500	2254993
8440	9327
8072	6757
9453	5669
62	8873
480	1783
8201	3185
3842	1357
4293	6721
5988	764
9504	1667
3656	5199
9470	3450
2690	2447
4707	252
7182	5475
1831	1973
4802	9902
8730	4254
1923	8791
3126	8754
6926	7679
8290	767
5387	2582
3839	7726
9697	9694
9393	9705
4892	5214
3154	7581
7660	7860
4184	1193
3334	6014
3166	4487
2268	8247
8741	4190
7037	8218
9295	3962
2248	7584
1080	3986
6517	1270
1712	2566
963	7456
2270	2207
2669	5423
9787	6680
9634	3971
7872	9319
6336	7389
3806	8603
1987	8898
9144	5376
3467	8438
5689	2067
2373	6769
2404	8890
4390	467
7807	1705
7922	76
3911	6942
1850	3697
3621	7835
4019	7845
7153	355
1585	7310
8957	3572
2559	8101
8947	2378
2890	4635
796	5263
7755	3199
504	8497
3666	8310
201	7939
4737	4111
4881	6586
4159	4853
772	4530
2697	7924
1236	634
1586	6544
4205	496
996	9503
9225	3886
4137	20
9148	8244
9571	6003
6740	9588
4312	6940
7526	5400
7402	2406
8337	7912
7259	9108
8793	6307
3383	28
6940	4968
6572	1144
1816	7567
646	1040
1452	1135
1060	6951
9378	6982
9305	2469
6569	3616
5760	4094
9015	3161
6500	7351
7424	110
2810	6217
6416	6193
6244	9708
7512	2815
7203	9327
6734	4201
6719	4537
5335	4130
1488	1064
1111	792
3532	7679
760	5643
1772	6126
8803	4623
9829	2578
4732	2638
8794	7500
5182	1390
3559	2694
556	761
8372	7289
4961	5090
1826	6647
9219	9665
7710	329
6808	7593
4359	3919
3235	6131
45	8389
753	6225
7319	1837
5214	6112
5688	396
3853	9246
9441	4409
6358	7812
8049	1319
9254	9874
7965	8472
5890	2027
5153	2698
5971	9511
2968	5558
1993	9364
298	9098
5588	7616
7286	7154
80	9325
7549	3932
8570	6989
4692	4927
1152	2741
2597	405
8966	6914
5229	4856
8940	6733
3905	1262
2595	6872
6819	4588
6236	7117
37	8175
1084	7322
5328	7515
6646	9228
1447	1567
6216	2490
2845	3720
5230	5442
476	548
2355	5704
5403	7646
8788	5659
8907	1383
2530	2078
2322	5117
5546	2358
9644	6629
6031	1323
4144	2676
551	1942
594	3118
783	3438
6837	6013
5231	7313
2912	3937
9368	8314
1582	8156
3972	6841
9538	2853
8918	8211
4322	4463
568	317
7443	6598
1639	7938
5625	2189
6231	6218
1659	7014
6007	8495
9378	1238
2159	2289
5174	1527
6954	6756
6034	7277
9948	1923
6481	8865
133	802
9679	700
7470	3473
3649	9109
7763	5625
7649	3993
8194	9307
7358	4200
4154	6735
5437	6312
5375	6963
4190	2328
70	223
5956	17
8497	2437
5233	8629
3238	1263
5680	708
4735	9328
6168	8849
1304	3816
2842	9497
9475	199
3697	3628
3286	5485
6291	5012
2447	481
3692	2516
7055	9647
2532	5552
2083	4116
4180	1673
5378	6212
8732	6465
5539	4899
5313	3195
5066	4506
2691	4540
4705	6387
8167	4342
8224	4458
5705	670
1290	9396
9538	8344
9043	8421
247	1125
2537	779
9149	7914
6990	7880
730	8880
2778	6043
2074	7844
548	4765
2383	1604
7503	6902
2297	5726
1359	8002
6396	2648
7397	5933
7343	2791
4353	7590
268	3241
4720	9416
7507	1709
7296	8236
588	73
4278	9014
4268	1178
3778	3003
2781	7632
9904	1430
3358	1262
9431	6105
261	3179
8389	3955
5970	9093
1544	6237
2334	2615
5652	9840
4323	9299
4427	1263
5724	5057
276	9991
6234	405
9345	5366
8036	9248
6795	1393
6861	6225
3849	7121
5756	2237
1076	1725
7682	8971
4313	15
1586	6316
6206	2260
5615	6984
9874	1338
2040	149
7680	8273
6905	7025
3639	4941
6272	6785
2685	9485
9362	6534
6605	5117
5122	4032
3193	2803
9355	7505
9169	7292
172	1726
5903	5786
8710	5777
3475	7101
2277	7507
5374	9182
4531	5364
4122	7154
2148	3158
6638	1509
6043	9595
2977	1165
9978	6169
319	9332
25	5840
2975	197
3917	8878
2334	8978
4654	2161
6079	3282
9667	7804
2463	4197
3167	2936
7702	5314
6094	692
3175	2136
286	6151
9652	6615
8672	6323
2299	8696
8514	5273
5244	2430
4150	7578
1408	5155
6090	3838
8437	5756
1641	7251
6304	4807
187	4005
6472	2632
4696	5998
1119	1333
2149	7123
7948	7172
3445	246
5867	1958
1870	7463
739	2372
5040	8498
3878	7481
2335	2314
3236	327
5917	9539
5133	2455
9895	7957
5086	943
3954	6204
8627	2454
9678	6574
9625	3122
3171	1844
1431	1393
9306	8522
3764	697
7019	7641
8177	5706
6307	7764
6032	2223
3654	7517
4677	3548
5473	6114
842	5778
8669	9469
4584	8347
2394	560
7820	1917
2403	5603
3309	8060
4124	3424
5108	7494
1064	9636
3199	3722
7399	5583
2296	1052
3099	6972
952	4923
9437	8145
700	8106
7613	1635
6452	6359
2195	623
8275	949
6225	7935
9009	348
1358	468
4194	8773
104	7392
2495	7502
9326	4790
4906	2424
8114	2209
3698	7550
353	4398
5655	4318
6032	8458
7028	4578
9081	1654
5527	1657
9588	887
8357	7297
1354	2550
6069	1457
6293	4915
5311	5619
9705	6568
4394	4170
5128	8092
1719	5480
8841	3726
6149	1224
8535	3176
5802	3967
4829	1328
5624	768
8566	3980
8064	9919
2881	485
7728	9173
5399	9390
1143	1455
2309	5537
5624	7436
3628	3695
9267	8820
3772	5416
43	2306
4943	5844
2625	6124
3523	8248
6891	8440
8579	1307
4711	1459
1791	2438
6983	3541
8179	8126
1348	487
3662	6971
4274	3641
7017	3540
2460	788
5307	8854
9446	250
1050	2070
2725	4572
317	9615
9364	5247
921	4074
3057	9063
2863	39
8956	1041
8164	303
7879	8177
7273	8504
8169	642
2043	6980
1429	3702
5834	874
303	6883
2943	3027
7806	9611
2641	7169
1209	9914
7594	4265
5328	456
4304	4283
7848	8819
4585	5726
6996	8210
581	1516
8851	2624
