500	622752
4787	3854
2074	2930
4405	3240
5854	7933
3075	8670
8360	1124
6196	78
9663	9404
2176	9958
916	1755
2508	5543
4640	4998
4503	5923
2588	3511
1074	8468
7909	2212
2321	6335
1493	3077
9574	7346
1010	2648
6016	9369
124	8563
5798	9786
7966	7973
6096	8881
6079	8603
775	718
9953	5278
6641	2540
8788	4066
7359	3048
6278	9679
9382	4122
2756	8956
1468	117
7955	3835
5837	8078
8749	7986
4216	3066
5959	311
1946	2037
5265	9072
9107	1569
4349	2099
460	3136
6164	7818
6184	8793
7497	5565
2915	6604
872	734
6720	8827
920	2556
3256	9668
6893	7471
2733	2851
4133	1030
1240	9398
101	6698
7318	4450
8796	7778
3937	1311
5595	120
6456	3091
2037	9370
6046	9260
6455	2765
8086	7374
1672	7694
7041	8565
1516	6125
7767	5649
7154	5358
1398	3606
2055	8715
4407	7202
6492	8344
8513	8439
4815	4968
7881	6851
689	3927
2463	7143
3043	548
868	1067
4593	7908
9631	6109
384	3749
1757	3889
9107	9506
7494	1161
4572	1901
8363	1064
244	3227
5854	1410
4546	3734
8261	5234
4012	723
8728	7055
7622	9595
8121	8567
3854	4103
4675	4237
4203	2783
8125	3309
2288	1970
822	6859
3870	5536
4274	465
8762	6479
1875	3307
6565	6487
4892	576
3561	9971
3982	7534
9565	8454
6100	9770
8908	7126
358	3111
9908	8482
2771	8547
6803	3592
1758	7025
9127	6031
3841	4240
8862	2067
3898	5426
8553	5141
6001	8465
5111	6335
2351	4675
4788	4802
796	48
1928	1153
3158	8187
5986	2280
6734	2789
5872	8491
9813	1350
873	3653
1942	6086
5720	5839
1511	624
7332	3864
5441	2442
198	7791
3469	1337
2592	4264
7736	871
5417	893
9058	7754
9525	2143
542	5396
6985	6706
3097	4209
6711	5038
295	8782
7229	1805
5757	4560
5668	1197
3353	2217
5339	6821
9906	4283
1085	7641
5153	2853
4886	562
606	4410
2704	7500
6157	9688
4205	9253
3897	7267
643	4191
6048	4223
5995	1805
8782	8015
9353	8486
6583	4692
5307	2840
8974	2743
481	478
5595	5366
1040	2552
6127	3743
6403	2283
3431	608
1535	7327
7874	8529
7869	274
2751	215
2078	7884
4581	7782
6370	1164
2473	8028
4003	1446
770	835
1924	2716
2552	2963
5267	8678
3057	1670
960	6487
8629	8847
165	2854
7375	8033
9479	6478
4600	7908
713	9180
5690	7082
6695	8162
5109	698
5960	2230
7884	4235
4945	436
3549	6564
9113	6605
4585	73
9444	9565
5271	5960
2418	8997
3993	1897
5474	4944
6156	6187
4123	1845
9620	818
6359	1081
7867	2318
3310	5750
2904	8255
6185	6452
1170	1650
9408	5754
8074	5203
5318	3344
1163	4087
2340	1507
2335	7814
6450	8491
352	572
335	9971
7741	6693
7403	1959
5362	713
7709	8265
5319	245
1068	6488
1894	476
2241	9967
2030	7558
9662	3192
7996	2002
4698	331
6167	1147
8821	6518
8071	9155
2840	5811
2200	243
4122	7561
7307	1830
2178	2625
8426	3245
5464	6672
72	7704
2990	2102
1613	2652
5293	9608
1005	9991
9938	7171
7489	5110
40	5559
617	9231
7722	2816
5825	1843
6728	3131
24	8905
2107	4801
2150	7570
1472	2221
1625	814
674	3237
3465	5967
9197	821
2309	5486
7991	9797
596	4382
1708	1212
3612	5781
379	5789
3975	7106
5271	3998
6011	7378
5150	8160
1299	2974
6732	2924
3787	3758
2512	3603
9724	8060
4423	8384
3546	8765
8180	493
3146	6239
8056	3109
2019	8434
8897	2345
5539	520
2694	7901
7897	7844
2412	5547
817	5496
8470	4603
9253	7334
4557	8976
5393	8979
7359	8938
4095	1890
5782	3592
4481	3837
6700	2851
8622	1949
5196	513
2468	7889
8413	6716
2084	825
2262	2900
6320	7084
3854	5572
4417	8410
899	9809
3740	4609
5099	4186
2850	7232
7777	3682
1069	829
6533	6042
2777	8080
6554	1596
2320	4967
8311	4404
2143	6924
3655	4814
4007	7509
6737	4775
2270	7635
936	2362
8595	2386
6547	7796
9617	676
1478	7037
1504	8010
3079	4280
2441	9632
2227	4760
950	537
9163	3092
3812	2818
4257	7819
6678	993
8945	8947
4979	9880
7660	3573
2265	559
1369	1882
1234	2846
8918	2737
7207	8348
3368	9647
4332	5594
4406	5281
2482	9921
4725	6293
2738	8981
463	5767
9974	9408
4713	1304
9287	8725
4877	1552
9283	2597
9785	516
1794	5054
9604	5352
3402	2971
1350	7733
4916	2107
9365	7397
2027	441
3689	1116
9422	504
6882	5747
9911	7947
7050	9197
6671	8278
7100	5953
7226	3236
2820	9019
8290	2423
722	1691
1745	2071
5775	6660
4178	5139
408	6204
1932	4096
3672	1353
951	553
3451	861
8499	6852
6410	1521
1482	9861
3825	8707
3097	6644
4078	1386
5418	4799
9428	7162
3222	5202
173	7399
6692	580
9954	8623
1028	3625
6327	1978
530	9777
2839	5380
2981	5600
6901	4462
5460	725
9520	8556
3721	3597
9941	9138
4748	9368
6300	7969
921	2824
1719	7613
3404	1672
2587	4431
1649	8914
6408	8530
5042	9246
3909	8022
4845	7161
8835	6657
7886	8355
5212	1606
8303	1505
7095	9402
872	3394
7370	1793
6218	5440
5757	5973
3464	8343
403	1464
3608	6810
9993	8650
2408	3901
6671	3604
1062	1858
260	5299
6564	1824
3256	4866
3328	350
4268	4199
96	7989
2343	2665
9781	4451
8637	3244
9146	9039
4707	2753
2200	4699
1402	959
4951	4425
915	2364
6282	7526
7662	2845
9349	7269
4062	2676
7619	4681
3227	7714
9022	1921
6730	8802
2724	5366
2045	1869
756	3103
4621	9307
7801	6023
6618	9103
6799	7532
1467	9432
5057	5480
2276	758
2749	2689
9785	367
7370	3011
4432	6391
1284	1161
5192	4007
2878	3588
5875	9985
6690	6847
5643	842
9221	2260
9944	6019
9791	1410
5450	1200
6890	4077
8309	5990
6766	8093
6356	4135
