500	1296539
7597	6929
1056	9007
2850	2201
2990	9953
3959	6159
1432	2210
4119	5115
9414	4702
251	7452
3475	1006
5190	9942
3795	5284
6416	2565
5936	5731
2148	7421
4568	9744
4350	5623
5102	7199
7824	8091
7151	1782
602	8582
344	1072
49	9757
5773	299
3560	9247
1305	8749
5541	1451
384	1956
4016	6319
4038	6163
3740	8606
2258	4441
580	7360
1639	4755
1802	5141
2889	2403
75	3232
3474	123
2988	5599
421	6547
4845	8077
1647	6737
9528	8382
8692	9895
4701	9082
2409	4792
7687	4666
5584	8266
2025	7222
9373	3827
8714	2261
2581	8788
5492	6055
5262	4831
8005	2035
1377	9201
111	9375
5938	5990
7756	981
5884	8808
62	8292
9951	4100
9310	5534
8718	1334
9107	8090
1512	7821
350	4093
2960	5841
6499	8222
671	855
256	8399
55	6718
4125	5992
2708	1880
3325	8591
688	9738
3235	6990
3838	2544
2524	2555
229	1630
644	8093
9450	7345
2185	8762
9537	5035
6983	207
5889	7238
4957	2295
3955	5433
4639	3014
7312	7963
7957	4351
7700	1191
1341	7889
86	3864
443	6666
1845	7438
4758	7647
4782	3294
6408	4318
8328	3390
876	568
6979	2184
9215	7285
7616	3853
299	1280
1815	4607
1982	5866
2149	3322
3755	2234
3537	549
8899	1734
4339	3657
9380	9120
6950	5787
9790	1630
5528	7017
8549	8858
5553	7763
2494	9520
7967	9144
799	6133
3750	2781
1999	5898
2454	2105
4483	2343
2653	9734
4076	3343
9742	9807
2463	6691
1945	8604
4672	7472
1972	9573
2681	3876
7335	1526
3396	5302
670	546
1434	771
9678	9784
3021	8484
8240	7503
826	7245
7236	1253
587	6977
1059	9401
20	3003
8004	1043
6826	6328
615	5858
203	4302
7383	9950
5955	4404
496	3740
5175	173
9876	8195
5008	8115
2049	5833
5359	9285
3437	5946
2613	847
5346	8984
201	9702
27	7026
2381	641
9235	8935
1294	6618
8885	7248
1021	5732
988	2547
2256	863
741	7264
5329	9142
9448	688
8426	2885
2985	7390
3731	8330
6374	3932
4383	2752
7309	3115
3392	6544
2050	1038
9513	934
8285	6885
6665	5624
9432	8920
2838	6524
2535	8167
5665	1983
8854	442
4867	1838
4184	4949
6519	557
5232	7254
3308	8893
368	3051
5436	8769
440	1300
9702	8725
8184	2718
700	7615
7990	3538
491	524
8056	6155
2506	6909
2949	3724
5098	7132
5025	7968
7688	6608
1573	7347
5500	8293
6749	7287
7061	7189
8586	3115
2265	6770
2184	2964
736	173
2853	1226
7049	908
7381	5906
4168	329
5982	5617
3812	1006
9937	7851
7613	1509
1549	9465
6153	8297
6751	3214
1837	5337
2680	453
8458	4863
3417	9193
1388	2621
419	4788
3529	4151
693	4048
831	6674
9665	4642
4031	5953
2492	7996
7461	4040
7460	3614
8688	4210
3179	6877
5898	5858
7329	4355
7072	7097
9900	8459
9718	6670
3246	9598
820	291
3645	8002
3316	9661
8995	7347
5613	1486
1694	9426
1877	9153
9391	6916
9714	2569
3792	5612
4778	7473
6318	1849
4569	6217
308	4286
9238	9905
3883	6409
195	3880
4410	3511
3540	3404
7209	5505
1241	8902
4930	9469
8054	4320
6385	4119
3240	6528
6082	8017
4000	2400
6217	4921
4968	6524
9206	558
2781	9441
6966	2975
9672	1376
6485	9563
1131	3693
5067	2372
8946	9996
8192	3351
4315	4576
7470	3906
7456	3551
1922	7807
2302	8139
2727	3622
1014	8285
4179	3794
4077	1144
6769	3748
2519	9605
3310	3650
9650	8377
2373	8595
4724	564
1946	5391
1492	9415
9296	5299
9317	1218
3105	1619
5708	2184
1592	6721
468	5770
6867	4544
6913	9987
8291	5784
9591	7952
5785	5592
6328	8157
4187	7404
8720	2484
2794	6563
8250	2089
1861	7566
3306	1318
5536	5365
3501	7127
8438	3968
9248	5304
8511	6161
5290	3153
8296	1232
1104	4080
3176	3784
2236	7362
1187	7307
6197	3980
222	4446
6068	2082
8363	5726
3399	251
1090	3251
3729	9527
7218	2977
1182	2080
5489	2823
5232	3784
4055	2688
7863	7230
6471	6450
943	4009
3756	3491
7988	329
4288	407
2411	2650
2484	2161
9252	9926
5412	2981
5804	8981
5957	6986
1061	7797
9808	2644
1580	214
1683	9442
7443	4505
2243	4737
8513	2350
8227	2852
2679	2514
9611	1441
1516	2094
3601	767
2019	5364
99	7823
697	2407
1160	1757
203	967
752	1782
1181	2435
7575	4975
6939	6169
6064	5452
8519	4290
4655	1197
3156	4265
2637	1023
6359	2589
8141	4729
4305	8240
8903	5001
646	62
3109	7201
7381	212
5334	8561
2646	9261
9887	5937
5429	5950
7740	3947
6592	2394
5143	6099
6659	4131
7121	9369
3072	5261
449	3728
9852	9352
5080	6850
9413	8188
4050	6793
8399	9383
1705	7397
8643	7944
3333	4072
3893	1072
4370	6836
3465	5865
2934	6475
9995	54
2195	9418
1667	2644
3145	1518
1995	8224
8367	7759
2763	8768
904	7514
4503	2608
4910	3145
551	4594
3568	796
2017	7938
7631	1833
3802	6917
8308	148
6970	6854
5918	4988
9497	5414
2858	7843
9990	7576
5602	2752
6344	2857
6617	846
5464	7878
342	2367
2471	3910
9514	4487
8199	3496
6320	2000
412	979
8499	3734
7832	4416
8721	3681
9830	1578
1523	9819
9154	3476
8922	1849
6332	5539
9046	8148
3416	9387
6866	2239
9648	2731
3077	7846
6226	5748
6197	6638
3078	4696
371	910
5463	5443
942	1644
3373	2464
7814	2526
2292	6736
726	8623
8626	9771
3122	8393
5509	9987
631	5157
2717	60
9354	5295
5807	5551
1932	8885
6598	8654
6146	8412
448	7087
56	3820
5902	7869
2697	8193
4604	3422
3168	3229
9544	6289
7974	5053
2628	8604
209	1696
8663	9562
6990	822
1464	5273
9706	8061
278	2203
2825	726
9289	2880
4545	5190
748	7242
9735	1704
7015	2902
1284	6559
9190	9257
1611	8169
