500	253267
8677	3745
3928	854
3221	8158
9862	423
6110	4292
2357	4222
8959	5885
4026	6814
2782	5461
1721	329
2035	9430
9574	910
8102	4330
5355	7450
3437	8142
7734	2113
8239	1662
2966	1459
6171	9180
8233	8633
3471	589
2854	2430
2825	6880
5595	5606
8692	7316
2287	726
6745	1860
7988	1198
6189	9694
8648	9625
7835	2733
1738	6073
4394	1055
3883	6917
234	2115
5549	3705
9055	8402
2486	8232
1633	8080
189	325
5395	2475
7402	8492
4335	5389
6041	523
5082	4688
6500	9269
7421	4589
5341	8166
5643	5576
1434	2229
4042	6982
2285	9449
1736	4770
7680	3368
2849	7868
3692	4596
343	1094
9439	1029
6482	5479
7903	7916
6519	4402
7184	291
8990	8876
8456	985
4451	6242
3213	4845
3223	5497
4293	1310
6618	1972
4678	5818
6191	4721
413	2885
5814	6203
3913	8648
1682	8168
2915	4552
8921	98
4842	7911
8973	9649
5247	9776
5890	8459
972	5465
307	5264
6774	6924
3587	1451
2741	9777
6172	9506
2662	8337
2060	2926
3336	93
7445	6250
4644	6366
6347	9485
628	1672
5486	5874
7799	1375
684	8770
6839	7342
385	9965
617	3971
7767	9709
99	290
9214	2760
8627	7626
2038	8314
7718	9482
4564	2362
5847	7262
8198	6474
5285	3683
8699	3083
1410	9382
8204	4600
3075	8588
4564	3691
8910	2331
3400	9009
2620	8965
8120	7598
6590	157
5912	4308
5991	6827
6669	8189
440	1218
1015	5725
4901	9713
5159	2662
5447	3363
7261	8521
8302	1825
2212	7212
507	5611
6220	3126
927	691
724	7517
848	2987
1824	3190
6165	4844
1378	6604
6061	2392
2328	7313
8457	3839
9974	3903
3553	7235
8775	1854
5411	7338
5417	5917
9300	7988
9042	227
8679	6117
7743	5878
5455	9566
9067	1619
4409	6796
8223	6821
9188	6902
486	7644
740	459
7898	4292
4045	3024
6146	9455
362	7914
5371	9661
2254	765
9887	932
3233	3981
3161	8688
3546	2227
6658	4306
9022	1232
7479	4561
8134	7964
8556	8873
8422	2805
3165	8819
5829	5662
8273	6190
9927	9996
2202	2180
7112	2089
9463	344
6069	2623
5383	5967
1201	2041
6624	223
3272	4102
1135	7757
2065	9691
6630	6839
2495	6146
5657	8323
8159	3929
864	8085
276	3066
6617	7387
1506	6079
7731	3926
5054	3113
9892	6254
1505	2868
2828	1129
6969	3963
8885	9034
5	1866
5872	2499
4363	1528
7174	2521
1808	4389
6958	2084
3806	9926
9470	5311
6004	3552
9237	1057
3017	5480
3663	4521
4699	6490
2001	1668
452	7238
7053	456
5455	2924
9307	9818
803	2832
8690	8962
3572	1999
1045	7378
1924	6867
2688	7928
418	8276
5336	3434
108	8998
4307	4806
1840	2659
2825	2291
9896	9877
9099	5351
9152	4757
1520	6306
3940	209
5268	7511
2208	6312
1240	483
9530	3928
4762	9948
8555	98
9733	5014
5447	391
6172	7286
3050	8996
5929	9297
5225	1379
999	4376
2487	2518
682	6426
9079	5949
288	7638
8612	1528
8120	4494
1807	2882
793	6713
9331	525
1727	1129
916	7898
4767	317
3245	695
9613	8469
8425	612
2845	7263
3129	9878
3688	8559
2178	327
6196	789
8206	4316
5282	12
3549	6074
3077	2879
2951	4803
4007	218
9052	8773
534	2296
5819	6498
7117	595
7109	9961
7857	6590
6190	7896
5148	8367
4575	7696
5507	2780
8363	789
9144	1911
3214	2220
4789	2516
3374	5147
2733	2425
272	9618
1072	2442
6116	8188
3037	9576
4500	893
6165	689
5141	7665
9055	9715
5360	4562
8846	3722
1702	7989
5632	1267
6560	6772
3783	9933
8270	2867
2357	8541
2485	3429
983	8600
7968	4019
8175	2468
1263	692
3156	2755
8356	8563
2469	67
9476	1315
140	7529
5655	5771
8795	2215
8894	8929
2147	7163
1796	856
2056	4280
636	3038
9231	8603
3408	3757
1070	1022
800	578
3777	9155
5492	2597
5573	1319
263	5712
8847	5918
7834	3993
4484	3079
9274	2982
6594	1069
3837	8649
1700	4472
1686	7282
9427	1445
7390	6848
2466	8190
3777	6242
3696	9268
5191	9269
586	5453
1332	5784
1370	5518
6129	2205
8596	5402
5187	5189
2822	9023
3837	873
9847	1874
8154	5625
3318	1895
2472	2136
84	6249
8377	132
1868	9919
5752	2454
5372	7083
4589	3093
2600	7069
5298	1196
2470	484
2736	1643
5858	6573
2515	2056
8446	7020
7680	8116
8915	152
251	5350
2752	4979
5481	4619
4898	1232
3424	269
4667	4365
9713	7266
1433	5010
4813	3903
1845	7549
5545	7703
473	4412
6110	5270
1431	3790
3385	6697
293	3635
2047	3044
4966	3879
4014	9863
1463	7438
6483	6129
1802	6195
9746	3234
7557	4559
3488	9401
8459	5385
3455	5283
9796	9565
552	1226
9706	3937
4275	9998
3923	6321
9393	5240
6551	9758
5102	8013
7195	7936
4141	5348
483	3887
4934	8039
4797	8421
3791	9607
3805	3598
4889	9952
9514	5440
7530	9219
5728	1804
5568	6003
4476	1312
1242	1026
1069	2696
9039	4616
6983	9531
9963	7465
3417	1248
1855	4565
9669	1998
4171	9825
5595	9059
9777	5108
851	7306
678	6578
5461	2597
8932	9936
3908	6526
961	1328
9221	6351
5943	2555
5882	2258
20	5650
3505	8226
215	9525
223	4385
5702	2169
9796	5478
3628	646
9135	4305
3575	4595
6901	2507
882	7160
9032	8194
8488	4604
4545	4430
7158	426
6687	3529
6075	6544
1755	6289
2420	8329
7026	8121
498	6821
9950	4125
3818	9084
4782	7392
30	8034
6250	7263
5194	1633
5457	3681
6236	1
8110	9746
6778	1149
3274	2852
4044	1380
5493	6463
6061	8870
4584	6558
2042	4533
7034	5859
9969	8167
9602	6350
6201	5852
3613	1394
3836	5421
5074	72
5421	9535
6169	2198
7035	5794
1401	7430
7174	3245
3893	3234
2114	4828
6143	4155
9360	9528
6365	5680
7695	5967
8382	3895
8170	8346
