500	642722
358	1091
9772	7311
6686	3203
3036	8969
2994	7672
745	8728
3229	202
3189	5588
9727	735
8810	6108
5688	2830
3812	2708
1959	6850
3575	6515
7772	4955
1198	4482
2397	7321
8144	9082
6875	7532
4402	9868
5203	5146
4948	4783
1700	4488
370	7778
1574	5531
3885	7261
8360	4048
6320	6670
897	9894
3184	5020
1200	733
5853	3596
8053	3997
9030	4927
7880	3431
1146	9434
4929	2445
4216	6628
6932	937
4405	4857
2819	4641
8469	1178
8688	4788
4199	5936
1033	3734
955	2232
4466	6808
2180	8870
7156	7561
148	1387
991	1293
820	2271
90	5035
8898	3373
2323	3302
8230	5141
7942	6698
2670	2981
1486	3220
8916	8870
6953	6223
7454	7770
9382	5985
6639	6537
3545	3138
4275	887
782	5094
3158	871
6480	2055
4244	8802
1709	8825
294	9650
5522	2963
8983	3359
6182	7898
8581	9486
4120	6034
7255	3501
2018	245
6389	5562
3382	663
2800	515
5756	5957
1386	8587
4364	1981
7388	6072
7157	7681
2073	9030
6995	1055
2389	3176
8953	7321
2661	9424
3354	6267
9277	5371
6511	2017
7284	6244
9032	83
6759	1139
2392	4496
9726	6755
6476	7113
2826	3632
1146	4898
2661	8140
5953	1401
7668	1257
8721	328
7032	8426
2947	6308
3796	9457
4677	7431
2053	3708
7514	8811
4846	9905
3306	4571
6659	6133
8036	5836
9764	9181
733	8776
3672	3037
6529	1339
645	1601
8019	7677
27	965
336	3822
6773	5012
7605	8825
5071	5118
7635	9917
1374	7292
839	4384
3424	8874
219	9539
4406	7303
4667	8078
340	1195
9416	984
2795	3786
5012	2821
4750	5348
2995	1523
6711	599
6699	1782
2068	686
1698	9793
7977	2536
4176	7753
7762	746
3643	2167
8048	8309
6596	4739
5855	6012
5723	8650
6149	7086
7822	899
2433	7168
8773	5496
4118	1823
7277	2537
2508	5326
2329	6837
4213	6504
4589	1974
7249	8231
493	1649
6540	7088
6387	8746
9451	8461
7395	5600
5547	1569
2850	4331
5088	7974
9826	9206
9796	7102
1742	8656
8779	4071
5492	2992
6926	80
4965	527
4662	1809
2175	7553
8897	4913
6299	4699
3374	45
6650	8920
7965	9499
3250	3053
3824	3076
2258	3620
6529	351
2275	5308
773	4118
4651	4051
4197	9615
4577	5210
7776	3103
2763	3024
8015	5413
7722	1388
5457	724
6659	3422
6574	6261
6474	398
5688	5083
369	2216
1785	8995
3875	2558
3112	8525
6608	3660
4492	7536
8869	8619
6990	7983
1642	1356
3395	5715
9096	8852
6438	5754
2273	3012
2014	5098
9761	7701
6532	129
6269	8316
5475	6495
873	8586
1372	3832
2245	2215
1367	7465
833	4708
5448	2474
6064	8842
8188	5159
4045	978
7264	2669
341	9278
7766	101
3330	4297
6581	5950
2613	2055
8797	9837
640	168
3669	9236
2382	1387
3052	3214
6095	8499
2039	8510
3693	6578
3668	7737
7555	7283
406	7895
2912	4523
4347	2594
5172	927
8543	4136
2981	3691
3972	9972
210	3992
5559	8943
5379	8611
2156	7825
7109	546
2686	7153
7124	2705
4890	4678
9987	1647
8925	2899
2521	3271
5492	7692
550	386
8179	3530
4077	2151
9854	4286
2494	5412
3229	4224
4022	1736
8400	7483
8634	1085
4635	5757
3789	5876
6786	3776
3874	2062
3026	6395
5333	8517
438	2234
5254	8617
5763	9330
767	1968
9968	9612
7380	9548
3836	7753
7635	2235
5235	6268
3320	6222
2024	3460
8449	5162
3587	2323
7223	6612
8717	8907
1480	9154
1140	6734
7770	3255
6063	4888
5222	2382
4500	8953
1929	8335
6706	9564
569	8292
5831	240
865	4207
3700	9314
5720	7286
1636	9294
3898	6704
4553	5377
5857	2044
2110	9979
5298	4525
1218	6872
6906	5717
2176	5187
403	5233
4750	7324
3525	6932
7563	741
7490	7614
6406	9561
4900	8041
8855	5149
1096	3407
6877	3305
5450	5339
3283	7100
6215	4500
323	3120
6569	8850
8306	3323
4083	9407
646	3959
2691	4561
4699	180
2174	1105
9741	3425
5497	4947
4925	6593
4705	8154
9897	154
3492	9531
3605	9706
382	279
9177	6950
9129	3835
6625	3211
9593	7270
7169	2283
1830	8219
8815	356
9323	4907
132	1172
9853	5057
7764	4557
9562	4012
1062	9405
9894	1019
9110	275
7649	4638
3577	6777
4824	201
6339	4417
7470	9859
3051	5652
8078	8217
2359	3752
3123	2490
4923	9327
3898	9038
235	9811
9401	1297
9215	9294
8667	4676
9569	6315
9314	3145
9444	489
9697	2134
1257	3518
8345	4308
5521	2774
2524	7879
6525	1999
6721	7800
1325	6970
3189	1560
6781	2590
9208	5995
1883	4226
671	7803
6892	6336
7299	2687
6824	6995
4821	8081
513	9517
8740	6033
2290	7615
264	8814
9613	6984
2965	7290
305	6154
8849	7085
8743	4408
9432	625
4985	102
8428	1876
2789	2078
4563	9612
9073	5735
4044	5937
5251	2783
1969	7540
6750	8584
2705	6362
1919	5670
3651	2224
1823	8851
5660	6917
9610	5091
3893	4594
1544	8672
6470	4332
750	7384
3944	9822
9470	4339
5758	4720
3474	4078
8611	223
2662	1315
2936	4580
3336	6587
3155	1510
1789	8815
8426	1399
3905	2319
2344	5449
990	8813
6132	1739
2548	75
7912	2017
766	3669
3088	4239
4099	1698
813	3112
9365	3748
7691	2700
6686	7198
4210	4827
6012	8987
6225	6268
1305	8568
8068	8647
3733	4200
385	6280
626	8297
4649	1391
8317	7736
1981	2415
9434	9145
5526	5150
9245	9569
7849	5930
3118	8410
7108	9129
7397	3332
1748	5053
8252	6168
3699	8336
367	4084
967	7344
8732	5615
5087	3400
3351	7067
5815	9136
2564	7692
4285	1808
3612	8485
4089	6729
6895	1197
2209	643
880	309
5695	5483
6476	9394
3818	6842
9829	4785
4185	4912
6751	9271
8311	101
2690	477
5588	1605
8169	6224
3412	8132
4709	3852
4861	7955
1400	3421
8597	2280
3729	643
