500	597024
9852	4732
6373	9910
6798	4463
6367	5338
4694	4728
1792	2522
8297	8244
3808	8250
429	973
1621	2572
3462	4838
8776	694
7770	6197
9402	6626
703	1698
4622	6906
6429	7346
6815	3226
1808	3182
8563	2853
4261	6706
1726	2558
4949	5534
7159	5378
6506	5131
4301	6320
9968	3076
7013	7738
5624	6414
715	6326
4463	1688
3232	891
9033	46
468	7192
3227	5382
45	3840
2087	1770
2749	3388
3655	9907
5117	6513
1389	9417
2832	1356
8844	9844
5445	4467
2610	2512
792	3424
4199	375
4315	9584
421	1134
6775	9999
6516	3171
190	8602
1293	2938
8341	4947
2844	3457
1459	584
2873	642
1940	8068
486	3736
2534	9447
2599	9678
2870	3150
52	3536
2733	6824
4670	5859
3175	7537
5382	3364
2490	6674
2654	831
7972	1849
4287	5783
2433	3512
6424	724
1579	3261
4459	4113
2707	3410
142	1929
6559	193
5464	9291
3369	6485
1501	2895
373	6882
2610	2863
9907	5263
3693	7879
7112	7979
3661	9544
7842	6436
267	9421
9697	1077
9885	8755
4486	26
683	7396
6570	2499
3038	6290
5335	4539
9184	5708
7772	1794
8570	7679
3408	8614
5557	519
2944	5569
6414	786
2004	3032
206	8052
4109	90
6807	4946
115	3841
2342	3036
6339	5379
9326	8026
6269	8509
3733	4041
6654	8654
1719	62
7267	3627
6932	210
5547	3346
995	3902
2729	1200
1954	3189
7641	8760
8135	4107
2600	6828
7143	5291
8558	6468
3316	4827
1328	7048
8867	4334
5701	6937
747	9319
6915	7678
9528	2461
7375	523
6362	104
8074	8315
3292	5715
3426	7778
9821	2378
957	6963
7668	9515
9782	983
4341	7462
4382	9559
1795	6434
2847	2541
5752	9761
6570	1631
8573	3945
2153	4934
400	6579
9601	43
2293	9378
4173	2113
1755	5129
5428	9422
4643	1561
6756	5335
9022	7489
1245	7168
274	4091
9708	2377
203	6278
4008	8775
6574	2512
61	3325
9090	6013
3367	1382
5390	7539
9847	7145
9020	1626
2918	3662
9538	6026
5349	8560
3514	2945
2079	3788
7036	1787
2516	3590
4416	6523
2365	7341
9035	8777
665	4476
4789	383
5858	178
7922	2056
3674	6941
33	6592
6954	9570
8969	8654
4481	2482
1599	6560
2621	4986
4698	5137
8575	5465
8011	7291
2805	3397
6067	9821
7873	855
203	82
7385	4476
8489	1058
1416	8521
4001	4722
4442	2969
9727	8923
1803	1325
5482	775
2662	179
2263	1237
1995	274
4879	4799
3670	946
4619	7894
8152	1173
7975	1888
5649	6463
9298	3416
1335	3298
8137	5777
2619	7864
4699	773
5540	6532
1547	8202
3062	3810
5790	5056
435	668
9854	456
7965	824
8350	2469
8348	2676
4356	3996
9139	3653
7412	473
3303	1900
2601	5921
9763	7299
6693	1655
3830	4591
9856	3243
4752	1997
8298	5186
9016	4503
1994	6981
1678	343
9449	26
9370	156
4021	8508
3809	7784
5333	3463
9684	7933
9383	5798
1584	2427
7452	1765
3369	3659
5008	8121
5655	9657
9658	4671
4160	1651
8003	2189
8345	3803
2214	7715
3958	2587
2574	4118
370	4258
7580	6405
2191	3314
2203	126
2092	9654
1890	5461
3313	3249
9933	5319
2906	9590
9989	3417
7593	7991
5605	5937
8145	4171
3	2103
6757	8929
6220	3478
3186	152
9883	1728
3465	2085
1853	5557
1738	95
7369	1402
3343	7301
6721	2600
6890	3061
6016	834
7404	1621
3123	5548
2143	3125
4002	8899
2053	222
8728	5239
6725	8610
3318	189
7046	5171
2097	5136
5265	9465
6537	4959
6765	9609
7559	7
2670	3574
840	6425
1546	3962
1972	3688
3439	5974
8938	1843
2547	7666
3433	5623
2627	6751
5811	9673
1921	7908
4808	3537
3724	7696
8495	489
3657	2405
6847	2678
5979	4038
9102	3876
8000	7425
3916	7790
9750	2853
9632	8648
6870	9417
4270	5849
6167	6433
5521	4439
692	6680
4327	4415
727	2821
1255	4383
5226	8101
7060	7556
2139	2513
7783	6490
9938	1698
631	9687
4551	262
4687	7772
6030	8956
3620	2196
5388	5492
2986	6079
2171	7312
494	9250
6485	8100
9984	8062
6201	3396
1969	4691
5908	9751
1180	2197
1449	8162
8236	5999
4775	2922
122	805
8229	3742
3000	3617
9233	2338
6047	7756
6001	2892
3357	2485
992	3340
6898	3544
6735	8866
8234	8995
8617	5765
1191	65
3926	9426
2415	8700
8699	2536
9504	6928
2629	8856
6896	1862
7545	2942
5969	3545
5834	9325
6030	3177
2664	2927
6720	5751
1793	4953
4745	6761
7069	2287
6825	994
1713	5591
6045	6763
4478	5549
3690	7107
756	585
5320	8300
9879	1288
1844	2064
612	4225
5240	9627
7152	1959
5377	5296
3263	6473
2056	331
8760	5232
1324	6824
7174	3720
3586	1651
9268	3628
8757	6375
564	4076
4674	442
1715	2870
2505	8678
7094	4096
8305	597
6054	33
2244	9316
6506	651
5998	5265
2234	3673
8440	9407
7393	2025
1058	3012
2004	9814
9387	2568
242	412
9361	1956
3281	8218
634	6727
2313	5290
3675	8367
5322	5919
4034	8179
2921	32
9795	5155
3704	8234
4561	7448
6611	5618
460	8614
1784	9846
1181	2025
257	542
332	9890
8759	7317
2968	7423
2606	6642
5789	7928
8912	6175
2458	1833
2558	2253
6987	2613
6838	7899
61	3448
3517	520
2062	1652
6717	9594
28	3325
6487	359
3214	1597
7676	2533
9020	281
9175	1160
4560	4438
7334	3370
6270	6243
5622	9608
8856	2459
7507	8916
2259	7375
5787	4320
9026	2503
3913	9053
5827	6752
5763	5393
8348	3438
7925	7367
71	3451
8527	982
7889	2212
4351	510
8455	6324
6470	7310
5135	328
6225	7393
7702	2011
1712	3079
865	1976
8483	6691
8727	4245
2083	7075
4035	6360
793	457
6162	9319
7790	402
1531	2141
912	9985
4816	3733
7294	9950
4060	9870
7342	1761
8232	5405
1191	9096
3733	9673
5786	8811
