500	248367
7138	1839
6183	4155
5487	718
4516	3091
2139	5216
9835	4494
1678	9138
2534	8181
1400	4813
6957	8901
326	7102
2768	8631
1491	6786
9562	3468
1474	7874
5323	4963
9712	7857
9118	1550
8575	9985
4640	7065
5200	826
1558	3229
9963	444
7762	7714
5256	4718
2966	1933
8171	5733
6915	6013
2519	6476
5832	3992
4349	1154
8955	412
9010	4424
1961	3936
4408	2952
1000	5960
3778	2558
9188	92
9353	6949
7806	960
8018	771
9245	6188
6504	6159
2200	5374
8987	8031
5717	3335
5536	1023
99	4546
5446	8411
8481	9854
1363	5833
5813	1492
4742	5000
1583	4094
8301	5740
1405	2670
6511	649
8858	9366
6808	7409
1091	2146
1792	6807
1832	7327
7830	1930
8224	3275
6693	3057
3128	4407
8889	5292
5898	3630
6644	3832
7723	1296
9572	5479
3965	2434
6128	2822
1799	9287
6583	2889
1432	8374
6047	3263
5700	3876
1545	3924
3503	8237
3332	2982
2643	2220
8274	4892
5849	1269
8723	9923
2564	8294
5401	6528
7079	7880
5702	5229
7166	2284
4469	4949
657	516
4564	2708
743	6108
2983	4245
4344	6314
7227	3338
8533	1852
8229	733
3120	6951
7007	5683
1597	8760
2210	8675
6639	7911
256	157
194	4724
1457	7202
5239	6020
9910	2334
2127	2892
6578	2822
5558	156
6159	442
2007	739
7527	5126
7690	4533
7160	5638
9644	9370
664	6283
3632	919
2791	178
1995	4247
7379	7233
6619	3640
5918	5097
2884	2496
7919	8441
2651	429
8882	4658
1168	2760
6135	5209
7293	3295
846	6936
9016	7861
9570	2647
5132	8712
9176	7126
2959	2907
710	5929
6546	6628
1025	5781
9123	5295
4221	8125
5724	9455
9134	3243
2214	5269
8451	5858
4915	5648
9146	3930
9860	8715
2928	4991
7427	2104
2116	6737
5010	2826
2665	7907
9453	41
3688	4927
5336	4260
3051	1059
3714	8537
4301	2280
3805	9103
8137	5071
1102	7282
9000	961
2349	8279
2304	9775
382	4419
2863	1743
3596	1879
9650	9400
1919	9689
678	7254
3948	81
4664	7662
8617	5316
6293	2421
4418	781
3843	1871
8063	2842
2832	6763
1120	1487
2889	7854
5905	5751
5948	5853
7629	1949
5252	9547
1637	5930
3153	5585
6010	7816
9598	978
3132	5890
9750	3901
6670	3592
5772	1084
6433	4955
7846	3904
6441	734
8109	8697
2836	4057
4549	464
2357	9801
6363	3994
2082	5867
9578	4443
3682	5527
5420	6813
1416	1521
714	4437
5112	2837
5521	7896
7791	9718
1799	583
452	6260
9279	3287
6668	3828
103	9024
9980	2817
9369	8413
8683	8946
9207	2364
4472	978
5529	2239
2498	2594
6676	7609
1782	8548
5504	9572
8265	3654
154	5068
6265	5784
4707	2932
9611	1161
8308	5942
3977	7676
4354	2659
2974	3560
1374	3797
4537	3254
6036	7034
2199	9063
994	3980
3962	6497
3551	2226
151	56
3646	6415
5840	4704
5699	1802
5864	4006
7744	9840
8033	8449
8850	1006
8361	223
4803	2897
9829	7190
6283	2027
6252	7276
6007	213
125	5909
8790	6627
2317	8787
9393	4508
3490	5091
6309	9353
5448	404
9192	3481
8853	4393
838	7213
968	5640
6461	796
2829	9095
2822	5432
2723	5180
1996	2847
1089	7138
5825	3405
5924	5217
7912	9414
6660	572
5118	8459
976	4310
1939	6180
5054	9129
9744	6021
4768	6204
6816	3949
1651	5990
9380	4373
1169	7728
3571	8609
4865	9395
8365	788
963	6276
6553	7622
3200	1671
6081	4175
2332	4371
6706	7385
3499	6449
3406	4619
2652	6573
8567	654
2562	4298
5026	83
8377	4948
8691	3241
694	3408
381	1657
9683	6933
5630	2882
4955	8062
3408	7286
8785	113
1023	8635
6561	780
3253	5565
7352	8171
6218	6266
8821	7596
2700	7197
8895	7742
6790	9589
1149	7170
7597	7184
454	9578
65	5409
7640	9825
9046	2776
6289	6420
1410	2850
7199	1015
4766	4551
9185	7335
7168	4357
1282	9867
7906	177
7608	4695
6117	8757
8216	3713
5940	5021
3290	2356
429	7281
8532	5827
56	4821
2246	1466
4022	9445
2480	5139
347	8016
2473	3866
2373	107
3732	6630
283	7691
1324	6399
2799	5891
6463	5090
911	9752
3798	7692
7033	2329
9870	3440
7149	2115
4905	7522
7911	3736
2660	4609
1752	1485
8474	476
1591	2205
7105	1873
6248	4780
4623	9046
670	1085
4136	7932
7188	7933
1975	572
261	1844
4012	3762
311	8916
7635	8221
9004	295
2830	755
1779	7655
7582	3369
9860	4686
1593	2459
5817	2567
1504	2838
3651	1991
769	838
9923	2744
1410	6536
939	1773
6649	1249
7040	635
9470	6043
929	8651
3149	9059
6305	730
8779	2516
1767	6723
1326	7583
9289	2830
420	2939
1172	7541
129	1095
284	7890
3982	7574
9662	6982
8823	6701
7616	4644
2744	4897
3294	5892
307	5950
2974	9086
4818	4740
5808	6143
2323	5097
5324	9094
4387	6496
6634	4515
3942	3269
8756	4275
843	8417
1256	9665
1470	5223
4308	565
6471	3953
2808	6778
6254	5781
5863	1071
6873	8022
3566	5547
3118	8889
4640	7505
1736	1274
8371	5677
894	7127
9951	1736
1895	7558
7752	9716
9133	8411
280	5603
2363	9440
2380	4969
1572	4594
2391	8444
2616	5956
342	5733
1197	4982
9589	2932
2607	7960
8609	3500
1438	4911
1588	9684
2469	9339
9400	1601
4102	6031
7203	6464
1822	5935
7784	3394
528	175
8189	3143
6130	8531
5228	7326
9864	4816
258	2470
9127	5218
2321	6916
128	260
6600	8948
5951	2351
548	52
4733	4103
6515	6555
37	4299
6300	6916
825	4488
6411	6954
9370	1638
632	9233
2805	7241
8054	1932
2458	6727
5199	8937
6986	1798
7885	2936
500	4784
2987	5233
8886	5854
1787	5274
6504	8086
8542	7328
8925	4952
633	4647
6589	1264
3879	9393
8504	8285
7676	7313
5011	2875
2602	8348
1024	486
1284	1524
1621	622
