500	623295
4114	204
6388	7932
7045	2568
2716	7582
7479	9466
3204	5790
5919	5893
6266	7858
3849	786
4082	7260
8918	8790
7464	130
6744	8863
3550	1692
7494	7279
2334	1608
3834	5074
5891	879
7641	4958
4812	5120
775	8015
7261	6693
260	9878
903	4108
664	4984
7720	5933
125	1535
2414	3220
6749	5963
4911	595
9593	3596
8554	3427
8669	4444
657	2662
9401	1820
7781	175
6186	1393
3220	6445
1270	4122
6905	1933
9105	976
4217	5581
2510	6630
8800	5610
8945	3710
6204	4889
3657	4757
4667	8678
5552	5323
1339	4952
3494	5471
1479	9680
6863	1050
2476	8132
5171	5732
6417	627
6707	633
6207	5568
3615	5006
1178	8911
5067	3733
3799	5075
4842	8466
3752	393
140	5090
1697	3634
6912	3175
9665	3774
4224	2140
1906	5746
4224	4674
6372	930
1658	8930
2850	5272
287	379
534	5353
4111	4333
427	8952
9150	4179
5697	9289
5620	7393
9274	8884
567	5290
2657	1142
3782	914
6887	8005
1939	9610
5286	3597
4891	8135
5220	5177
4865	5754
529	5328
6438	7307
4279	5587
7837	6327
1227	9809
3719	6853
8692	4285
2142	1348
1778	5923
8614	5016
279	552
4625	5565
4148	5867
51	5720
1043	4916
1473	1571
243	4262
8878	873
6200	6714
7200	7426
6522	918
630	1565
1555	9124
2913	9684
1398	7878
4700	1677
8429	5676
7241	8929
1543	7291
1000	2585
8558	2472
508	8800
3085	5737
6025	9284
8802	3224
3061	5324
493	3691
3240	2047
2814	6152
8083	4211
381	2782
5887	5162
4809	9479
442	6351
3122	1441
5288	1679
264	5795
479	3348
1531	6503
2631	332
6078	5691
2007	6570
9381	5247
4969	8546
7750	3051
9109	8131
2184	4995
9644	6992
826	85
9695	3947
1525	4982
5625	1788
776	2455
5135	8658
5309	4117
8989	1386
9807	7348
4308	5540
2594	9276
437	6695
8678	9545
1177	861
4540	820
4204	1717
904	3898
5663	2428
8879	1287
4215	6006
94	5701
1015	5402
9817	6356
6788	9624
3703	1095
1515	2648
6722	1951
9342	5399
1496	6871
2611	2387
7690	6814
4103	8594
712	6117
1021	5942
3755	1588
8300	3848
7288	9314
9250	3457
5669	2389
9432	9371
9835	946
8370	6556
9248	4064
1954	7095
934	4564
9481	8623
7729	9935
7216	8440
2403	4589
734	6158
2528	9033
6357	6167
4698	1958
9623	367
4346	9054
6089	4180
6351	4459
735	5599
8522	9040
2693	9455
9955	8526
4429	7684
4812	1645
2475	7215
2585	9560
9724	1464
8592	6080
7630	9642
4390	7253
8	8735
2658	2448
9267	9009
3258	6353
4607	1779
5393	3651
7585	1699
8528	2014
9382	3340
10	1857
6906	8946
7768	2981
409	2712
9060	4390
2353	9801
7994	8712
8536	652
1159	4154
9660	4417
506	618
2547	2250
620	6484
3949	9148
4849	3330
8839	1210
1538	5744
155	9306
8724	6915
2017	4135
7656	721
3936	5650
9432	8823
6301	590
9328	2312
1358	9833
9281	257
2083	6252
6740	2383
1751	7940
5712	589
9149	3602
2684	5655
9259	7759
8921	7627
8246	6576
8347	8533
2225	7778
3707	4877
4719	3034
7188	2429
2866	2820
9037	1300
9072	2128
3682	7174
67	5746
7763	5567
5699	6798
1221	4957
4557	141
8935	9154
6716	7281
7686	5293
1410	7744
169	2480
777	3709
1260	9994
2880	296
7646	8303
2423	1327
5477	8841
3424	3239
4407	5474
6388	5627
430	7296
2119	5716
6449	8835
9348	486
479	7109
8229	647
5941	9005
707	7200
8999	3587
7496	6644
1889	6270
4322	7365
5111	4098
6955	9517
9571	9695
1496	6353
6990	3614
2068	3439
8800	7768
276	9278
4876	8505
6277	816
7509	6983
8016	2859
6921	1863
5854	5162
4484	6528
8878	5946
625	5833
1815	6547
1879	3310
2899	8868
3275	1319
8658	2075
9086	8934
7704	3961
3790	332
4777	7650
3667	9144
509	587
7358	2714
5748	1841
9241	4626
4139	6217
6810	5953
2764	5040
9262	2014
3907	2536
3332	8917
962	2417
4202	5018
6378	7991
1701	7506
5640	5367
3001	2500
2306	358
5214	4405
8550	806
5382	2688
3375	8543
8640	6138
3582	4253
8151	3841
3141	7835
2757	454
251	6958
1823	2980
4948	3524
485	587
5242	9837
9439	7547
6546	4652
8304	5096
1809	3685
4135	5183
2228	9127
7672	2161
9731	2175
6001	2871
9	5109
9677	259
2066	1499
3239	3365
5022	75
304	6616
9912	9742
4162	6457
745	2465
7904	2553
2502	8391
7736	4729
7517	5407
6889	7247
3933	9242
6470	3941
4350	6146
4200	6416
3996	3790
6132	5370
3864	6435
1985	127
2528	6146
2936	3272
4963	839
5825	7464
9229	9912
8544	3097
1670	5432
6696	5603
1025	9517
9543	5375
2014	94
8142	6009
3883	4273
1378	4099
7060	3362
4225	9587
5860	7160
2859	7174
4351	5035
4637	3579
1298	3180
3028	9319
4963	6075
4921	5988
5591	816
7714	7604
7261	5855
9964	1144
127	1342
5242	7186
1055	9466
3125	3266
2978	2335
439	7328
3721	1427
7258	5018
958	6637
4336	5921
2711	5609
8260	8301
2776	2325
2256	36
8179	2220
7531	4657
9913	2772
8195	967
8590	1319
4233	7919
3653	1023
5246	3725
2450	2503
5094	3407
9140	5781
5679	8202
1389	290
2855	516
2614	5110
6904	792
7329	4434
5449	3593
3558	3643
4560	8499
1313	5144
6417	1317
6166	8014
5041	8615
516	134
8374	6007
5914	4052
561	3655
4342	3415
522	6955
8524	7425
4099	2205
1859	5899
5797	1768
5893	6708
266	7205
1851	6682
8521	8017
4695	9913
2983	1562
6398	1356
3921	8663
1760	4481
8669	6101
4247	9191
9407	2770
6615	3505
1326	4825
9403	7123
6592	5295
182	6857
8851	2033
9890	3723
6401	936
3635	5735
2498	6384
7091	2770
5047	8850
3602	3715
1302	7848
2905	7060
6969	5872
565	8295
696	6319
1769	7288
7966	1950
