500	1918515
9848	2624
9974	8021
6048	8663
2741	4713
8794	6218
8293	2697
5169	4608
330	7227
4681	5192
3624	4891
110	9769
1955	8846
7972	6925
7746	2429
9003	4266
39	8850
3241	6365
3222	5641
5027	5963
353	3820
2180	8646
6517	7348
9605	3198
926	4285
4741	901
9175	4850
7022	1129
48	4993
8054	7793
3773	3408
2058	3812
8610	1650
176	1831
7290	5202
7793	7643
9021	9972
2640	1889
3671	2244
5087	4597
2880	9827
1849	2055
1029	8870
9535	1076
3862	3940
8868	7635
7348	7277
1446	2309
8926	7973
4139	6216
3174	8284
210	8546
8255	2849
435	8278
1444	1873
9226	4323
8051	1074
6377	9079
9944	2264
6506	3805
6203	1725
7791	9902
9001	5588
2210	4279
3560	2701
6846	6733
984	7055
1631	5590
9903	2065
3867	1346
3937	9444
2020	1987
518	8397
7418	461
660	3923
617	3214
2000	8408
9468	1000
347	1677
1630	3907
729	8475
6991	1712
1881	8621
7302	8135
7037	7520
5832	973
6964	7852
9312	7481
6248	6729
4293	3259
7003	1261
2824	9002
6020	2291
6354	6367
320	4335
273	1048
2810	3615
2760	1042
2236	6413
9177	9272
3932	5008
6597	7247
2859	2260
1079	5458
8988	5371
8716	2342
2984	7892
7696	9003
182	401
1721	501
4735	8345
1549	3896
1960	660
4938	547
7072	466
6170	7355
5473	9118
4602	8332
1377	5680
3789	6716
1051	8857
9058	386
3100	3105
9388	3281
3505	7461
134	4591
5805	1682
4839	7764
8693	6128
4662	5764
6593	832
3118	8417
6301	7719
6748	7678
3399	6889
4393	801
2097	9802
7538	5196
2906	6925
4828	2762
737	4961
3705	6542
2994	8543
657	1686
1022	5319
7449	3966
2502	6919
2382	8802
989	5482
6479	4387
2370	7224
1539	4466
7025	9076
6013	9931
2353	840
9044	3089
5801	2748
5982	8794
7642	6639
6832	5015
8309	4280
8980	7162
7550	7714
2315	8539
3195	5146
9277	5564
2369	7168
6381	9393
2595	2393
5675	4947
9584	1071
4388	5384
170	6721
530	7812
3359	7361
2826	8019
7992	8158
5180	1894
5871	3847
432	9065
8992	6060
980	1360
3227	7360
7104	5822
6104	9131
7120	2039
201	7859
7423	370
4580	4304
4533	4290
8016	3711
2309	6007
8220	3840
7900	4090
7686	4683
9506	6677
743	485
4388	321
4196	7844
6142	6651
6974	9614
8689	3526
7472	2463
247	8403
3118	4780
2693	1133
4842	1353
3492	3061
5192	1391
3502	9230
2426	9359
5906	3168
6195	6646
9840	6742
4489	2334
3392	1462
1947	8432
1339	5770
7247	1585
4173	364
2716	3217
1497	3909
4569	1340
3321	9760
9082	6822
8989	1507
6180	1247
1026	8726
4244	866
5467	8732
3199	5210
6545	1497
3642	7883
7266	7240
5819	7790
7603	4887
1006	5451
8795	5574
6790	2116
1686	5872
5289	7026
7378	7821
8272	4756
6546	2515
5621	2013
7598	5171
7222	4142
6667	7215
8376	284
4454	547
8074	8409
5433	9079
3859	4227
1005	7001
2694	2690
2872	7983
9715	6601
2155	4339
7708	8700
6853	3328
7064	803
4850	638
4944	1516
7852	9672
1800	8658
218	6225
7066	5650
1655	924
6228	2659
4276	5274
5348	3499
9608	1415
6452	1762
5753	4159
6813	8957
3839	3877
9759	8688
4514	1055
6556	8717
726	4707
7374	943
931	4439
6592	2585
1715	9171
5244	5990
4444	6943
9489	4051
8357	5940
5812	461
98	2625
9418	3936
6501	9176
8976	7366
230	5531
6082	7307
237	3456
8249	7519
7894	4840
103	5960
4011	1698
1950	4806
4993	7790
8857	3349
81	4668
3810	178
3644	9579
466	6496
5106	5793
3861	1688
1323	9943
8994	7911
9750	7243
5429	3995
8434	1883
9955	8796
3581	8256
3602	8573
6045	2458
8273	6125
3477	8434
2654	7121
4364	9471
9968	9470
1615	3829
1157	9289
123	6502
7199	6224
3744	8979
218	2178
862	6524
7325	794
4779	926
5718	7175
9735	342
9651	3212
8776	2305
6684	9491
8127	6651
8960	9742
6831	6468
9030	3305
2970	2581
9528	3065
1559	6098
1594	8772
2621	8919
5917	7400
9844	1634
926	5931
8328	577
9142	3455
9233	5825
2945	3711
8827	1905
3452	5658
4724	8834
5314	4045
7766	4842
7110	5676
939	8703
800	9911
3973	6716
7310	169
4702	4588
6099	3029
5164	5240
6483	4396
7416	9427
8106	2594
7683	7910
8251	8759
3095	3565
2803	7212
4758	6264
2887	2048
4967	3686
1958	5291
6754	5620
5459	1455
207	1557
835	5370
3148	3669
6117	6915
3095	574
9509	7130
8483	4111
2240	7929
4027	5042
5140	5136
1306	4379
7183	2624
4416	9141
7914	1169
4760	9725
8975	1318
7633	6161
6687	7133
9829	9155
4047	9276
9728	9907
6405	4563
4018	8644
2491	4396
37	3983
9532	1342
8361	6714
317	9128
2206	4583
297	3317
4307	5623
4634	8291
1784	7672
5423	1612
6826	9470
887	2906
9376	3643
7468	9745
8638	6310
493	8675
292	24
6368	5004
3089	3037
4132	1647
7619	780
4963	8277
6402	5949
6567	4537
3620	1990
6149	6798
1459	3387
9703	7186
3382	7170
3283	2019
9831	3775
7045	123
150	3413
1478	3238
6449	1961
1236	419
2740	6199
8695	5494
8499	5261
30	2118
7250	2530
5267	5060
5917	4969
8598	5650
8490	8232
7668	8321
2006	4713
4795	2155
4477	2624
1744	925
4585	2980
1343	3676
5530	6389
9169	4028
1649	5551
2497	5251
8080	7764
6662	348
9084	1611
5997	3926
9842	3665
8598	8199
4729	9744
6705	9205
2367	8449
129	3303
7780	7823
6979	9661
563	6147
40	8563
1697	2536
165	9777
6651	3179
6476	5735
4789	2473
6012	983
2489	4609
9181	7217
4352	5886
6421	6718
686	2901
6373	4817
7075	3351
4477	7637
9497	4516
2551	7546
3403	2716
3674	54
5894	149
2140	682
8973	8151
8016	1461
9111	7197
5029	3462
9434	7801
6531	6471
7053	2903
1287	4127
