500	1272200
177	2005
1418	9668
7252	1518
7721	9815
4586	7733
1801	7793
6535	6568
9632	3732
4642	9502
4300	4314
6893	6623
573	7642
9563	4507
2337	8275
9608	4676
4376	6137
3033	5793
5804	284
3662	3524
6450	8247
7608	8251
2391	4143
4818	2022
4226	5811
7876	8526
6477	1120
1500	7049
5113	7414
7907	7449
2040	3867
2125	2767
3	5157
4911	5806
1792	8572
5681	8242
6818	3289
6492	9208
3783	7661
7582	8008
9823	1809
2885	6299
2928	736
3348	8041
8149	1254
1841	188
5120	3965
2954	1474
5473	7864
3631	7265
6435	9312
1858	9604
8952	4701
5164	9086
2361	9097
7093	2183
905	6330
4834	3832
7065	8181
8224	5214
5786	65
1753	7258
381	1059
8731	5854
5274	2362
9470	8061
8025	7679
7664	3328
2379	9179
2413	1091
8275	5857
3273	9179
2186	4458
9363	5603
2638	7586
816	4776
4002	8920
2033	4383
9978	7115
6588	5252
5828	6057
9664	204
87	7327
3531	2465
2858	2295
3555	1132
8152	3179
6663	6689
7637	6025
2291	6626
9962	9458
1401	3964
4730	9785
8346	4707
3252	4933
6310	9079
7341	5973
5635	7427
9652	9165
6243	2509
7812	9797
9992	2315
9327	6654
9003	6963
2678	7646
9941	8992
3455	1341
2955	8184
7478	7652
9243	729
2584	5552
6159	6276
7877	1793
54	3880
7310	2648
2740	5121
2444	2731
7435	8122
9385	2789
1437	8414
6786	1377
7405	241
2717	6711
8424	6546
4362	7666
7274	3297
9570	9785
5924	3798
1577	5977
7677	5238
4976	416
358	3771
9498	4144
1893	8882
3285	3329
3648	6422
4705	7404
6662	3773
4115	1438
319	8476
5455	3944
8125	1376
80	4048
5173	8009
6377	9201
3246	1352
5968	9956
5123	5466
451	7015
699	3735
6695	698
157	1399
8102	3170
1523	2216
959	1841
7043	6414
2137	5167
4141	2216
9215	5666
224	5591
4866	9822
6942	7186
9777	2064
9003	227
5430	6053
314	2124
6751	6822
9874	4852
9991	1397
3419	950
9589	461
3715	1725
5628	7855
293	4842
3520	6868
6784	4738
6689	3725
8275	2817
2141	3629
9396	3922
9681	9709
6046	2783
6530	2271
3986	6520
3667	7404
3821	3256
7865	7535
1332	3492
1742	1624
4685	1613
4844	1468
6350	1532
1544	976
701	36
4604	96
3958	4285
9804	6355
3419	2685
8625	7405
5556	8644
4808	9377
1899	2672
3263	3230
2515	1356
1206	7199
2969	6049
8666	9318
3932	6562
294	4632
6597	4897
4727	554
5533	4530
3260	5304
7214	8237
2708	9122
6880	7515
8498	8778
6539	8112
8359	9053
9468	9564
2604	2436
5612	1269
8105	9544
7830	8398
527	779
9647	5254
7684	1531
6135	944
6834	9701
9180	5893
8822	2411
9760	7319
7540	6298
1782	5898
1702	1249
1814	4305
36	3777
1926	8141
9672	6107
2890	199
6885	8888
5452	4569
6771	7938
5512	9956
7638	1043
5849	6459
3453	5608
129	7344
8257	1911
3241	6310
9511	1406
615	9547
5183	8892
4039	4854
4998	6928
5052	1883
2168	6855
6451	8938
4793	8314
8893	8782
9356	1093
5241	9160
6700	1721
6503	1308
3631	6095
7618	9494
7501	4584
5392	2683
3475	9430
3888	8472
6357	5292
6706	8524
8498	3156
3813	9642
1469	2706
8424	7176
3798	3664
2687	6850
5384	5541
4509	5367
7988	8478
4860	5488
9413	251
4522	2887
6032	4761
7711	8740
52	4416
3616	8550
3924	7428
8191	1744
6485	6614
5272	283
6629	4310
3484	8365
9851	4344
3731	7838
2822	4942
9677	2234
1544	550
1473	7575
5310	5535
2666	5362
6302	6281
263	225
3709	4805
8321	193
7771	3592
6827	4399
7901	6662
9115	4103
1006	9197
8292	3827
4138	7968
2412	2033
4869	3884
5959	179
5770	8625
1892	2072
4905	2154
8648	4965
3310	6968
5158	1080
6911	1984
1831	1164
4998	7297
1618	6003
6494	9910
6181	6983
4229	8592
9016	9098
8828	1326
9276	4597
9950	1167
3020	1207
9672	1668
6171	9333
4987	1328
413	1898
9664	8595
9413	4661
5891	1030
7015	8736
939	3195
5719	1520
1786	4734
617	6965
6059	6244
7914	2361
7410	933
3567	3433
8952	6089
2765	3939
7417	9529
2188	3432
4475	1600
4444	6718
2629	1458
5453	9920
4652	1171
1439	2789
2256	2055
6106	4667
8298	4019
3379	2059
1303	6945
1843	255
9385	4607
4193	6801
488	2732
6584	1314
4331	7379
8031	6959
8836	9836
3230	9839
7358	4668
2628	9614
3074	5085
632	7723
9103	4010
9781	6757
7306	7975
3363	6690
8934	3907
9843	9421
6638	2778
7086	968
157	5117
4279	8992
1304	7508
5183	8661
2176	4162
4626	5249
9246	5257
9324	4700
5618	5456
1456	9275
3431	4819
5965	2364
8725	2159
8136	5363
4936	5221
2682	1444
6689	6960
6788	7992
4468	1970
3005	2995
6131	7630
8243	5376
9239	3918
6427	1208
9374	7882
483	2804
9052	2799
1519	4129
1309	6006
5843	6244
1226	8524
4040	4267
5484	827
8610	6303
9148	1614
9297	5278
5596	3891
7005	1186
7809	3431
2393	7182
7664	2875
6337	3068
2025	7855
7196	3333
3860	3038
5929	1437
7913	9968
2055	3396
794	665
9698	6293
8630	8994
1570	4225
2885	4926
5410	7045
4708	4155
4226	2371
3381	562
5438	5406
4768	8985
8738	8627
8374	4666
6415	6287
4633	8470
6034	1778
9134	5732
8070	4115
1077	5991
8340	313
916	101
7357	5623
607	7934
4346	3988
8495	6135
9393	9614
5120	8130
4592	9845
9148	1007
6131	132
9476	2165
1910	4961
4248	6331
9075	1676
8674	3766
8341	5941
219	5697
7916	825
9983	2261
4812	4829
4747	4204
4443	6218
8686	9034
6063	7833
40	2193
7964	5867
709	6225
7179	4956
8908	6254
2984	3933
6371	1324
9873	6589
3372	7788
3766	3354
6400	8577
8183	1147
9133	2625
3716	4170
8010	9778
8354	8050
8323	2669
268	9031
5246	7447
339	4153
52	3322
4437	6422
997	4309
