500	1233203
272	6121
4355	9429
1192	3808
9023	3133
401	5003
8585	1578
1995	4608
7085	630
870	2223
2884	5925
8432	4469
6718	3659
7599	7748
5281	2032
3388	8592
3725	3659
1064	8080
9439	2256
8239	8462
1740	8640
9816	6677
217	1810
1284	3653
8791	8505
5875	1674
4430	4307
2495	7499
4317	93
5246	9597
8477	8633
4541	2201
8643	5604
6632	8081
7859	4871
2894	5951
3510	2709
2627	78
871	262
83	9661
8767	5957
7687	3196
6615	181
694	931
6625	5939
6880	5101
923	7772
7302	9565
3375	3933
3997	7586
8803	6891
3536	8664
5951	2514
8742	3173
2775	8824
9186	1541
1132	6872
1088	4099
3404	1781
5029	28
4071	8260
1481	1345
6031	5134
909	5758
5418	1258
9695	573
8148	9582
9236	450
2095	4329
3623	4869
9504	9160
2762	6988
6031	3849
1086	5786
1982	6114
5813	2404
726	3645
3749	6756
8778	4657
8865	4196
2266	8559
4768	413
8140	355
7215	6586
4684	7189
7807	539
6348	568
7526	8730
768	8611
4515	2749
1077	6679
1505	1802
6676	5253
4909	5453
6261	3774
6000	8527
8684	7119
5291	3176
7474	8857
9761	8509
6045	3919
9047	8744
4486	6573
3825	1606
1535	4691
706	8963
7722	2210
764	4397
3814	2025
6201	75
2150	2201
4953	833
5671	6595
360	3144
5452	121
8004	7848
391	7051
6592	1229
9975	6768
2834	7861
1459	9891
6824	9180
2101	3939
3576	2266
5963	9776
8692	4464
8328	3644
5297	3999
239	2008
3494	2042
8480	1498
9889	8871
4900	2832
99	4874
9600	2932
2734	1058
2822	5909
6589	1274
9848	164
3540	5810
6291	2231
274	971
2227	1922
1321	8817
281	4814
858	8761
2663	746
7631	7562
9930	7729
2435	9529
7012	1521
6938	6185
7429	3526
3811	3628
41	3702
9438	2683
2284	6063
3653	4510
4336	4973
3326	4616
6139	535
3376	8801
7633	7358
6363	7562
1438	5149
3442	8449
3021	379
986	6802
3904	4796
429	296
8497	6218
2978	780
8632	6631
1642	2967
7955	1319
3935	4093
1854	3662
9246	5838
1020	1960
9751	2457
7108	3192
7258	6481
3570	8243
3282	3825
3038	3710
4120	7886
6280	3449
5017	4911
6431	6658
7878	4386
4329	8164
4830	2534
1825	427
8371	2844
2386	8121
5301	9494
1312	8910
2326	1233
7152	5607
1409	6541
5668	1880
778	1947
5328	5794
6858	1759
8804	1087
2496	3132
9250	7325
5665	1074
4104	387
270	6489
8507	1922
2334	6170
831	4659
7402	7982
6617	8810
874	2285
689	1651
583	2368
7444	7440
4126	6247
4878	2973
5730	4127
6650	7746
1553	753
8132	1822
7241	6638
3743	9575
2807	4573
4233	6560
8906	850
1721	9779
9486	8761
1429	68
1129	8872
3860	5254
1471	8737
4579	3552
9216	1228
1298	768
1980	9429
8941	9220
2419	2683
8794	5225
3607	9379
8137	2512
6580	9857
2290	2417
8618	3718
2484	9746
8941	2695
1351	6763
7784	5929
6667	6999
7156	7964
4118	9135
7392	3058
4707	9810
2092	3500
1387	5698
9230	5875
8209	2161
5731	6850
4577	4348
567	3413
445	5859
2459	8148
8974	242
4076	5640
7240	7584
3603	7709
3070	7346
766	7776
3508	2857
7628	1246
4906	6857
7120	3114
5370	9202
6315	6298
3550	6881
6062	346
9092	8521
8493	8065
8762	8921
56	2354
6504	10
62	9573
7355	7180
7349	7214
6388	4976
4811	1294
8184	1930
759	9905
1132	7074
6203	1033
306	2264
1378	9397
784	6223
3813	5898
5143	3868
4603	7998
3877	4664
7570	7584
8195	1270
1149	4583
2597	5960
5876	7133
7889	6634
7037	5372
3707	3239
6404	4013
1855	4134
9761	8990
6708	9926
4887	1850
145	9489
9847	374
505	3768
7957	8699
1390	9105
3281	3986
5064	5508
1118	9305
2142	8155
4676	2200
7745	7432
2564	9599
7917	8677
8589	4624
8602	9827
2825	8746
5668	9023
9119	6172
9142	3427
1222	531
8884	4503
869	299
6362	8338
9603	8503
6492	631
7055	589
4414	5970
6539	8682
4646	1479
9657	9599
1306	2481
4697	6973
7855	3815
9496	3348
3594	717
3879	2477
1571	1099
9127	7933
9436	8730
2787	2280
5712	6193
2868	6477
2163	9406
5158	3160
885	4814
2759	8542
3646	7455
1866	7852
7621	1361
1199	7566
8429	1429
42	6352
2527	9169
636	1963
4250	3422
4242	6313
5967	3461
2789	8129
9218	4298
1288	102
5463	398
4995	9108
7852	6860
3311	1825
4572	4509
9390	9353
5938	9432
5704	4816
4952	6339
6778	5553
6112	7371
1865	2078
831	1005
6558	49
5302	7846
6502	764
8243	7849
6223	2447
4708	5885
4271	5632
393	3660
4984	2682
9443	7039
7498	746
9729	627
6298	2192
4350	4514
4270	1532
5518	827
7932	7171
5024	786
4286	9619
8634	508
8417	9693
6392	2687
5324	3137
2698	6659
2170	2141
3697	6019
9238	9777
6646	5536
1969	7347
49	2590
8878	1919
3416	6810
5441	4792
7595	9727
762	6228
6586	9178
5920	9330
8216	7596
2466	7265
4254	987
9405	4303
7006	8643
431	3
530	2399
7349	6930
4988	6226
5200	4756
9387	641
5899	6981
367	6660
9560	6952
2189	5480
2633	6756
9427	1450
4020	3680
2437	9777
4334	9442
4771	4765
9444	5300
7163	6792
8581	8503
9369	3781
9610	8756
4421	5508
2088	4787
8519	1648
8090	707
3479	723
7462	2905
2172	7833
6584	960
7609	7270
401	2379
2034	6196
4030	5548
9339	2611
402	8708
6391	11
3815	811
5518	5902
1949	4036
7549	6390
1094	1027
3464	4907
3931	1988
2740	6867
2947	348
488	9700
9079	8873
5895	3108
772	1586
5718	1174
6645	2108
1184	459
9270	3054
2712	1218
3441	261
3960	4535
7639	7423
5793	7922
9410	8532
1140	2357
5232	1627
2056	4310
6851	4302
7417	7622
5887	3135
8795	2531
1594	6331
9341	864
9384	2053
8433	9176
8665	8744
62	6303
