500	260169
3108	507
6475	1246
2132	9330
5683	673
3009	4607
5624	3642
9253	8564
4905	9484
7957	9761
4120	1984
3425	9130
4858	2378
3829	2234
2863	1464
109	836
2086	9568
1342	4912
813	9825
4242	6495
498	3602
7453	2473
7243	3058
1037	8500
2541	5345
4612	6660
7328	8036
2141	8538
414	2321
7123	9628
3785	3583
6815	5870
3150	8156
781	3962
4333	1374
456	1182
4976	4260
3654	8570
7317	1042
7069	9857
6386	1680
2868	66
6068	1360
4955	2833
3681	2077
8812	7465
2011	5627
9686	5160
134	6818
9121	4466
4544	5928
5647	9519
187	5653
4440	7504
6694	1509
3712	9432
3188	2932
5849	5607
4291	7155
8439	4323
5583	7251
8139	7593
9229	7824
2752	9362
4642	1872
3828	9185
7799	5826
5055	4337
1478	9494
1840	4524
7354	1904
307	6894
4835	6155
2500	9125
3309	939
9800	5243
4541	7938
2835	121
2114	5586
9482	6755
3809	9661
2291	7959
5487	7345
2295	3316
3190	487
7839	544
2390	8145
7437	7224
651	9936
2700	311
7226	2499
5553	8118
6789	8387
8238	8902
324	7720
2008	4132
3732	4298
2090	9218
7994	4385
2534	1183
1223	6724
8078	3612
1221	5514
835	1871
1802	3534
8534	5379
2385	4086
3497	9173
8825	8086
4426	9148
5805	6433
9632	5889
730	1721
5106	8723
2457	3991
6257	3679
715	4335
7290	8287
9848	4476
157	8001
4362	5042
3380	6746
9128	6876
2270	4304
1313	3047
9803	3470
9479	9434
9358	6560
1155	4463
5282	9963
4806	7890
3642	5520
2224	7283
158	8424
1759	314
2776	6120
5356	6155
9217	835
9382	1486
1490	695
4532	1292
4164	362
726	3521
6921	8232
4335	8554
8194	9140
6443	8187
1011	5019
5470	1168
9794	7228
7834	2569
9699	9541
8724	8915
6727	4457
6752	8216
5151	7635
5859	5666
7996	2936
9186	1268
1167	9873
9821	5713
9012	2615
3899	6375
3985	5720
7542	3778
2947	1727
6347	2645
1267	1422
1559	7993
5878	8310
2560	7381
5944	8419
3046	291
7706	8584
1558	8873
8456	7730
937	7467
345	1187
193	4329
6907	7735
4459	9853
9461	7157
8850	7080
8578	6760
5072	807
1422	3984
4539	3717
2402	7585
4008	107
6168	5565
5331	975
3295	2619
4793	9991
3806	4986
4319	712
9072	5129
6916	8532
2285	5765
5611	862
8877	7035
8021	298
1018	2559
4014	9771
6495	8021
6229	9014
9938	7912
9988	9584
530	4781
9574	4335
6118	244
1398	5189
5373	8314
3720	7657
430	5683
4871	9306
9069	2891
5955	6438
1801	9969
2560	8296
4341	8788
7309	4278
6699	7297
3861	3581
8429	9786
4267	4546
30	5665
9734	5402
330	9805
9410	7111
1839	4280
2769	907
3522	8723
3696	1675
8691	6255
9970	3032
5043	3630
3661	8093
7278	3874
8025	5706
3659	2292
6603	3688
4308	2688
5441	989
2493	4851
8099	683
5482	867
7942	5356
9590	1637
7030	4632
7892	3351
7663	9286
3332	7676
3730	610
1549	1755
2667	5207
398	5622
5247	1057
8309	687
2045	7153
1889	143
7836	7371
1010	5777
9078	599
3765	6107
5230	8008
5809	9245
7293	9140
3272	7375
6101	4820
5481	8768
6378	5878
741	1624
6934	9049
8663	8978
6202	551
5472	389
4273	6481
2517	3350
3431	6281
9456	5013
641	1616
4257	4285
7108	3880
1659	3208
8699	7139
8327	1428
9368	9067
9404	2653
8116	8066
7982	669
8616	9806
1057	2889
6286	9925
6238	6069
2557	2046
1081	3197
13	1689
7482	7120
5568	5492
328	618
8983	8654
2045	4702
7721	1448
7355	2188
5865	1688
9208	833
1493	264
3721	4131
6540	6310
199	9096
4707	1279
2293	4720
2967	6126
1839	4886
1617	8518
5503	599
3524	3899
5301	7596
1699	9007
9783	7563
7046	5342
8395	8539
5605	8467
9021	8496
1129	9219
7591	2187
6849	6235
6906	6167
2360	5097
1052	329
9966	2906
927	3489
3156	2579
1084	4854
7937	7218
8769	4983
2559	7163
9873	4515
1982	8893
3010	9462
4463	6953
1648	1311
3187	4906
3829	1899
2	4880
2227	6319
4137	9505
9808	7292
8436	7243
2146	6372
813	914
7706	3371
4428	7578
4238	2761
2822	3599
2222	7284
551	3870
4946	90
8775	8774
8340	5128
5	6918
1446	4141
2774	7605
7785	1209
4848	9930
3933	5660
7195	1638
5382	7974
5568	9619
735	8389
9570	2956
5673	120
3177	618
6561	1951
5744	1252
3430	5748
8169	4876
9889	943
8832	7673
8503	31
3954	2435
2042	7500
425	7424
5473	5992
3394	2559
4380	2963
5515	6404
9435	8691
3374	2347
6994	9117
3599	423
4864	1767
1650	1104
9061	6834
5128	7564
6864	5433
6350	8906
2932	3126
6329	4757
9117	6074
7315	9849
5389	9181
6252	1175
4224	9625
3521	7569
5093	7119
4343	6309
5238	5993
7412	650
9178	8892
4565	6041
4324	7267
4946	3608
392	7626
4716	5861
3700	8382
5709	5440
7563	8312
6614	8138
4289	134
5706	9381
3605	48
5689	5194
2392	9453
5843	1569
8344	6760
7610	9019
4026	8907
8978	4417
6533	3693
277	6584
2075	2337
8375	5989
649	4988
4126	1289
1473	9831
669	1429
6230	2710
6622	8622
2162	8817
6542	6857
1928	503
5875	5953
9410	4853
6721	2294
4897	3350
5229	6971
5686	3603
9311	2686
8590	3436
3974	6414
9618	995
7843	5848
56	816
821	8569
5984	3714
5425	7911
4217	7651
215	9978
8855	6936
8623	3752
285	3851
7074	2322
3805	6385
1360	8746
6172	1685
5159	5790
2679	3001
1637	9086
169	8809
7654	2504
2522	3078
415	3090
7081	6981
3067	5935
3916	1689
6038	552
1891	9464
9226	5695
5848	585
4440	2019
2269	5951
4160	1300
5303	5796
385	5471
956	4391
7975	3478
7468	4741
6567	900
8073	5986
6835	1989
4026	9224
8892	5917
8687	8117
7963	4534
5053	2403
2905	7322
4705	7064
4973	7
9212	5357
1830	167
