500	1873968
2454	5807
5696	7656
7752	7417
5164	3188
3364	5195
4355	9545
2110	8169
4469	7132
2505	6821
7006	804
4121	8682
1871	6530
570	3841
4738	5525
3026	9425
6404	5479
5232	8452
3135	2983
5868	8298
6170	5583
9844	6876
1479	8305
5045	5948
5437	3901
9120	2442
4705	9593
7475	2927
2474	8045
3119	7211
3569	6145
2988	6325
1623	8219
4776	1109
7553	6995
5758	75
2577	5602
3302	4055
258	4698
6354	2046
8599	1826
4488	9655
1418	8314
2581	243
2710	5699
3806	2631
8195	6793
5307	9818
1363	82
7278	5267
7076	3036
1693	6004
4989	4995
58	5246
9692	6412
7292	4642
8237	8131
4296	6006
2796	3228
6248	5506
8927	6405
8136	7121
3197	3442
3290	4559
9875	6920
6178	3302
9955	7870
9305	1295
2864	5714
6540	8908
8477	183
3549	3065
4665	7845
5422	7461
1072	8022
2966	6350
4426	7453
9823	7623
7246	9464
8533	3472
6383	4710
6773	2689
2580	2429
3983	5443
4494	6875
4350	2971
3409	4251
2387	8074
2095	7809
5534	3166
5830	8499
5868	255
2303	5690
7877	9548
5153	2762
3019	1536
7471	6143
576	50
4923	4559
1845	9416
7785	2546
8738	1193
6796	1125
9266	8890
8933	4799
8408	1114
9649	4275
1368	8303
9964	5597
7850	1468
8358	7220
9355	5828
9714	9931
2230	4636
4489	4074
404	8625
2971	9141
9817	9767
6617	9083
5008	1901
233	9767
3014	9882
393	4382
4536	6708
9978	2386
8176	4687
5957	7530
514	2023
7460	2743
6658	8300
3168	3413
3276	2491
8906	3093
8609	5522
2175	9968
7423	8759
9735	436
8640	127
1169	9528
6835	1146
1913	1362
2184	4221
5243	2698
6243	9055
1792	9253
3706	1312
2665	6982
3802	1570
74	8762
3444	8600
8729	866
7358	8463
7653	2350
4942	8822
1877	8128
6319	3789
9489	8503
4361	1083
1200	6956
137	9343
6208	3843
7006	5224
824	807
6794	897
9568	237
9496	4649
7454	6853
3111	5106
9202	4404
3927	1078
8883	246
1218	4723
8748	1931
5806	6299
8886	5942
1993	5093
9784	8999
6668	607
9805	3461
1503	5725
49	7350
373	3854
4203	9835
8960	9756
591	9238
7186	9473
5835	4755
4196	4582
6685	1
7232	5570
5942	9225
7014	5726
8223	3682
2684	4379
3494	4187
6455	9895
7888	6827
3748	8442
3014	9059
8198	3604
4649	1735
9428	483
6489	3623
1417	3174
3623	8648
8743	5917
7872	2109
1642	2446
5790	677
6825	5635
4863	3279
5529	9103
6458	5629
7544	5823
4687	2093
9426	5687
3827	5205
6170	316
8828	7586
3489	8802
6233	8583
4718	457
691	2711
2902	2832
3388	6078
4819	4602
5709	347
3704	2166
2327	1248
7988	3366
3340	3765
9052	3519
8969	5221
3834	4148
2806	7322
2950	5391
2256	7667
2199	2947
378	1452
2130	3765
7530	6948
8366	3238
3647	8422
1755	5973
6021	9742
9338	5712
9858	4742
9230	5178
9962	3063
9326	9120
6736	2275
862	8992
9941	3060
8290	6670
4511	419
6786	8392
3719	1504
7981	3717
9925	9735
6041	5945
5828	5379
8008	2037
6472	7238
7215	6433
300	6540
1904	3388
8814	2765
2379	5106
2176	668
1776	3039
7438	4913
1430	7508
6416	9411
1224	2692
5497	7265
4988	1325
8995	2996
3361	5466
233	575
8250	6884
3466	6506
271	8631
9270	9001
3737	7798
6020	1864
836	3458
6776	2265
965	9544
8027	8541
2235	3524
5805	7223
1200	1151
218	912
2968	6802
7839	1217
3685	1304
7722	308
9935	3344
5660	23
1141	1680
8238	8328
5137	1365
592	2453
908	4971
7345	9495
4846	9501
6717	6045
651	3286
6956	3618
87	4794
1187	123
2450	5260
6782	8736
4955	2442
8758	2447
4121	6995
774	5609
4711	7718
8061	5619
2688	5406
1465	3885
4906	8181
9929	1909
7818	3236
1878	4256
4382	3064
730	3183
4676	7512
1918	9630
6305	7027
2077	425
373	9202
2385	5083
6919	445
701	5958
2202	2165
9842	3460
6697	6122
1720	866
5710	3597
5121	91
3013	5851
9625	7688
9714	1542
7317	6018
8568	5745
2794	8940
1299	5178
4022	4569
1974	1075
527	4176
9591	6720
3987	2640
9194	5706
3505	4903
5654	4978
1345	8666
828	969
6353	541
8862	22
2910	7429
2118	5703
6368	3416
880	6741
7985	9205
7815	4863
9732	3758
7934	3718
6397	7127
5775	6253
8381	1429
1230	6077
94	2057
7045	6447
8949	5906
2820	8210
9686	4937
3912	2405
4705	1143
9146	2689
348	3312
3903	79
3421	1836
149	6169
5315	2275
2422	3695
3703	3651
9772	149
2060	3168
6595	7360
5426	5766
5570	1463
7054	5833
3868	1758
3328	9365
798	3675
9028	4700
105	2449
2888	6605
8617	8202
8880	7390
8248	8934
1041	4371
9082	9452
7539	2028
3163	9316
7793	8732
7130	4847
917	997
6604	4244
6713	7402
4270	5741
8453	726
8189	1340
7331	3157
9541	2562
547	4141
1495	7939
8511	577
7390	2401
2604	552
1716	397
5636	8846
1595	2904
6194	8198
7147	2907
1951	7768
8647	6756
8493	3187
4447	2175
2695	340
4736	3241
4480	6231
1179	2990
3159	4920
5391	5762
1824	7106
2510	3811
2303	4104
6714	4849
8654	3860
7755	6956
7979	2753
3711	6471
5939	8158
4998	8633
8497	9733
8226	2976
2315	9404
5965	1825
676	7707
7587	2499
1165	96
6309	3467
552	3022
8315	9205
3233	2421
2512	1211
5173	6223
4033	7463
732	9030
2448	9228
5115	673
8555	3781
6428	871
5606	3455
8578	3192
5953	6094
9639	8613
9560	6542
7986	4227
5746	1218
2999	8258
8780	8172
832	9165
1986	1563
8194	785
7142	9660
7809	2048
3441	4237
9270	9046
4043	4199
8589	9996
292	8227
8608	6204
4769	2946
6782	6866
4163	9780
1475	9295
4303	8658
8459	2641
6572	3004
3425	65
2664	1234
2112	6104
1822	7734
1501	5864
1932	89
2211	2224
8315	7171
4779	9435
