500	248199
6413	7203
4848	1422
8450	3028
234	1230
5425	8322
362	3007
9845	7142
7794	4839
2946	7913
9652	7325
1369	2127
7399	1606
5075	3238
1224	3532
775	1699
4199	7187
5254	5398
8608	55
8426	5193
1284	202
3515	7997
9560	3359
5138	7354
8197	8083
5266	4200
1759	6634
6326	5510
4591	1401
5099	2167
1284	5873
217	1834
3059	1822
7232	8019
1876	2009
9563	9511
2210	3077
7508	1770
2787	8997
9123	7336
3432	740
7887	5190
3726	4213
699	4668
1965	2150
6834	9600
8022	7051
1433	7433
5224	5016
5451	7100
7024	1365
6610	5586
4442	469
7355	3580
9466	2829
915	2897
3568	8802
8086	3645
9366	5137
8313	7682
7286	5146
7281	1659
8548	5065
9091	124
6433	893
7223	9808
2258	184
5393	3051
7005	9099
2982	6470
1927	3897
9366	1847
9050	3803
5491	4767
5291	155
2448	8928
1653	6080
6939	200
7496	6029
323	280
3274	3897
88	1883
433	5480
1285	7437
4579	4266
258	6505
4514	5975
4703	3563
9777	6546
4681	1420
6700	3480
347	8352
9559	3637
4904	3407
9666	1578
3686	9291
1827	3773
7525	2259
9253	8809
6047	183
3074	6304
3039	7588
8630	7742
7502	4758
639	2183
6177	7338
5662	2876
2042	1573
6512	3297
4979	2529
4874	5016
8171	6700
8789	5695
5310	4393
4503	7708
927	7577
363	3965
1516	8992
8058	9017
3750	8696
1199	9926
2386	3213
9153	4427
4785	2017
4075	6115
4545	8948
1130	2716
2000	6270
8410	3661
7014	9265
1369	7940
3193	1731
8257	4708
723	6314
3724	4472
5010	1275
749	7395
839	6254
8173	5623
8270	8599
8089	2814
7546	5570
1881	5897
8192	6643
9558	5205
5907	7278
9497	9099
9008	7753
158	6082
4066	233
6905	5427
1507	4006
9173	8697
259	3697
671	8528
2295	8759
7693	6193
681	5926
8441	8872
2568	7998
4076	4826
1627	9924
3924	635
4028	433
3068	4446
665	9973
9872	8524
3978	5397
7220	4236
5445	7891
9115	7740
3001	6807
284	3681
2732	8724
2552	1651
3074	2980
6476	4700
2903	6751
1686	3283
7183	4754
7728	7848
4726	3951
6371	5055
9347	9942
9290	1144
7832	8404
8883	7185
1562	5518
865	646
593	9769
2296	3666
2748	5124
4718	2002
1874	2755
5284	5409
7508	9363
3256	8585
3314	5978
3639	9012
5919	9280
155	103
4035	5389
3639	1949
906	4503
2594	7851
623	1241
7868	3370
6364	8937
1724	8238
1692	7007
3646	5551
6370	3253
4136	6035
5582	4126
5046	7852
9758	1553
4306	3792
6941	7944
5740	4199
8799	4685
2049	9421
5926	6268
2791	2289
5205	4514
6878	6896
7872	6875
2446	593
6479	2933
6627	2060
7059	8025
9912	6816
5929	4217
6959	2869
8513	9051
3419	7311
3735	1819
6731	6012
8087	5873
4653	3291
6738	7882
6538	4610
1109	8983
1554	7587
1916	4533
9647	5326
2557	5910
8493	4837
6478	5451
4057	4990
4501	7476
2300	4588
5646	5383
6951	3732
1255	7955
3374	7993
5837	6263
8954	6945
5246	507
4531	3513
5039	529
5190	3947
2790	3682
8783	9268
9132	2840
4257	9985
6667	2909
924	2312
8291	4226
2396	9545
2181	2121
3889	8017
8384	2842
1313	9981
3349	2195
9845	8387
9076	5034
8686	1865
8715	7468
7484	4198
6659	8093
4182	3325
1001	1457
1989	5643
5683	4384
5187	7863
2856	5428
2231	1239
8269	3543
1219	7969
2089	7415
2708	1164
2448	1393
3029	1162
5212	512
5360	1871
4956	5893
1547	5956
7350	3535
1598	3032
4270	3137
7246	7126
8564	9476
4716	3184
3018	2287
1153	5106
9701	3860
2622	2149
1604	5650
9662	6815
2513	5021
8685	7469
7266	6584
9776	4615
6470	7726
3998	740
862	1243
4217	5777
718	8932
5312	87
1218	6464
1544	7271
6675	4165
9419	8278
6166	9080
1445	5031
453	6481
8851	7718
3064	8626
8684	9534
6351	9033
6625	3564
6627	841
5692	7344
6124	1004
3782	3694
3819	5325
964	6846
5842	382
5123	2007
5813	6567
7037	2617
9400	2239
6686	2463
7217	1721
8348	9919
753	4972
3483	7379
2164	5526
1074	4640
6529	4855
8333	6700
6532	5648
3545	2373
6029	5019
731	8193
7938	4120
810	7337
6358	3847
6151	3574
5568	4499
3493	6320
5822	3327
51	7986
8852	1124
8977	1733
5979	7309
8432	8862
2956	8328
1234	5336
3346	8316
9880	1283
2435	7041
4971	8793
888	1122
8718	6455
5620	2210
9126	7793
1888	9176
5778	740
300	1106
2472	2630
4766	7255
1491	7721
5582	9076
9408	5279
7391	5640
2914	6178
2680	7884
4970	3567
9005	3687
6373	976
2249	5499
8769	4136
4674	898
1227	4973
2004	50
3954	6769
7304	1796
842	9237
7223	6601
4516	4614
2240	7429
7143	1272
5312	2112
4838	669
2150	7563
7996	750
3061	3116
1238	7734
4014	2464
9059	2369
2514	9364
5489	6169
1160	2682
5406	8382
5635	9921
9347	7874
3701	6489
9145	5364
4952	335
6032	3454
7897	380
555	7309
3495	1792
1394	3860
608	6804
2580	3121
6168	4421
5641	7327
7102	1046
2060	9088
7318	7759
6962	1018
4247	2458
2734	5551
9144	8765
9004	3392
5496	5910
700	8991
7702	2094
9202	8309
8897	1782
7781	1416
6202	9773
5094	9655
819	7154
8743	4488
4912	2056
1858	5510
865	4591
7412	6361
9707	2767
9752	5203
8677	6804
545	2730
8897	6098
7390	4145
7879	5170
1913	432
1294	7006
6439	8464
511	1533
2952	5422
9940	1161
7284	804
2103	4695
7164	1809
3814	3268
3363	2490
71	259
5219	5319
6357	2608
5815	587
4129	7727
7371	5422
4733	3809
3886	5243
1693	3189
7017	1632
701	652
8787	2803
1698	2303
963	5511
5570	4326
8000	5640
936	9570
7310	7292
2177	3124
4231	2657
851	1601
4431	1935
1761	8316
3529	9805
7856	545
1436	8556
1196	222
1358	2894
2524	8672
4756	4445
2997	2756
6436	285
