500	1896708
116	1560
2653	4278
1339	4127
9924	1994
9137	8382
4634	5708
7738	8058
5773	401
9291	4236
2856	1112
1969	4356
3328	3901
4444	5538
2476	9110
2708	7254
4897	2823
5165	7549
3453	6503
8027	3376
4848	7163
8110	9481
9223	5847
7539	4995
2599	3181
9230	5454
645	7551
6161	3972
7803	6956
5861	6630
2417	8569
3883	7313
1391	5399
1213	1195
8253	9240
4571	3101
2754	9032
2581	1976
4878	6471
6970	7476
6004	2552
9281	6648
6454	1793
6971	4256
5100	2831
885	7516
7751	1119
4829	9142
2869	6041
6688	1121
1632	1258
4221	4386
289	3154
6361	1518
9624	9683
5345	5627
8586	977
8626	5039
2769	5596
5646	7868
4779	2882
1736	2529
352	2916
8022	3220
5308	4710
4340	6940
2319	8561
7677	8960
1714	389
477	7689
71	5822
9668	5008
3150	8293
46	2271
241	2043
6490	5019
4924	8225
7547	5275
1140	1921
8494	6448
6630	9186
9739	8948
4098	7415
4259	5811
7803	4736
9851	4226
6909	9518
9233	58
7811	5631
8680	8051
7673	5170
3069	8949
3394	6967
4223	886
8887	9069
7333	1868
4606	7071
7168	8703
837	1426
4513	8639
2513	4363
2864	9421
233	8449
5831	8043
4079	862
6093	1751
6031	5513
699	9425
8831	1274
310	4070
6694	3994
5937	1299
7416	9456
1	8252
882	865
6890	9746
1579	6106
5519	1811
4554	7701
6205	4984
8562	8649
6734	4593
4161	3785
369	9344
1410	678
3413	8103
1023	5701
5753	8438
5157	2105
6689	2390
2969	9930
8487	899
6035	4005
9062	6940
1705	5266
1923	267
3915	5009
1211	4427
5145	1579
3770	6554
8608	3534
1008	9630
5587	3112
4419	7095
5216	1107
5836	4536
7388	4322
5434	9775
8327	4495
6714	6383
9761	4989
3001	27
9997	4211
4453	5141
5789	4575
8046	748
4460	5405
377	46
8516	4795
7140	3731
2253	2975
8266	9641
3649	3699
5767	8327
4546	2480
4709	658
3820	4062
684	3816
8272	5136
5308	413
9710	9705
7512	522
5109	7889
567	3624
9035	4059
3706	7640
3385	1971
3632	7033
2022	9398
5359	6567
8229	6420
7224	2049
481	7907
2216	5104
9394	3876
1868	5456
9932	9380
5977	5041
3620	6543
5016	9006
601	8722
2997	3986
7044	6628
7370	9065
2377	9081
5631	6958
5500	9206
9006	2332
3464	7573
3787	2858
1448	2007
8313	1380
7738	4289
2772	1357
7183	4139
6714	4136
2860	9711
4473	9904
2690	1842
5320	5067
922	951
8376	2773
6508	7381
1456	9972
1305	5243
9181	9105
7249	7493
6836	4986
8133	9607
2694	1667
3745	9407
5802	2957
5469	6626
9212	8159
8468	4531
9577	5741
1833	7952
8514	8341
1684	9969
4664	2988
1563	3844
2092	5163
7688	5279
6500	2172
4885	9193
190	4982
4952	5992
4290	420
2617	3501
4930	7436
8031	4506
3177	6216
8809	1690
4556	492
8010	5571
9832	9573
5766	8275
4735	3453
3554	1235
1976	4790
427	2165
6123	1730
4508	412
2150	3477
264	3431
912	4647
7937	4088
862	6745
2129	1769
3589	139
3691	3420
6063	9456
8046	797
9260	1599
2031	1235
2741	8810
9751	8863
539	4259
5627	9040
7735	2242
2471	4998
6888	6759
5438	4101
9855	7566
2221	3443
4056	5911
3214	118
5366	1260
915	977
9210	9297
2211	1950
8106	8314
7165	4997
2572	9143
388	6658
1384	2858
1655	8272
5968	7092
8724	5823
1010	945
5617	5065
6855	8831
1535	8573
6442	2449
9549	5651
8097	8112
3953	2555
6425	7469
7551	5348
6611	7938
2005	7994
7148	3659
2617	9467
7103	1341
5289	8112
8637	906
9528	5491
6088	1062
415	2529
9862	6316
4531	7959
779	4835
513	7203
2303	4415
2550	5265
8704	906
3259	5851
916	2227
5318	8018
3567	6958
6129	2203
4215	5657
4046	302
6718	812
9182	2932
7127	65
890	7905
1251	7754
1459	3554
2168	360
5170	871
1265	4780
3074	2181
7007	8391
6550	6925
1700	2679
5480	5915
4687	5877
6216	7756
6688	1750
687	167
1814	7928
8071	3064
5681	5882
2969	7848
6241	4491
8719	3858
9270	1792
2390	6276
6534	8939
3201	4585
7969	8680
499	9007
908	3067
6763	7595
1168	7449
7761	2981
1729	2184
2396	7409
8065	1717
5257	4305
6207	327
4514	5476
8470	6903
8104	1355
2194	1304
5939	162
6335	2790
9169	7242
5856	2283
1188	7023
6083	8949
6355	7811
7484	5102
5220	5548
6818	476
6204	9376
7154	718
1204	5623
3972	9307
6977	6165
6962	9267
2679	9648
2056	8199
3241	7911
481	4428
1285	6563
9728	3991
4374	7211
9093	9593
9110	2262
6420	5314
1638	3573
2383	9193
5547	2706
8499	8875
8871	1812
8141	7901
7811	197
6099	1051
4459	6579
1830	2096
3141	7910
6086	3866
1472	5178
3458	582
3792	6229
2247	1781
6153	981
973	1699
3686	5823
573	8908
3986	5066
6808	1796
1614	2906
2846	6072
5836	1027
4519	8977
8936	605
2842	6760
2134	2652
3693	5925
8880	2291
7705	5033
3271	5029
3083	3308
851	8
2216	1188
5073	5375
2983	3038
4633	5828
9109	468
3207	9980
9444	8494
584	8638
5253	2717
7641	8945
4994	6520
1235	9050
7904	857
4079	7339
4165	1281
7346	2732
2469	8770
8106	1803
1807	9090
7631	7267
9558	7189
7246	5353
5682	7829
3990	935
6898	1630
9879	8243
4502	7466
7292	8757
8322	7722
6095	8838
5355	3440
1569	4175
8561	6027
5977	367
5116	9959
7634	1025
7147	4879
6378	2829
9060	6719
3763	2309
4701	9993
551	9202
7458	7842
4310	2132
1916	405
969	7270
196	8890
1444	8757
4916	3772
9123	6383
3731	3108
7408	877
4339	137
3705	3398
6855	3819
5706	1555
3812	6256
7108	7621
449	1418
6104	8716
8174	3425
2337	8369
2314	132
3477	3581
3904	8952
9963	7634
2059	3722
8510	6397
3858	8567
9794	7065
2385	1851
8619	2548
4458	2079
6521	1259
