500	1230970
4213	8171
9865	9227
4084	3206
48	5548
8479	6105
9960	8756
8307	2784
9481	3947
2015	378
5489	9115
7619	5223
7170	4633
8124	8453
1191	3665
4062	9153
8186	4626
3675	8050
3852	7759
1255	252
9658	6085
6356	5969
4841	1015
8753	673
4961	7119
1050	449
6233	5020
5671	3402
9653	146
8207	7195
163	8620
2700	8348
3245	6374
6397	3448
4132	4003
51	3789
88	6407
9758	1280
3773	4862
8304	8733
8332	5706
5534	4565
725	7556
4318	6729
4054	8876
276	4216
3847	2975
2563	3443
9348	5311
6891	9832
5665	6941
9972	2104
9699	9729
9735	3471
942	8039
8556	9274
96	441
190	7172
7996	859
253	8401
9735	528
2616	3581
9854	1530
3376	9201
6840	266
5384	2505
3558	5356
4608	3257
5084	695
3079	2378
8733	7986
8003	5180
8426	4544
2351	2774
5402	2603
1174	1488
9482	142
1421	9335
1671	4796
4888	8511
1413	271
7367	4970
5626	8326
4578	7062
9020	4009
5791	4104
8346	3793
9283	3124
4688	7986
5897	6441
6940	3422
4281	2774
3563	5701
2108	1586
6848	3347
6448	4612
9970	3814
5933	5595
8491	6863
9008	7511
871	4798
7966	5568
4942	3601
8691	9629
7938	939
2422	4877
713	6702
4002	4275
8754	2462
2212	1953
5808	8659
6564	5777
2472	2496
7724	7315
9358	6731
4825	6580
1529	9142
2148	2822
2742	838
8803	7031
1777	1224
8260	2489
4277	2261
3115	3030
4722	1679
4982	530
337	7897
2658	9161
6744	6733
6475	6102
3464	7651
9033	1344
6792	1180
4165	5886
8370	9319
2916	6498
542	1175
5338	1170
3436	4804
4199	8157
6482	5532
5038	6819
9780	4048
2331	6524
780	8805
2625	595
6455	8009
1938	3246
9189	2455
5483	3910
1773	8399
407	8667
5925	5744
9836	5712
6899	387
221	3381
2270	5258
6551	2050
5657	8881
8573	2789
7685	7549
3383	491
5557	1673
88	1097
4127	5571
5006	2251
321	1764
7269	2597
3859	3457
8309	758
195	8529
490	2464
138	7040
865	5795
2272	5789
8583	6308
9689	8317
6798	1598
9989	3237
9046	467
5159	404
9070	5479
2167	2690
8076	2378
6146	6384
3135	2692
4912	3624
1508	5049
7015	2372
7195	5638
4513	2129
1945	4201
446	5094
5798	6786
8330	1196
7253	3489
1599	2674
5319	3765
5363	9746
6142	7861
2481	5628
552	3744
5603	2059
5145	8969
4431	2339
4606	8943
820	2902
9495	1265
4347	1645
4402	2677
2840	8006
2517	4438
679	4187
4554	6042
3933	7048
3902	6413
9027	805
157	4630
2864	5301
9950	3646
3991	4556
8940	4810
3809	8434
2426	8156
6430	6828
7184	9269
1185	9700
58	1864
238	964
4257	4170
4363	4510
6935	3389
5314	3443
4370	8177
8743	4320
8174	9085
5227	7113
3895	5387
5547	2672
3542	8328
5851	725
3949	7036
6776	4006
5251	7014
1321	9507
7535	2035
368	4469
5424	5681
4263	6145
210	3005
6816	8383
8442	2042
5496	8688
7429	7394
1359	7322
5721	7210
8047	9669
597	1174
27	5847
4539	7699
1705	8426
9734	2072
9246	1509
7752	3509
4005	4313
2865	821
2696	1306
9214	4543
9993	6642
8288	7704
316	360
1265	4714
6381	1861
5887	2759
7707	6778
6809	9411
5203	2894
1482	4448
4402	5585
7956	8407
9898	821
9227	8945
2126	4792
9839	8471
1434	4478
6174	8101
1189	7438
2814	7569
9298	5052
6679	3356
1829	3488
9118	3383
6381	6951
7831	7135
8887	2138
5541	5136
2958	1119
432	1436
5910	6622
9906	3695
1099	2431
8147	2288
9868	960
6208	5517
6012	2887
5224	4192
2726	4341
7575	9106
7643	1757
6240	6529
3894	8132
1665	3204
5602	2096
991	7864
8718	7248
7910	6168
9678	6057
4807	5897
7016	1015
1413	9379
253	2988
9923	2978
3680	3849
8435	1322
5605	4675
4202	5850
9158	5866
9053	1112
4314	43
8975	9383
3642	6884
1902	3319
9292	6709
9215	6308
7723	6979
2038	7975
9966	8312
7304	9997
2160	5738
1318	4116
6764	5520
9966	5922
7737	5370
7033	8402
1765	2359
7784	5406
9242	6038
8725	8534
2746	4291
1193	468
7622	9582
4794	3939
7894	2097
3936	53
4186	5253
521	950
7124	486
6871	1213
2207	255
9614	3971
2613	3750
5729	8206
9787	805
3091	2532
5095	4283
9351	9068
217	496
3007	8110
8944	6942
4514	3129
8546	5034
4078	2022
1871	7300
3234	4078
7554	9199
4400	6518
2948	128
4724	9086
932	7814
1617	2379
8449	7319
7798	8665
7814	804
3126	6757
4097	7639
6238	8995
9025	315
1016	7247
7615	601
1324	1520
9799	2076
8038	9099
2203	9113
8184	9487
3278	6153
8217	1726
3471	6014
6742	7637
3170	9867
745	3618
3858	6982
2612	2882
7297	9979
128	1263
579	7804
2782	6730
9879	7171
5828	8433
2635	363
4271	5913
2867	8839
7638	6338
4853	4380
326	4374
598	1070
7991	4455
4404	603
3688	8052
6933	168
9314	3864
7971	8447
593	4201
1970	2772
8985	4604
3134	9608
516	6001
8446	4506
8690	9650
5237	5367
4023	5834
2788	2014
6641	7191
8968	328
5242	5900
495	907
6115	4817
5706	6707
5369	7675
5830	706
8630	5316
313	9146
7668	8758
3	6357
8408	5239
8075	8782
7424	862
795	4064
4405	6114
744	5998
8366	1238
3257	4480
2407	8962
7539	4127
2988	3368
4832	1617
8683	5144
7114	6350
254	7116
9058	5013
8706	7132
3794	6130
4346	4589
6545	5102
7054	7288
7451	1771
4878	707
6251	7284
6020	3789
7762	9007
3508	8946
6976	2191
441	4089
4892	694
1205	3950
5706	6262
7433	9500
2391	1778
440	8936
3231	3845
2575	682
5616	7452
7740	1866
1087	3760
2006	8849
9118	1865
7794	6093
4055	8234
182	8947
5280	7738
9248	985
3999	6680
6836	2742
4810	3627
8029	8040
7472	603
5073	3087
4407	2813
1304	5493
2924	9661
693	2041
1525	4838
