500	2298801
5628	2587
2405	7145
7549	1869
3412	2208
6431	4489
2205	4339
5645	939
9216	5679
7595	248
1987	4025
8028	1792
3726	4083
7381	591
5464	7157
4516	6148
7277	143
8734	9681
3639	2634
7901	3402
4841	4331
7890	3398
5022	3535
4336	4237
5565	1930
837	7551
5954	8864
5694	9679
9298	3074
269	1114
231	4785
7261	3859
1279	5994
9891	1270
8628	7792
4671	9820
8474	8913
3217	3495
8799	3904
4084	4363
5833	4920
1913	8138
135	3958
4169	5784
7031	789
6897	3613
5573	4157
7471	3204
151	7362
4473	5130
1505	5495
1301	9978
759	870
9825	9557
4773	260
3919	6958
5179	2183
1447	1665
6140	5615
7448	9523
6404	4345
3135	8328
8501	6958
7883	8651
671	2355
132	2175
4202	1433
8504	4960
2302	4680
869	7074
4939	4787
383	6469
3322	1830
8133	5813
3796	5581
5335	199
9925	4822
4879	4777
8131	2761
9780	8801
1468	9911
7327	5669
1343	5830
6980	9996
510	7848
3422	5448
8987	3804
8269	8660
1985	6401
4472	5781
8333	6159
5979	4609
7332	7209
9386	5462
9970	9165
4262	7789
9075	1588
9809	6770
3769	6788
6765	630
988	6538
2430	9974
342	698
4985	2326
7098	9456
4458	5431
1966	437
39	9297
3997	9424
1110	318
4940	5371
8106	367
3310	7914
7136	3431
1054	252
4060	2041
3142	6489
8366	3483
7186	3350
2160	636
9157	2970
2418	1123
9758	2456
6771	3754
8232	7881
4072	9523
9603	2177
9889	9265
6443	3376
2695	7496
9980	6754
9536	3121
9595	4253
2955	3132
3954	1466
3767	3110
4435	6184
584	4192
4992	7355
7946	9575
1587	2017
9097	1189
545	5338
453	6987
8713	9499
4482	8692
6253	369
1812	2199
973	4766
5330	4926
6232	9097
8036	666
1632	4971
1210	2975
8677	9155
2549	263
1171	7998
7804	8067
3335	4608
5054	8399
4107	9535
7091	6711
6256	5254
8909	7228
6372	4238
8506	8955
9686	6541
5972	7670
7863	7181
644	6540
6335	9545
3154	3857
7542	957
1924	7228
1917	6977
5626	6023
2863	9068
2733	5470
674	1641
2698	7045
2230	1203
5999	1916
4095	8322
9585	8309
5503	6580
1200	8189
6124	4354
2046	17
1662	321
7244	3578
3649	9222
9600	6511
4641	8684
8333	5314
324	7382
2358	8906
8584	4708
821	9030
3030	6757
3690	4884
3336	4890
3072	5812
9243	1469
2180	904
1789	9424
834	5437
4997	6785
8300	9637
5469	6632
4951	2144
4013	3660
1049	8948
4720	1869
4329	4101
4977	8018
5336	4665
2907	8407
6828	8501
6228	9007
5757	8016
8430	6590
9805	9778
3374	4456
5767	5194
1087	7069
7338	1451
7080	8386
6750	1799
6607	1078
2251	1583
5447	7586
2599	4706
5993	9426
3206	8572
8433	5314
2939	3214
8255	2743
2992	1629
3550	5110
3174	4636
2178	511
2438	9257
8897	9187
7408	1855
6616	9658
9789	2063
7244	2388
6768	9588
1813	9973
8159	245
1639	1097
9811	9893
192	2802
7873	3741
7911	1047
4729	6440
1557	3518
5696	6805
2705	9455
8659	9320
9113	8448
1382	6356
7187	4501
2295	8999
826	453
5596	2464
7901	5406
2356	8092
4559	229
8185	8821
1275	2913
5260	9183
6430	7307
2340	5486
3114	7350
4806	2226
2149	2539
4933	9335
7040	7227
4686	7865
7679	6633
328	5579
2038	9035
23	2948
9263	8207
1768	6889
1119	3379
2424	3900
7037	4763
9386	150
8464	543
8727	613
9433	3659
6299	6472
885	984
688	4915
3968	7367
494	6005
6402	6868
5304	2016
5074	7071
5257	2544
6801	4032
6443	190
8794	2180
6691	3609
2722	5418
573	2155
9076	6872
4978	6313
4207	5666
1227	8175
9384	8072
531	2137
4939	5835
505	12
9257	5761
2555	2410
9792	5350
2599	4937
7529	5641
4897	6603
1058	5470
8757	6486
2341	3734
9150	2899
5751	376
7425	1487
4800	7956
3623	9738
142	4127
6102	5750
6239	5008
8159	2382
6709	7109
7318	4238
2750	2215
840	159
4036	5948
2996	2728
6033	2145
5626	8136
2521	9403
9622	7320
7358	9596
3409	3851
75	5862
9600	6313
7222	4111
8695	3930
1219	2364
4519	320
930	1710
6831	4965
4009	9826
4044	42
1971	9670
4529	4491
5424	4150
8162	2781
97	7922
2983	171
136	2582
2836	7357
3044	7882
7638	4263
245	8509
934	7527
6570	7764
8843	579
7590	2887
6972	9560
8908	1500
402	4331
2001	4915
3463	2097
2836	2797
8620	9323
1730	1455
3031	4774
9336	7021
5388	5932
5529	6321
9810	2098
437	8653
9028	8026
7891	5999
3937	3150
7498	4338
3832	9498
9252	3646
7947	8439
6442	6566
7762	8171
8020	7144
9296	3707
4164	4683
5990	9692
1004	5800
8142	1440
804	7169
5817	5046
3168	9753
8195	7017
442	8378
2867	9693
2023	813
4483	4816
7378	8596
9338	1749
5740	8634
1807	9903
3316	7796
5947	671
9947	4088
8462	750
7608	4278
5795	7127
382	341
4144	823
5070	7010
6867	3444
4174	1350
8259	7903
9945	3949
6003	2036
8934	7809
8291	8601
1956	4237
9272	1903
4676	4085
9004	8635
4715	1151
5762	5096
1491	6257
5919	2913
9618	9137
6356	3791
486	967
8045	6783
4915	4047
8818	3848
8207	3460
2448	6514
7696	8071
4768	8723
2156	3772
7358	6870
4922	3119
8317	2764
5727	587
2028	5344
9724	8384
5486	209
9350	3530
3343	616
3928	8513
815	2134
1972	3262
4999	6020
7685	9767
4742	6192
3538	2099
9413	4811
1569	7729
3926	7295
8316	5954
8990	8039
689	4475
4599	38
4356	4294
7005	8283
2806	7819
6768	1129
7432	1767
7148	5116
7885	1890
7659	7774
3988	7071
2584	5557
4800	2861
9203	9467
5166	8193
7505	5854
2667	8455
2243	3375
2748	9247
8009	1905
7065	4777
3034	849
2895	181
5964	7131
2070	3623
4904	2410
7045	3839
4318	1844
6699	3520
1310	8217
1712	5166
4070	731
9973	6313
