500	1196229
4486	5580
9424	4667
878	4703
8756	125
2039	2754
6804	8875
1847	7965
8853	6227
6005	6324
6830	7429
9410	7588
6593	713
3080	9516
373	3773
7909	1898
4962	2394
3829	4385
3412	1058
9087	2167
1182	1126
1272	4337
6352	9471
2302	5204
5697	4658
7880	8878
2086	7289
6465	5031
4354	5897
898	1078
6021	5158
9327	982
7551	3155
5367	7314
564	805
5832	8097
8282	7104
2434	985
6574	1087
6189	2270
2096	420
7500	4181
7708	3964
5563	8413
9860	6461
9491	5880
1618	8817
6862	5521
8324	8580
2834	5239
9384	8666
3336	7666
2121	2121
8650	5046
3207	1190
7315	5302
1609	1166
5834	5669
5130	1397
433	1341
4209	9923
3573	5826
5092	434
7698	9767
5365	532
5005	4748
5549	4692
8765	4021
6812	3767
9066	6370
4956	6380
1671	2917
3898	3857
4937	9027
1605	5369
6719	5813
1644	291
7990	6735
7076	5688
2853	2440
2571	4209
3540	8119
8901	2304
2139	2064
2422	1204
8434	7378
3935	6456
6646	7832
312	7934
3210	1916
3302	6281
4080	4945
6571	2070
8031	3647
4109	7235
6086	6679
7796	9625
1149	6696
8281	3287
5111	702
842	3544
4431	1128
10000	7428
5312	311
5361	4873
8579	5015
1153	9010
6311	7724
1079	694
1370	1539
7928	3807
8217	5723
9784	9365
8770	4416
9003	3881
5117	9844
7424	5900
7324	3775
3327	8987
438	5040
3859	9016
54	1364
4377	6364
9087	1808
7057	6808
3346	1337
6966	1563
3411	6749
927	2181
1164	9930
2413	2633
6125	9836
8532	9800
9963	8210
8786	400
3249	2645
5767	9654
4008	143
2370	9446
1950	9426
2605	5296
7114	9570
3210	525
6319	488
2705	3834
417	5117
6466	2894
1304	1349
2693	7618
9559	7831
8017	9159
6827	3783
8813	7186
278	1182
6631	2227
6959	9235
3874	4073
5156	3435
949	1474
3923	5
1660	691
1473	8125
3584	9128
5826	2629
6746	5384
6811	4762
894	3637
4897	9706
822	5174
7239	3804
3752	550
3038	7626
974	8193
1060	1922
6019	1334
1926	7678
2025	3398
2154	1960
2525	4331
4588	5622
6066	7750
384	6960
1386	1632
3017	8559
6805	256
2362	556
805	1751
4533	1778
9944	1945
51	2314
3278	1976
6343	5302
1725	4848
3614	601
9179	8201
6223	5244
2303	2958
2203	3688
4589	1572
2247	1393
1827	4608
8300	8983
6359	9185
7112	2654
1129	7162
1319	758
9137	4013
2412	7213
8860	6025
7813	4390
577	387
9634	2879
3344	8188
2919	4284
9759	5165
2028	7937
6124	328
6919	8834
5864	4030
7839	6992
1191	5509
4101	6679
9521	6512
3891	4733
8888	8056
9122	9465
8442	5107
8695	8138
3295	1613
2421	9405
3129	4449
3694	5605
1128	612
790	6991
994	4981
334	8536
489	4434
1567	10
7298	1809
4742	2537
9864	215
8353	4658
5322	7048
9147	8616
5012	1567
4372	4493
2367	8065
6449	3494
5029	7238
484	2374
2218	817
7261	9059
1603	8827
9068	8900
6988	161
1436	3203
375	9789
7860	5696
3188	7006
663	4551
4925	1387
9043	7291
5803	5491
7137	831
9081	7620
9556	1298
4789	3169
6708	6391
1995	5775
1642	5334
2287	9429
8537	9014
9217	6396
1061	8756
9754	1724
3307	1030
9462	8701
8320	5264
4192	1808
2447	9624
9428	8354
7273	4216
1522	3981
6958	9869
6107	8599
5202	8394
8027	3738
3759	3596
6486	4819
2351	2591
2894	2009
3620	2355
710	8291
3971	1253
99	6417
876	9526
1122	8148
93	2644
8480	7050
2512	4587
2000	7713
2980	26
1451	3090
3621	4288
7908	2324
6878	802
684	497
9508	7745
8787	3478
8997	5237
6246	6224
1114	7368
724	1206
6363	9203
4607	8874
3789	6606
2938	3120
2984	740
6209	2956
5027	469
5279	1904
1270	2315
8752	7129
59	3891
6959	5408
9127	3204
7983	241
6923	5058
7798	3285
4261	2405
8510	4401
5362	1448
3873	8345
2187	81
1301	3566
549	2931
5469	8170
1597	4221
1651	1656
8111	8609
3415	3589
8164	1397
3829	1439
2807	1627
1075	7067
383	9585
7819	5744
1032	1691
441	9570
8124	8093
3135	5024
1023	4956
9546	2620
5528	1196
627	9990
6156	393
3578	4319
8141	3759
2109	947
5385	3184
8013	2119
2768	2184
4214	151
3874	4654
6072	1997
2746	9207
3373	121
514	2918
2740	6041
4113	9718
2382	6620
110	5959
7290	8250
6069	9399
5549	7805
2582	3561
9923	1701
2096	4137
1851	5970
5142	7922
4318	7888
3480	7690
8008	345
6959	7099
2737	1071
6816	5118
4042	3277
7429	1332
7878	3497
730	3426
1302	3311
3339	7576
1363	5434
1712	3213
7755	6854
7486	8425
1093	7318
2466	9100
7662	9425
2550	399
6847	5717
1868	889
8993	9296
2220	3222
2793	2949
3000	446
2611	6338
8021	3973
8123	6085
3537	5878
9290	7374
654	382
4691	3119
5833	8705
2543	8382
5455	5742
4098	7322
6630	9442
6618	8849
9015	5762
8149	2014
2559	7111
8351	579
1083	2826
3015	4619
5055	2304
1992	5708
9037	3035
5178	1221
1739	7721
9602	3545
9814	51
866	6443
5844	3835
1643	1211
9596	9791
3224	2154
6901	7927
9085	4335
752	8451
5305	5806
7107	3648
7865	6143
6682	3042
3716	4772
7114	3317
8316	6927
9720	5534
3369	1915
9368	1363
3125	5316
1153	2701
3821	4405
627	2905
5091	7730
7708	395
3535	4814
4043	7751
7308	7076
792	1023
8200	4258
692	6515
1184	411
2048	905
8677	1416
2267	8154
3083	9772
854	6903
528	1480
9808	1971
9209	3867
2365	9095
8680	2759
3197	5987
9835	3988
7010	4386
4597	7701
900	5781
4463	9300
3037	9491
7067	1655
7644	149
7778	8497
7051	4658
6328	3210
6628	1888
7076	5344
7334	5755
8103	530
8094	4289
870	5103
8674	5466
9155	5925
7598	9969
5224	634
9459	2290
8641	7103
8790	2770
1951	5841
7427	8279
5402	406
