500	2238107
8496	6631
2677	681
3857	2979
3915	6799
6005	8072
2762	4997
1593	3970
1262	9186
8235	6590
9642	8890
7224	7489
7708	8161
9567	1055
2722	147
2571	7924
9122	7418
4554	1798
4450	8410
1128	8364
1561	3484
2787	674
8481	4379
4643	6094
9917	9229
9035	9558
8118	6259
3398	2178
771	9316
3232	3492
9463	2154
1415	4936
5923	2320
3086	372
7082	4213
5087	8642
4049	4226
5667	2529
4956	6661
4974	4872
2242	4009
781	6711
6619	4179
8888	3741
3494	8472
7232	9308
6977	4998
596	2900
7317	3681
9623	750
4245	1062
5743	8293
1639	1409
7173	6594
8070	2147
1466	311
2507	2246
3373	9125
6424	2261
2865	6270
732	6448
1929	7708
7797	2524
6959	1465
2556	2934
2215	3153
347	7957
1445	1985
5718	4970
8578	3787
3468	43
449	5974
2289	3821
1450	5064
2433	666
7685	9516
7113	9614
3576	1261
8489	534
2725	7397
9819	4939
549	165
2896	8345
2149	8613
3314	727
8751	6781
769	5551
9106	9409
5723	555
4473	4508
1220	8509
4023	4684
4474	7598
5944	9315
4484	8669
6711	4302
9959	3611
4467	9206
8307	2967
4170	7973
3693	9272
4753	814
4822	211
222	6897
765	1046
1404	8337
9555	5426
9372	380
9376	5316
9694	3859
336	2756
4512	294
6366	5330
5852	4673
8297	21
2645	8341
9293	3749
9154	466
311	5728
7362	1076
3125	5117
5764	9031
6895	5135
9411	2622
6802	5456
2832	7137
8212	7343
3783	4577
9025	9634
5601	3673
9654	4597
2013	5298
4698	7519
5764	5008
9598	9477
2435	2722
946	8198
8105	7840
9685	7515
6813	6486
2970	9644
9975	7533
6986	3757
2110	2362
9742	4062
6034	5747
5011	4399
1045	9708
1917	3160
1067	7866
8988	3502
6939	9933
8051	5043
4124	7735
8909	936
4221	8231
579	547
5763	3917
4303	4224
6278	396
4638	8664
6142	9648
3062	3538
9355	1330
3049	421
9195	2037
274	6133
8321	8325
7528	2445
6059	6436
9732	6631
4666	6663
7177	6781
6931	7831
1004	9560
4578	5641
8223	720
1640	1284
609	994
2613	3658
7767	8159
5694	4392
4292	4014
2716	1819
2810	5127
4606	8894
8109	5624
5556	1638
2404	8838
5820	9759
8397	398
5400	6620
1117	7039
7903	1725
4385	6868
1734	8503
5026	7427
9246	5669
7793	1962
7487	602
3440	8445
9495	7900
4068	1402
9537	2823
239	5357
2581	8636
5754	4332
1607	3222
1371	5861
1298	2107
2728	3032
6961	7754
458	6206
9774	4602
4519	7261
1556	4310
2057	7402
2210	6124
8804	1746
5298	5394
3454	7878
381	9207
2210	1987
2428	9932
4200	3726
2038	6927
3109	5350
1032	9918
7907	806
4520	2426
4418	6075
6735	6474
3476	8944
8949	8631
7042	4246
377	495
8475	757
6054	684
9096	8481
615	3295
8558	9004
6573	1666
4353	3957
1584	2260
4762	2455
1037	5531
8529	4123
8356	8356
9419	7304
6987	6460
7901	7363
3306	6375
4471	9359
3411	9918
4192	4025
9564	2749
3029	6137
767	3733
6445	8702
2344	1206
1156	3380
3088	9684
3855	1443
4391	3273
5098	1377
6084	9350
5091	9389
5724	5914
5100	5486
5831	9291
9511	1747
8391	8891
4235	9157
8975	679
7858	1319
1884	5365
1050	4971
5048	4904
2765	5791
4528	7862
7167	611
7211	8610
6352	9286
875	1451
4772	6705
741	4282
8451	9131
9524	2685
4640	8498
9715	2497
6168	1598
7862	3570
2920	9261
4825	5684
5051	9353
9897	8570
6315	7107
3531	2666
6393	4405
4116	1164
7461	4856
1797	2264
339	7672
1300	4978
2521	1015
3826	8689
8964	1687
8610	1884
7300	3434
3919	8702
9138	3816
3623	5453
7274	3505
8118	18
7909	2234
7533	5370
3441	9329
3985	3779
3352	5284
8756	5873
6298	2582
913	5262
620	9522
3497	4271
9307	3767
9325	8445
3934	2947
249	1208
2804	8366
1225	712
6951	5110
2433	392
790	6417
522	4142
8053	9278
14	4350
8211	7278
5963	5182
3151	5811
5805	2457
9578	5129
7253	3511
4427	7501
1070	7230
5867	8647
4294	9169
3756	6726
5912	4545
9495	6434
5038	3899
2063	1403
4600	6625
8680	563
1806	1830
6373	7610
639	2302
9090	7891
2165	3517
5392	9586
746	7610
8232	5039
6778	8339
8117	2690
9236	3963
9123	4273
7861	7537
5676	2460
4161	707
9374	2318
2537	5747
9928	3175
4400	9017
7417	6564
2533	2808
6150	9631
417	733
1021	7195
9072	9137
6236	4659
9451	1710
8931	7311
9246	958
6123	9758
1665	5496
2075	553
1242	2002
79	5642
7371	7495
8557	6255
6655	4706
2237	7071
5439	3258
617	862
8746	3204
5520	8197
4913	802
5507	510
1760	1629
267	9776
7125	2342
6680	4718
695	3110
6711	8065
6956	5268
672	3610
6325	2908
681	1763
6165	7649
2624	4911
853	4495
3107	2117
5297	4965
2627	3408
2946	2893
3183	6422
5234	6214
7491	5929
9323	554
345	6278
5821	1016
9888	2145
3924	6920
260	6440
4568	9235
1350	1772
3730	808
3889	5378
2125	2867
8785	1422
5759	8319
7843	7345
4532	1685
9625	3854
2238	6321
6483	4410
7337	6370
2907	7612
9641	3166
4051	561
8752	5401
2332	8833
2560	2572
4210	4684
5438	9346
6105	7549
7664	299
4893	8547
1984	869
8752	573
7189	5235
4983	877
1604	7889
8488	7597
7406	8891
8157	6157
4291	488
1342	3202
9412	1903
4238	1201
1249	342
8749	5264
6993	9993
3811	5328
861	2562
5900	4402
4148	7234
5278	2104
5122	118
9700	8879
9008	7856
1388	9650
4695	2729
2851	4106
4631	7088
5307	2231
3782	407
7495	7126
400	7657
2453	7612
218	4704
2013	718
1938	3643
2821	3411
3760	2520
2290	9119
375	3677
8768	5069
2757	7970
9175	7387
1410	833
5970	1543
1239	3464
8668	1638
1120	7472
9250	7689
2175	7614
8406	4112
1256	1226
3875	1367
3745	6164
6837	4119
