500	1860747
1505	7297
8344	6432
5773	6204
342	6126
6940	4299
6427	371
9652	9906
2881	6353
6661	9100
5286	2527
1287	4118
3221	9008
5754	5703
4233	975
4304	762
9767	5808
8059	4463
8591	3831
666	8933
6308	7605
3231	2734
4327	2882
2639	3560
9234	9299
2659	871
1826	3945
4989	1398
9304	7094
7100	9888
4420	1403
650	4186
3562	5060
5000	2153
5242	5665
1085	1549
9622	667
4282	300
3548	6921
3859	9133
2571	2869
3	748
3166	1343
2146	8821
4788	9245
8709	9207
7000	9358
9745	6913
769	4744
9065	6010
6761	6501
7558	2734
7167	1839
9385	7066
5111	9596
6198	4034
2464	2553
4781	1981
247	6926
802	5035
2523	9510
593	5874
5219	337
2786	5987
1433	8203
8348	4545
1055	5905
3630	4574
4095	3014
1639	9206
2609	4189
3239	1425
3093	4371
3405	3339
7649	558
8373	171
67	5318
6044	1637
2006	5181
3975	3438
3383	2322
4334	4438
4578	7963
9011	8673
7329	7001
4230	9937
7541	3820
7713	633
8190	7470
3972	5838
8027	8696
6008	4446
4013	8403
6082	2371
9936	6409
5808	3318
5082	6494
4107	9660
4456	9469
8332	1784
2822	2561
8073	362
6380	2137
995	921
9606	1318
6759	7633
6365	9118
2078	378
3873	4511
2748	3808
7271	4907
3477	2353
7752	3936
2012	2208
9756	6695
343	2577
5607	8415
2939	8338
552	285
9258	6509
1602	2368
4141	7966
1486	2570
4695	5358
7081	3794
5517	703
5053	5345
3055	2804
9280	1418
1363	9036
4464	1706
1612	70
6472	902
4759	3375
7538	4017
9884	5491
2736	376
3457	4221
2946	4503
5930	6378
4649	7798
7080	6053
3143	6487
5208	2422
7904	6571
7809	8720
4628	5773
8789	1099
6674	9900
826	4212
268	7061
9702	3003
3788	9510
7224	3085
365	9505
5814	1365
7303	2894
7417	6797
5732	2624
5570	9987
5546	3379
8706	173
9151	3847
7624	2176
3746	4801
2739	4013
1861	2441
7015	2000
8302	590
5085	5018
95	898
6382	3749
143	150
6897	5874
9126	2466
5861	4671
5844	4566
4844	1346
8412	2467
3522	8509
7267	6260
2521	5479
5052	9536
7478	9706
6477	2562
4723	2923
9812	7457
6671	9954
3958	9919
2180	3083
2385	8040
4106	4580
8957	8949
5926	3721
7767	9447
2229	1385
2058	4750
3215	7110
637	692
3167	7113
9606	7889
36	5769
1697	3058
5722	2007
2977	7901
5089	1713
2292	9194
6292	7601
4494	2217
1321	8612
8015	3549
9996	73
4650	3210
3534	1638
254	6700
8751	6211
940	5138
1979	2637
4547	4052
4643	3875
8305	6083
5587	6948
1629	1879
4548	6122
447	5868
4734	8462
5769	1081
8534	418
643	2067
8408	7248
8766	7158
3458	9705
8647	1788
8693	3193
2191	9687
7068	495
5770	9006
7443	3750
7236	1990
9871	7683
4210	956
6144	9978
8389	1029
6747	9031
9447	5154
6278	4564
8663	6087
620	3661
7874	9313
6854	64
5351	273
6911	7472
5630	4353
1221	2866
2694	7444
548	3255
4751	3043
9584	3139
423	2683
2169	9869
4188	4798
4432	2851
884	1403
2863	5109
7067	6068
5173	2418
2692	8435
6241	8322
2787	7462
7539	1832
4905	8086
1439	6007
7480	1022
9146	7902
3704	7666
4122	7892
8816	4905
7094	9699
6307	6308
1160	3374
2376	2684
2143	5067
1118	8383
3388	256
2196	926
2087	3452
5363	9877
9459	9194
899	8604
7095	954
2621	1216
5197	1436
2472	8642
7487	8779
4950	8646
8504	7325
1329	646
2391	2446
5380	2131
9053	7576
9408	7491
1027	4771
7368	485
3964	8266
5440	7411
5571	8061
4978	768
5848	7450
5761	3334
2580	710
8331	1083
8034	6011
8080	6777
4808	3459
8907	3860
1034	8314
1351	8413
9436	8718
8897	9752
3335	689
7162	5257
8749	2139
2376	948
5940	8137
634	8519
8846	8964
9601	3232
1327	7680
6360	6134
7491	1618
6346	4876
6283	7696
3288	5719
2765	2185
1822	2451
2873	8983
4059	7973
7473	6435
5272	9765
4571	5905
8283	9768
1221	4236
9351	2547
8267	5710
5032	5757
3679	1377
633	9962
5424	3920
2032	4540
2456	3853
6990	1680
9187	7401
6004	3011
3835	1276
2775	4757
7180	7410
4524	4752
7997	227
7298	6263
2288	8682
2020	5967
58	9004
5928	5482
9275	4311
21	1731
8163	3363
9762	3701
763	5766
6711	949
7041	5838
5705	572
9599	6580
5324	7595
6806	8973
3857	5446
7654	2228
1412	7712
1231	3691
9545	6858
8001	5917
8588	6163
5631	4701
9863	2745
466	2925
3693	7506
5114	5749
8078	4712
2329	9753
2306	5486
8725	6163
931	6379
8390	2342
442	5973
6032	9986
9182	384
5902	4121
6546	7885
8821	2760
629	9287
2037	4322
6792	7150
6422	1221
1862	8750
7325	519
588	6050
6681	7870
8780	1423
6564	9221
3747	8947
9206	2928
9331	1459
7048	5876
9343	5868
4988	6324
1506	3376
6997	4650
6877	3418
5870	8738
8520	9547
5609	9107
5596	2289
6976	727
63	9891
9947	161
8838	5504
3088	8168
3314	6487
395	9009
8707	1734
5332	212
5109	2328
4861	1986
5745	7083
7075	616
6629	2683
9722	8576
1324	3050
5654	1386
2940	5600
1547	1777
7455	986
6296	768
3825	6691
9776	8883
8424	1459
9094	3533
3786	307
1870	5883
3741	8944
6498	369
1627	2572
5296	2950
1973	949
687	1264
2900	8585
9393	354
9571	5688
7473	9747
2378	7249
8629	7154
8707	4074
686	8845
4380	8907
1079	4472
7850	7576
1192	5828
6499	6487
8777	4823
3787	9464
6087	3038
4400	5479
3391	322
7518	864
68	9896
4464	5048
3401	9522
9122	438
4718	9853
9344	5796
4325	7193
9724	5516
3021	2574
8355	8149
7397	8493
3964	3483
1531	8364
5313	4921
8685	2830
2136	8753
9077	2951
3800	2477
8825	9273
2914	3542
5478	2257
5690	9802
5802	5413
1669	8822
4338	23
6970	1734
8516	7286
1568	46
