500	623489
269	4221
5885	655
6932	6678
1111	3093
2348	8901
3495	3878
7393	758
214	8560
4490	7507
8510	8549
3728	2203
6661	1959
7608	7851
1054	1340
3875	3192
150	4143
3764	2387
4798	695
5416	2260
3787	4115
7512	7281
7993	1256
8038	8206
9816	8879
2065	8325
7427	5792
527	439
4103	4486
4641	1508
2177	8515
4699	8679
9010	4814
7417	3807
5508	2832
2418	9295
6946	9930
2927	1290
1185	7317
5848	1000
6195	7912
5676	9974
55	6203
412	4157
688	5053
5665	9217
9919	6715
7895	8928
1529	5311
9086	7036
4494	1504
2682	7791
1433	1961
9081	8969
9277	1280
9969	5471
9191	5644
1796	5597
8198	2208
6106	5238
3612	1770
4454	9882
4836	8700
8810	6364
362	7895
9752	4855
9398	2433
2645	7182
4393	8077
6151	21
9356	2471
1844	4898
4466	3639
6847	9016
2198	2952
605	2161
1073	5058
2043	5908
109	852
8624	470
5098	8375
5324	4496
7159	4320
8029	7904
8749	531
7924	4456
9353	9767
5706	171
3406	2552
9186	1955
1855	9790
4116	2927
1199	6158
8834	1307
7009	7457
1776	2106
2183	3451
2953	9342
4122	7334
7245	2870
7864	1520
3678	3569
1287	9383
3739	1044
8286	2924
2998	140
9065	7113
9418	6615
9622	8251
7921	2982
2060	6048
1440	4242
5850	4392
9935	9971
8077	3531
9193	5941
5051	9222
9509	2689
8604	9599
84	3241
8874	3081
3380	7938
6546	2797
4552	6167
7399	8824
9149	5810
1223	588
6404	7072
1331	6338
3394	9408
9869	8938
1700	1271
8159	7560
311	3114
7158	394
6354	6031
3474	6085
320	6371
8881	1223
8890	2632
46	4390
8441	7620
1329	4844
4691	9011
7534	4436
8418	3754
9726	6469
5024	4236
380	5334
7350	7537
5727	3703
9919	5552
6140	6590
8275	5020
7812	3516
4003	4209
7905	2444
1828	9233
3639	2870
8243	1172
7306	3013
4925	3383
5833	6300
7618	6213
7985	4967
101	63
5022	6372
1967	1161
2961	241
2532	7125
3756	6535
1333	8012
5330	3161
7244	5320
6030	1838
6492	9687
1202	7768
3069	7035
4068	687
9599	8404
2005	6051
8467	3378
2422	433
890	1735
7025	3422
8859	780
6308	191
8791	7989
9703	2386
3308	5733
575	6151
1771	1777
3919	1192
5163	4338
1878	1113
2741	234
7163	1207
3612	5937
7991	4501
7671	5015
4274	2881
2146	6933
3071	7288
1273	9126
9673	4581
1210	6600
731	2980
8376	1001
4171	9890
5338	2400
7354	4431
2634	4516
1989	2597
452	9980
3449	4474
1346	7723
7354	3492
1007	6777
7131	2280
5902	3156
3212	7111
9755	294
90	4482
1295	613
723	2984
3012	8076
3766	1997
2591	5755
945	9395
2086	4394
220	9783
8468	7574
9626	9474
4350	6757
8105	6603
9912	1316
3713	9666
7962	154
499	9256
7118	1221
8591	6482
9296	2357
8478	8238
4463	9423
7632	6548
168	7852
6330	8635
1777	5956
4460	2478
2712	2565
9080	8975
232	9144
4992	4545
5649	5490
152	2767
3062	8743
9248	2357
7451	4077
594	1913
9851	4578
8460	18
8781	1141
8652	6909
3448	9464
9386	6159
8380	4817
1485	8611
3960	6476
9508	9608
8317	9659
8726	1378
8401	7973
86	5851
2050	7032
4115	1900
7961	2574
8270	6741
67	6921
3649	3514
6384	9386
6025	4763
4202	7509
9726	4513
337	5585
4120	5005
5243	2846
6383	9996
7170	2820
2198	5571
9851	6313
3823	4163
5238	2092
903	5304
9012	903
8818	1748
6640	4842
2862	841
8702	8939
5353	5390
4523	5825
395	9766
5022	3129
6113	2191
5948	8310
7762	2151
4622	1584
6313	9860
3675	3568
1515	9038
822	6684
7137	7462
7877	6351
4654	6579
5289	6359
1968	6164
2183	8714
2281	7204
1842	8393
5746	7790
6702	9859
6292	7676
1442	2604
3887	1468
6171	5401
6858	6993
2085	3994
806	9961
6696	5459
2891	1985
1817	1211
8148	351
9924	6780
3906	1766
5172	9652
5907	8225
9510	2198
5900	7304
1153	6138
5123	7324
1539	1980
668	9975
2326	7825
6287	9021
3283	5530
7357	1452
6740	1856
1802	3015
8635	5708
1132	158
1711	7038
8383	7572
5587	634
1227	6740
6772	6350
415	4662
4681	7434
988	7006
5258	7274
2379	8540
9155	6087
6343	2246
7943	8145
5261	2929
204	6392
3087	8266
3430	1469
5837	5368
2102	7064
2107	5225
9765	2521
9886	4445
9954	873
7803	1563
4499	6533
103	5
2619	2797
2251	561
7293	7511
9842	3848
3902	2928
2113	3683
4396	4302
9051	2849
7717	7509
8074	7481
6382	4311
8277	2687
1536	6079
4250	2386
8963	704
2390	1582
3500	4640
8494	793
2150	8335
4640	2404
1262	3105
2438	2009
3758	7840
1210	1474
5349	5635
5306	8082
9945	3582
768	7832
6013	1369
217	4975
2072	2607
2908	1924
7246	1402
9068	5748
6088	59
8151	3702
9515	6940
5710	3272
4780	6919
4745	128
8905	50
8209	8850
9984	5328
3033	2348
3049	3250
3674	5120
5856	6582
3395	9453
4335	8814
5200	422
5225	9702
4123	4739
2994	6185
8011	7773
9455	9107
7900	8360
5509	2460
3561	5492
4139	6593
7839	7187
6194	7864
8659	2049
4445	8405
7854	5131
7219	9405
1905	2443
5459	6027
7181	8452
8563	1543
6224	4370
650	475
2729	6158
9286	2641
1649	3424
5585	5839
6963	1779
54	1973
179	4499
377	8032
9629	3947
3789	1533
6389	9247
3912	9922
7698	8826
1464	3921
3195	8465
747	2275
4622	32
4915	2622
9807	6852
4812	3121
8630	4866
5093	5160
5716	5470
9544	1696
9416	3332
9581	2157
2578	3492
8430	6627
8669	9893
547	1864
4710	7645
4138	9331
7676	5405
8305	3834
8608	3116
6955	3589
7981	2047
8748	3696
3868	8291
1744	9636
7974	1324
8144	551
1167	6573
7177	9835
2817	4075
8050	7526
1719	2188
6857	5746
3944	5161
9580	2551
4628	6534
6139	2609
4932	1238
2656	5152
5881	4399
