500	1928531
5633	9713
1485	5825
1293	3980
5926	6109
8203	9386
410	3494
8409	7572
2601	1593
2066	4642
6612	7901
622	7870
9650	1142
9762	6778
1540	5678
5641	9636
5327	1273
9349	3164
3450	6993
7143	9375
3101	5345
5112	9862
5190	9873
7433	4142
1465	9498
8783	8076
3751	5756
2297	9752
6897	2058
2881	8436
4088	8521
8072	5766
6146	3772
8929	9595
7116	6071
5321	217
7767	432
6430	2957
6656	3863
7098	4472
9712	2233
8899	9814
7988	1196
9565	4885
3253	8798
9672	7340
7318	4095
3106	3463
4218	8386
3057	1334
4457	8377
1550	2223
5161	4331
1531	8168
8193	4981
2640	4257
3565	1538
422	1552
2733	6339
2788	2338
5136	2460
6029	8805
2906	9134
2268	7124
3872	1676
8457	8328
6405	6358
6902	7917
688	8433
6084	5233
9765	8723
5841	3329
261	6262
1232	9345
8952	4020
1682	4087
2831	7711
2892	5736
3196	1511
9211	7067
9538	4019
5394	2294
376	2296
210	7416
7080	6294
9000	3196
1368	1192
6524	7980
3805	4107
7325	2757
8126	9006
6843	956
6716	6086
3044	9912
3948	2254
6978	9838
2625	8724
2131	9352
7371	2341
6767	802
4986	2118
3997	2705
3309	6872
685	7114
978	8009
9870	9104
7014	3064
6411	82
5502	9454
9993	5801
8060	3322
5638	684
2045	7769
6387	9415
6461	3154
6568	7798
1623	564
502	1284
3787	7538
8397	4765
5546	4618
220	8912
4033	2982
8993	5886
2436	5337
1687	6847
8658	7324
3882	7055
1444	268
2821	4256
9773	9389
2053	7748
6304	8907
9031	91
6444	3779
1207	8342
4748	1426
7253	8780
4407	2597
4666	3194
4285	2704
6392	9294
27	273
6348	7823
6893	5521
2078	6665
4909	483
4412	7564
9389	9794
7654	5832
3572	8860
525	8319
6637	7777
3451	1044
6725	8116
589	1009
7171	6981
303	7197
3605	3002
1371	497
8522	3449
3514	9782
3931	4277
7346	3319
4071	1351
5502	7642
6563	6027
5961	3199
155	9411
594	3232
3878	1183
4240	1048
8163	894
4596	8119
3896	5967
8616	8769
5767	8481
8551	6049
2757	2248
5719	6827
9950	1220
821	6512
3598	3133
9711	105
8895	304
3336	2772
7838	3927
171	6000
4821	1118
471	8716
3436	9086
7484	9202
7566	2386
1602	6674
985	7320
3501	935
4892	673
7446	4841
3805	7156
4945	2699
3812	4632
1822	1649
8559	1992
4001	3379
9461	4471
8446	2897
9908	5929
8450	3825
4667	52
498	5651
3723	350
6585	8614
1022	383
3455	4826
3890	8399
3876	7701
3031	5697
9350	7941
4040	9702
1319	3501
4172	9764
2749	4079
2044	7550
7903	3062
3953	4752
8713	7676
5102	1649
6289	6123
2031	9743
7301	2273
4494	1176
9973	7524
6873	5674
5464	7264
5375	3134
764	5898
9249	9864
6328	1292
7414	4230
4354	1366
5334	9418
9041	435
7418	5330
2909	9449
1424	209
1721	5917
7737	8045
9792	961
3719	1607
8224	5445
4740	5340
1343	3988
5203	7670
1632	8968
8252	2337
334	3585
1754	5726
371	9171
7407	3279
4971	8831
9840	3043
1099	7576
1088	891
8536	1158
2497	6759
2954	3589
8450	4296
3928	3653
8318	5559
2620	2921
7895	9305
6505	6000
1383	6875
5171	8789
6505	6493
3971	6344
9536	5070
3919	6975
5960	8806
4484	4808
1917	7437
8396	366
1733	8676
4018	6402
586	2990
9322	4833
8646	2178
832	28
9052	2354
8817	1908
8847	2787
8252	8382
4208	8522
1708	167
7328	6191
4975	9244
3627	9722
9609	1711
4749	9979
8112	5335
2968	3785
167	1613
5962	7350
7993	1365
9704	3161
3273	8550
2299	1524
3283	6507
45	4990
6673	7372
1180	7999
2967	1158
4073	2576
2869	8821
2554	7332
507	5521
1117	7025
3485	7078
4375	7829
8443	4078
989	8067
8979	3288
9590	2261
9794	5986
3602	6466
9710	1133
817	2676
2290	4889
5251	5158
61	7804
8842	6920
9676	9958
3944	9513
3387	4670
7341	8181
5099	4682
6247	4077
7969	5836
2689	7762
8174	2642
579	7883
3774	1395
558	6064
2635	2161
7573	9048
6316	6414
5967	2344
6371	6262
8208	9758
932	1900
4290	6030
6581	537
6459	4549
2724	5499
2310	897
8141	2889
5131	1914
635	5689
4329	9622
4201	1902
8669	6868
8315	987
9211	1038
7248	7418
7147	4531
9318	1436
6913	2250
1972	3371
6799	4696
8869	5460
1944	7009
4700	7075
5275	5335
9115	9603
1308	3315
1504	9976
182	6171
7314	5745
3560	913
9514	706
5444	5183
8493	2356
7433	6817
2078	4231
1512	946
9690	9807
4307	4390
6881	9581
6076	5995
9183	7383
5661	7039
3710	2195
3209	1023
7939	6768
8287	7452
3825	3730
2635	2317
2437	6419
9133	4514
649	6996
1812	6690
3155	2470
1079	35
2050	3506
2382	7584
7240	4394
974	949
2940	4182
8323	878
7301	6610
4682	7477
6691	3668
9794	9128
86	5278
9993	7086
8626	1804
3775	1780
4273	1206
8166	2674
4711	6899
6610	1951
7645	7583
9251	584
1765	7574
1462	5417
535	2495
2894	7225
2514	9039
6352	8951
668	6345
6036	5645
4500	9810
3776	5125
7367	8294
4150	8430
5192	759
380	2836
8342	5982
3420	6458
9907	1233
8226	441
79	1119
7666	8944
6509	369
7894	3529
3065	281
9173	3917
90	2949
9041	3809
1242	3190
2238	2785
3949	8969
1973	8642
4950	1744
5099	4857
9328	3324
1649	5758
795	9314
4701	7303
6035	2594
831	9099
2874	6356
3015	9315
9304	8407
9475	6897
1597	1712
6033	1897
680	8005
538	1982
9748	1988
3190	5427
1663	4838
1184	2457
504	5884
6112	6538
4829	3294
5636	4054
9649	5003
9721	5304
3409	9195
8552	1357
907	4585
3253	7938
2589	142
9919	8689
2129	3108
4115	3792
4298	5299
2600	4801
7534	8711
1338	2363
8357	3325
6416	4357
4679	6136
9661	8088
1683	8212
9444	2589
9148	9049
6878	8089
5542	6797
6777	4023
