500	245586
9747	6156
9996	3567
896	2915
4466	5320
8900	7652
7308	2925
6876	2552
5193	5562
7020	3156
6448	2073
1910	9352
5746	6614
2767	718
2972	8330
2426	4801
4849	8525
956	4844
8443	8203
4110	9260
3523	9361
6912	7182
8638	139
9733	3830
2052	3105
3337	8499
5177	1598
4202	7274
8211	3321
7991	1183
1650	6768
2335	6498
5292	3291
7694	86
1493	1803
9346	1367
1164	2609
8549	6153
2747	4633
6334	4798
7737	9671
9649	9265
1268	3850
6538	5831
3522	880
3365	5172
7648	5699
1669	9291
8989	9362
5729	6834
7517	5074
4552	5032
4034	3100
1184	6780
7733	7517
7929	1821
7187	3929
1086	4807
4131	3975
637	7652
4855	4001
2823	8854
9699	4492
8144	5040
205	224
8225	7721
5297	2776
2752	9330
2228	287
2461	6312
7804	6742
8132	1342
670	5569
6148	4800
9544	6784
2452	750
7136	5274
9603	3187
6117	4098
4578	2674
4322	2802
394	5970
1929	9498
5300	508
9784	4112
6819	3939
853	1303
5281	7875
6871	1428
2674	2766
4564	1477
3515	1699
6751	9469
4885	9219
3567	9462
1892	4240
8615	8638
209	6896
4487	1860
7403	4270
5972	574
8209	3176
1876	9841
1050	5098
1268	76
7864	5831
1552	7730
3882	4654
7199	5118
3873	7117
932	2116
1356	5898
753	7916
2793	1591
9776	6548
5861	2099
7121	421
1626	8996
261	2676
4093	7880
2751	8308
63	4302
6038	3944
8956	3236
5413	9180
352	6344
1295	8059
2242	8400
5974	1386
9990	2101
4285	2202
4199	1405
8974	5825
6752	9234
4852	7197
3466	3954
5504	3528
4607	1541
3823	9914
1128	9235
9093	7831
1931	6740
2241	524
1491	8215
1909	7832
6667	6194
6386	866
3950	5359
3042	7054
945	4245
4250	4410
8198	9753
7937	2804
7646	1759
2718	5125
7345	8162
2956	9275
1253	5196
9798	9095
9762	1707
6927	6429
4252	3312
3646	4553
5022	3039
1606	5966
7283	5855
6727	5480
1960	1015
4635	5957
2773	3704
1081	6470
8218	388
5744	9470
5584	5542
8565	1697
3600	1843
4477	4203
5154	8122
8755	6527
7512	6713
2493	4794
2567	5571
6625	878
6586	7612
6834	5710
1315	7915
2179	9532
8302	7923
5354	237
9816	3918
8286	3415
5760	2762
7617	7265
7236	2723
143	4747
9435	8987
5893	8354
4558	2517
9231	1143
128	2417
3204	7795
6683	5383
7326	1336
9657	9031
7925	9472
2948	6210
2886	5059
5323	6854
8675	8910
9576	8818
9	5363
4156	5901
3716	8713
4769	9298
6207	4897
8066	9411
9043	4748
4793	6368
6084	4449
1751	4008
3920	4698
6569	3157
6109	8243
10	1135
7153	5937
6304	7161
1299	460
9413	5014
5524	4181
664	1731
5429	8729
1141	4471
3477	2285
839	5912
6733	2589
9919	7004
3638	2839
6512	6098
1081	6521
3585	8233
2457	6240
1745	3756
3051	1157
5121	8575
5338	5784
6657	766
4513	7797
5237	4341
6433	2427
252	9517
1367	6522
6520	1356
9360	3031
3806	440
5903	3742
5025	4711
9981	6769
4818	3032
4278	9939
7958	5967
2074	4614
6732	6586
8762	8320
926	5194
7098	7529
4710	4816
4050	7581
6172	3409
611	6329
201	2865
70	5225
7575	6402
8345	2393
5785	8974
8683	3742
4940	756
8355	8024
7342	3468
6343	4619
8661	9793
2148	3370
4608	6197
950	7131
5958	7912
3459	6158
7128	9880
7734	1055
6282	2430
3447	2066
7756	8481
5808	2695
9236	514
718	2929
3982	3413
7548	8994
3205	6047
2364	7812
8595	9665
4943	904
3929	8401
7061	1056
8281	1146
2110	914
9928	1908
2979	7683
388	5138
6729	5976
5652	7447
8904	5985
859	2803
4978	4063
5201	3693
8226	3796
9710	3168
4699	3638
7921	8112
1045	2553
5609	9507
3466	5536
7766	2796
9570	4506
7934	6299
481	9937
97	9384
5921	955
8539	898
1369	3739
943	5946
7534	652
9114	8585
641	3386
6696	8037
5938	8656
3895	5755
544	1661
8550	113
6166	6483
2763	2998
2771	2859
2381	8691
165	919
5941	7885
4658	6883
3831	8543
3886	9296
7127	878
9033	174
8914	1322
5182	2809
7076	5725
821	1977
2189	3338
4812	4952
6335	7582
4162	5067
6273	679
5986	8565
8563	6995
1799	8745
1889	5684
4392	5368
6561	3424
1893	1826
4745	7074
986	8172
2798	1806
149	1339
5143	1312
6290	1477
8893	6803
6544	1517
7481	8881
81	2396
2227	1879
7492	4115
3914	1884
9482	6826
1659	1375
8652	6404
4800	9637
927	3950
7795	7427
5288	2937
8738	7929
766	3983
4731	7309
5499	8564
6189	1932
7311	4767
162	4802
8881	428
6685	4715
7253	4696
2441	2256
1099	7240
8245	8377
7541	6039
5804	2828
5327	4541
756	6092
4875	1839
9752	374
6754	2292
8657	4064
7058	5170
5217	5939
5597	1902
7005	9202
6597	9445
1457	4047
3036	6053
8775	577
8443	4578
3404	3770
5471	512
6213	345
8702	5965
7070	5455
8256	5726
5870	5314
7248	1086
7604	2844
9339	4608
2045	2287
4052	9854
2685	3439
5906	1460
4015	4349
6037	7419
8118	7859
4282	682
8204	2983
6646	5273
4789	4902
7351	7010
6567	4598
8095	4170
3793	3786
8777	2190
6072	9180
2043	5109
2618	7948
6568	6633
2296	8956
403	6765
6815	1036
7447	5018
370	444
6642	5158
5345	344
8519	8263
1293	2965
2432	5086
6750	7560
7275	9174
6739	9317
4282	9357
3616	849
2341	2264
9804	9095
5380	6618
130	9178
7987	499
9622	4629
2008	1318
4972	526
9581	2617
3490	2012
7702	6592
9572	1328
5765	2662
644	46
8370	611
7246	710
2874	3401
6156	8254
6371	6285
7431	4357
3135	7052
5337	1494
4722	6661
2019	4302
9277	1861
2665	3330
4804	2236
4657	568
1250	1652
6965	9619
2262	562
6681	1488
3962	2836
9741	6684
5473	3523
1041	8607
6927	2729
101	1648
9389	8471
5949	5017
6683	8613
8346	1486
7201	9354
