500	1230614
9363	4368
8449	3128
7722	4848
8056	5904
2346	3540
4880	6062
7709	2889
5839	2414
7290	513
5083	3910
9544	6680
1356	6234
832	7759
9555	1620
532	6903
5928	9894
1270	4376
9373	8991
5576	3781
1246	7921
7320	2477
334	1381
5366	2525
3794	9007
3037	5228
2916	2580
1907	623
5165	9090
8381	1071
709	8913
7973	2989
5158	9243
7364	4531
4585	9291
8311	5831
3564	1982
8307	3897
3362	24
6421	3508
9031	9458
5087	1946
8389	6994
8921	3554
2435	7301
4624	9496
6213	2597
2484	1371
8191	6199
2253	2775
5490	6915
4957	9053
8896	9616
2949	8610
9639	5722
2117	5021
1531	3555
3319	9919
548	2239
9824	9335
9539	800
8830	2104
9748	7665
9826	7938
3863	8430
7064	5704
5344	2021
1108	4239
1636	409
2848	7626
6130	1316
8999	7660
4871	2317
3930	1770
4555	3754
7456	445
4553	2637
8900	4300
301	8725
8589	516
7154	5652
6219	8849
7672	3679
3088	5659
4087	2287
3285	216
9955	8635
4227	1177
951	8156
2946	1857
1909	6754
8653	2813
9390	7553
3464	9691
2629	2052
6558	6135
7704	2776
4983	1727
6454	4422
7386	6892
3061	7022
7107	3015
5656	7685
4191	2958
5841	3488
4814	4101
241	3466
3266	5983
7370	6729
5673	9999
8781	2230
2485	2836
1357	7467
4562	4163
8241	1947
1054	1301
5320	4513
4315	975
2197	4857
3932	8037
4696	5097
8490	1289
4915	1755
7271	2284
8483	9295
8634	3615
7876	7470
6450	9232
4937	7364
9746	9529
9310	7152
829	982
1664	1495
8308	3860
2703	2240
8249	7398
3688	3090
8686	8602
4844	2308
7238	9678
1602	2223
9645	5829
9693	2446
5061	981
9809	1158
509	5471
8309	7689
6452	6324
9183	4759
6536	1885
3350	4784
5634	3390
4225	672
1991	5420
2979	5580
5097	933
4155	1093
6761	3847
3539	8173
1179	9699
9331	8039
5169	3991
5727	7972
315	4909
9083	6850
3145	8784
7985	8778
2173	2209
9449	516
7628	8780
6095	9076
9712	249
6521	6472
447	6411
4645	1625
6109	327
6015	7630
4317	1741
5601	983
3001	1035
7832	6145
9819	2168
1275	1991
4376	7075
2506	8355
5854	4953
3783	5565
5201	303
2037	5648
6713	3033
3624	9173
3359	5991
6802	4027
7731	8755
5010	7084
9789	9193
9580	9607
1361	854
7950	2088
7929	455
6795	3782
5407	577
5699	6960
7231	7735
8959	295
7119	8934
9467	6829
4924	2621
7207	2655
1375	8568
6090	1163
7761	5669
7122	5473
2875	5071
7560	803
1877	4354
936	3636
1282	6634
6947	8512
720	5905
5158	7838
4838	4625
1018	6114
7245	8225
5120	4971
6792	1209
6133	904
6877	9606
6376	9751
1028	288
6905	9257
4641	4193
2892	2275
826	9838
7138	7898
2094	2296
2087	6931
3272	3105
9396	6868
1329	4515
1838	4472
5723	4322
5376	8952
3928	1751
5054	1307
2038	1959
563	3031
2503	3454
1657	3328
9643	8794
7577	1736
7441	9664
5019	7064
9120	4414
3931	6800
8929	5768
1271	4651
90	2998
9954	369
4749	5008
1675	3138
3318	2238
2520	5820
2043	4176
5499	8038
9322	3076
9773	3114
9091	4791
178	8210
5557	4108
5009	4485
6228	6279
5487	2669
9277	5441
3037	377
448	1063
9866	117
9652	2386
5936	8047
2913	1434
6084	8586
4509	5856
1700	9951
6999	8229
8160	2555
2336	3168
3391	4915
5799	8877
7583	1427
669	619
8155	7468
8034	8020
7584	7685
6757	3519
5731	6022
1305	1814
4607	2165
4022	2658
2116	1020
886	275
9926	9574
9795	3316
840	5593
8544	8423
3371	5565
5393	1525
3032	3426
5896	6968
7463	9005
6838	9545
5026	8142
7711	5984
6659	1732
4994	8774
9103	2231
5400	5380
8156	5194
5047	8996
7138	9942
7418	6860
5506	9162
8384	4890
2588	632
8209	6402
9636	5046
5946	1013
9540	3656
3348	6198
1739	8341
1323	7193
6924	3074
2572	5079
8268	3970
426	1757
3912	7843
8617	9417
7005	3352
4306	5944
3983	2514
2345	9970
3912	4642
7334	9803
4650	682
2352	6388
5374	3674
9933	2297
6747	8856
3728	1366
2826	4153
9475	6737
8348	8091
6153	1704
1442	6811
7647	1777
5676	6343
8098	5939
984	5432
5741	1985
6113	8092
8373	1486
8117	4657
135	1216
3512	3862
8933	6337
4366	8407
9425	2713
6497	5578
4416	4291
8740	2062
6067	767
4756	4164
6706	2092
5947	2446
4076	2059
6890	2448
9897	5006
3456	6383
2573	6968
244	1506
9656	4609
9912	9081
3674	2761
1010	8089
3403	9749
6503	5821
6867	1258
6336	3572
3349	2283
6018	7425
693	9259
6224	589
4264	9680
6971	3189
2999	3566
4694	9006
4527	957
8086	8200
69	5447
6288	3471
1547	2790
5643	8414
400	1979
1985	3748
4261	4354
7524	4953
3612	100
1894	4228
9779	8864
7416	9129
8782	8461
8134	3308
5769	2572
1507	5838
8018	4146
5660	9565
3288	1303
7978	3687
3281	9962
3786	3893
668	7662
5197	4279
7761	7090
8506	3891
2306	5921
9371	1087
733	7504
746	6502
6427	8604
8691	4445
2749	702
361	2388
2004	8338
2426	1636
4651	2564
1880	5318
225	7077
5949	4337
4166	4454
8227	2823
6727	7597
261	3811
1452	1006
312	7879
9609	5354
8675	8710
6056	9035
7449	8059
3724	9875
6047	4726
8790	7926
6396	9014
1354	2344
9702	1872
3149	4280
4694	6227
1876	1307
38	9679
2312	6701
3909	8273
2055	8935
3334	8110
7969	7134
2520	8044
7008	8566
9122	2149
2844	1869
7514	549
564	7215
2420	3712
1494	3466
6291	9721
4772	6328
9400	3435
9380	9660
1707	1434
8595	1392
9543	2915
8526	8415
959	1885
3332	6432
4034	2527
8300	1547
3076	8863
8762	5495
8926	6607
5312	1568
6328	83
7895	2079
3518	3627
1738	1576
5060	332
2968	955
3247	7845
9369	557
9729	9052
3340	3762
1579	7991
1661	4654
6853	6774
6500	2130
3380	8164
