500	1956858
6256	7243
7814	6905
8893	6765
1705	6427
1828	9394
5141	184
2719	1556
4540	3749
4044	552
1836	5726
5116	7632
4666	4263
3032	1543
2351	8573
4691	5479
2595	7299
2722	6760
4203	7966
9877	2260
4392	1704
1653	9532
8239	723
7440	2778
4472	7835
9682	2659
9912	4797
6642	4577
9059	6025
2471	7762
4598	3514
3240	3544
812	2313
6656	1366
279	6532
9977	1022
4587	1630
6906	2825
8704	4345
5602	9527
8531	1635
8538	8442
6431	5179
9370	1842
1204	8192
9603	2153
1705	9194
2048	8868
1507	8703
234	8137
1586	210
9158	6172
8191	6063
8996	3247
6759	950
2773	1641
2584	1310
82	5367
2841	5803
7208	396
3995	6810
8900	5699
2355	947
4567	3861
6002	1152
8349	3939
1361	3859
111	5904
6273	5458
9150	9384
2759	8274
1024	5343
5936	7458
7061	8776
3260	4268
5523	7254
7429	4422
9305	9783
1720	3871
9996	4073
1374	8344
8012	9086
8554	4474
4989	4827
6283	490
4210	9042
8764	5233
736	4699
2690	7796
9826	2302
2063	5348
5907	5843
6121	5211
5625	7840
5433	5620
8265	6806
316	2628
5892	8869
7101	7232
47	9735
7722	4256
8776	6485
5841	9511
7535	4882
3658	7360
7183	2072
2707	9442
7914	8827
4652	9891
3018	6437
5510	7634
9594	2177
261	1837
7398	3713
9069	7444
3448	3142
8052	2223
5978	3892
8086	3512
5125	8095
871	8660
167	9929
8101	4432
5107	9104
4322	4476
1892	6184
2110	1486
8360	2370
9674	2109
6083	8742
9553	9530
8235	7604
8104	4212
7847	2541
7723	9323
636	4945
7982	802
1225	2434
5233	6331
7890	5907
807	9781
2090	9268
1266	6801
1637	7292
8910	4071
6033	8462
9952	620
2417	8056
4831	6615
6948	8906
5937	7583
202	271
4736	1427
9056	6321
4109	6945
2227	1267
6726	4316
534	4343
1116	2171
1634	25
2593	4019
4838	2545
4638	3606
6952	5820
220	3899
4725	2509
1482	1279
9131	2569
9057	8186
8889	3165
5131	1115
4432	8208
1782	4965
2550	9250
3487	536
5626	6080
4554	464
4976	5543
421	1927
1362	6993
2177	2439
5853	10
3717	4983
2579	2773
9520	7819
2289	1002
8934	6720
9209	7067
8037	8111
2668	1523
8646	8294
3954	9551
5109	5281
5093	5529
7207	6454
8873	5736
8892	4725
5745	8960
6059	8323
8084	5579
6142	373
6580	1427
3444	5789
4845	1480
251	7513
9355	8896
5806	9660
8446	7266
4941	9890
2794	8499
6343	1667
4234	1587
2743	9979
6898	8802
4653	4982
4380	7146
1706	7311
4924	5149
9451	6121
6629	9701
3633	5983
4948	5790
5642	3393
3055	6934
3282	2200
5433	5977
218	6018
3915	2961
2348	812
8114	3353
2145	2493
498	3850
9803	1774
8999	9254
7894	1979
5306	7878
4313	254
19	6306
9998	9425
3240	3280
7976	5024
5608	8194
1041	9522
7506	3389
6685	5619
6741	5182
4463	3590
9031	617
1715	4381
6222	5960
2711	1528
3837	7023
1781	207
9681	8130
9631	2920
7761	7607
4295	3368
2152	5335
9241	6009
5075	2278
7979	8167
7459	8793
1757	2841
9409	9823
3574	1983
5783	6284
3510	9619
9659	1642
6178	9339
9771	5808
8610	7532
9766	2904
7251	1917
8238	2844
4277	9665
5121	2255
7831	2579
1047	5939
1771	6808
5762	5344
8790	1544
7980	8651
7514	7638
6644	3691
3328	6414
9499	1937
297	5616
1192	3900
7533	5781
6743	8161
5445	1863
416	9628
793	7814
5566	2563
4621	1327
4259	9762
2870	8590
8412	6736
6227	5055
426	5906
7821	6276
4194	4469
1892	5385
8368	9424
1165	1462
7584	2962
3324	4351
2589	468
2165	8154
9383	3137
5833	9993
2899	5054
8582	7662
1789	1160
9069	2215
7065	6889
8490	7610
7709	381
2994	6077
6156	510
3890	92
3471	7214
794	2411
4033	9310
565	9767
2447	6397
9759	1697
1450	8340
5710	3239
9499	4778
1805	2915
8018	294
524	5727
7027	9869
8155	9534
379	2044
9625	201
5609	419
2612	9642
9728	9528
9408	8526
2276	5519
6574	3725
3858	2284
3315	9709
7061	1471
8975	5079
8117	5851
7157	5143
5719	5311
1028	2449
7354	653
9002	2963
7423	1613
8956	3502
7492	8363
8380	9767
3881	4953
9843	4091
7236	9510
151	649
980	9125
2079	9096
4975	9235
590	7046
4545	1618
5846	1898
8622	4847
1212	6044
2811	167
5897	302
4882	4276
6420	5114
9229	6263
5556	2816
5772	5706
3464	3103
4831	5542
2199	6157
4776	9140
3202	9320
7109	5400
7570	5730
246	5133
8125	3057
5300	4022
9710	6533
4649	6130
1646	3877
8744	7202
3045	4515
2907	6508
7617	4089
8402	6167
6598	3177
1659	6151
8849	8767
1550	2770
4497	1796
7902	8973
1204	9553
9346	7265
6085	3995
3394	4083
4223	8489
1284	7267
3003	542
127	6972
983	8528
9490	7580
8056	1148
3730	6904
9915	1632
6025	763
3427	3927
9735	982
3479	9081
8246	5916
9427	7992
9998	1
6480	7633
7268	5835
4526	3746
9158	5508
2273	8647
9439	328
9795	9521
3584	9709
1152	9608
6823	930
9886	6557
8263	9717
1989	6508
5632	7767
851	1981
7768	3683
9613	1387
5869	4138
5132	5026
5998	7404
3672	1788
4083	3466
1308	7666
9526	8811
7274	6348
6092	7159
9257	4354
3227	7597
7214	8858
5364	8064
838	9483
8098	6802
869	3966
7292	2352
8991	9641
9755	2663
1428	189
2480	9088
7855	2006
4250	1480
8353	342
4990	3961
1047	8217
1558	8260
3426	3273
2676	4264
2755	773
7417	9975
1091	1060
2326	81
700	8432
9095	8480
8620	1575
7567	6474
3580	8168
7953	8284
4861	9295
2245	5908
7511	154
4167	936
3426	3194
1551	2532
3967	5320
2506	5057
6379	4831
1489	7079
3262	584
5558	1881
2158	9476
4707	2089
3995	9011
372	8856
8305	8968
1115	2167
9121	5281
9455	2546
8475	7357
5077	8793
2676	3934
201	9055
8764	1689
