500	632185
6776	8248
3648	8589
779	6639
9170	1537
2159	1947
1762	455
7738	8483
8790	7777
4962	3722
8050	9254
9000	1970
2322	6987
9133	7943
7824	6901
8330	4195
705	5105
8794	4352
3693	9572
990	9214
1108	9500
1161	9221
6306	5250
7704	5095
3027	2665
5169	7428
8270	520
9397	591
3859	4881
4885	8034
1781	9566
2229	2485
4670	7374
3188	4714
6946	529
280	4405
28	7792
3626	2686
3041	1329
7780	2419
345	9300
6198	8614
9820	5595
5556	30
475	440
8063	8608
6358	6643
7444	1027
4017	632
2093	7314
7512	2372
8070	3892
163	8047
6577	9555
5727	4356
8326	6071
8	4523
1036	9827
6469	6591
9856	3296
3383	7918
1903	9740
4561	9346
7118	4929
6329	5562
2242	3841
7933	311
7732	4447
8358	4308
354	4084
5015	8679
6507	5022
9553	7542
4848	6022
485	1055
9317	219
5325	7571
6310	6237
6916	9779
1165	3245
5341	9758
3437	9625
6420	1168
424	1129
5475	777
1565	489
5807	8071
5511	5359
1964	6710
7732	8800
4117	3400
5370	9441
970	8031
2029	4238
7810	9545
3834	9502
9302	7270
9126	5721
8437	5901
3202	263
6677	4766
751	8835
9188	2613
546	1151
9323	8277
6303	3439
1677	1672
9231	8998
9703	1259
3235	3864
7155	7068
9717	6456
689	8842
8528	9125
4743	1729
9387	7771
2846	6490
6606	2033
9102	7151
3184	8424
1779	5838
8214	9807
7509	7444
8805	3563
5054	8391
3778	2208
5459	3494
5015	2499
8688	9895
1624	9782
7975	7362
7552	821
3851	509
2853	2953
4011	2388
7728	5790
8225	2294
5596	2086
6089	752
2000	1143
9143	2130
9702	953
5623	1069
3451	4310
963	5074
443	5289
8788	7995
6109	8990
4855	5314
8294	8866
4053	6022
1007	8630
4667	2954
7067	755
3706	9066
8249	9200
1195	4303
152	3170
5371	3602
3831	2685
5028	4274
4325	3815
8620	434
9156	3474
2099	7450
8691	6151
9823	9697
1132	4489
9003	8198
5243	2708
3616	9844
1907	4810
4146	2058
4331	5868
2011	8162
8552	7038
8787	2876
7204	7406
9661	6360
7231	8111
161	5922
4262	9983
1970	5393
823	972
9943	2417
31	3558
2260	1937
4719	6405
346	9050
2272	8709
3563	7175
5746	2349
6403	9302
6106	2415
2013	3336
526	2173
5609	1139
8507	7579
2883	9329
4902	2825
1745	4933
6382	4005
3221	1101
6761	3567
6502	9033
2275	64
2559	4372
8764	8961
25	4869
1376	2037
4556	1901
561	165
9391	9067
4095	2273
8395	8996
5098	6492
3928	1479
6848	7149
8931	3608
7067	5432
8992	5693
5495	7903
6416	610
6863	6441
5478	4590
4829	6386
2842	5390
2902	2232
808	3348
857	5555
2343	5954
2046	2623
3784	5245
6123	2715
8852	9541
4498	4196
5233	9993
2098	8000
6954	5312
792	2432
6254	5621
5169	5447
1010	8070
7679	1817
7769	4887
7371	111
840	5768
9085	4623
1012	1559
3689	6216
1099	8187
6763	2683
4531	5212
683	1484
523	1474
267	3128
3446	5435
8575	807
9856	2605
2624	7624
7491	6346
4087	4682
8466	9523
5656	5829
1082	9345
2044	2180
3883	8806
1215	8413
369	8249
6248	892
6074	6515
371	9520
8301	5297
326	4509
7901	9301
8484	1743
1999	8922
6424	464
8445	2080
6292	9526
7776	4688
8057	1658
9845	5623
70	214
3871	6317
7457	9945
9183	7827
9464	3836
3124	6141
8344	7376
5442	6827
9119	7440
5749	1894
4255	545
3973	6898
6422	1748
1585	830
9757	1430
6453	6178
7995	6675
8847	5451
6619	8029
9629	2434
1864	9104
8575	207
2832	368
3386	1950
7807	5486
195	2061
6030	4168
8958	2451
2267	6895
3280	8376
4676	6084
4553	2670
2759	3399
4472	5729
1428	452
8163	9643
9556	3089
6202	2387
3456	9587
688	7614
1424	882
9674	7453
1401	4983
6255	20
1877	5886
8395	6552
1970	9299
5573	1080
2698	6396
6808	477
6848	1322
119	2755
4410	6320
1493	4217
2258	2180
1830	33
9413	7855
7485	7166
2838	91
3537	1066
5977	8283
3970	4298
7581	5894
5377	278
2290	8536
7106	9137
9858	7225
8243	619
9896	9735
1188	8506
8266	9369
8538	4030
7224	2375
1195	6413
8817	1083
3830	1145
9365	7799
5442	3298
45	7170
9927	2334
2058	7033
7822	1915
609	2416
8885	6856
2150	6424
1713	415
5793	6603
4444	3016
5329	1991
5780	4145
3073	9609
5290	8790
3760	7083
2087	3804
605	2013
2489	2662
5397	6662
928	6005
9077	9812
2861	1226
6236	4573
7992	8380
1175	8787
1395	6503
777	3526
7000	202
3134	8641
5343	6893
5723	7429
7048	6327
5793	9536
8988	1190
2549	9915
3546	1625
6079	2758
9202	8666
3683	3545
7045	1209
2332	4791
4064	9460
8316	1063
6013	7801
9703	1355
4694	1777
5135	8093
8104	928
3981	3443
8469	6529
9710	8366
4506	2140
1124	3707
7157	1158
7252	553
2366	5935
5343	6429
5394	10
3843	7759
7810	9897
9113	8855
1674	4248
3300	6129
1527	7280
5923	6347
3808	1984
4712	4665
4123	2187
8372	7631
3344	1975
8183	5710
7909	9877
8490	9654
9886	2333
7412	4048
2229	2877
9254	254
7124	2553
6382	5002
9832	8657
1348	9992
640	2411
4656	1115
4598	9379
8745	7941
1353	6928
2	5613
3156	8492
1619	3042
7176	9030
3441	5756
8258	2694
6010	1733
5247	8743
6734	1430
7399	4433
1421	4391
6844	2429
5505	1441
1807	4249
5733	3160
7528	5735
8772	684
4226	390
77	1401
5772	9869
3508	4029
2562	9517
2114	4160
8260	8847
5590	2010
3280	3362
6400	123
5790	1904
7915	7597
2505	3647
7108	6384
9381	2231
3419	9958
8973	3495
7710	4744
3363	1218
5124	2277
734	7237
6436	5345
2436	8377
3707	5715
8091	106
2189	3880
8362	6455
7828	7218
101	4935
9953	5834
7166	3372
2143	6138
6866	9853
7233	6581
7422	8708
8857	8155
5945	1644
