500	633093
7704	802
6218	2381
9954	115
3467	9693
5916	9869
6127	9517
7806	2556
2612	5714
6920	345
3606	8687
2153	7142
6137	5392
1661	1273
6066	9594
9314	6198
7040	7018
3351	3258
9398	3305
3372	9216
9349	9287
9084	5475
8803	3241
8031	7767
5306	1302
8111	8911
9988	6616
2405	6125
2007	4065
7397	4424
11	6710
621	7050
79	3971
307	5828
3627	31
5044	9328
5669	479
1154	824
3720	9184
8590	9025
485	3052
4288	6825
9667	6692
2949	8025
7108	6697
2448	3470
3406	9420
520	9837
9743	7178
5664	3369
3560	7059
9048	9229
7538	202
52	7609
5737	4993
6633	2574
8044	7272
9398	7711
3963	2346
2087	1071
9042	887
892	8799
306	1411
8635	48
4941	651
9769	8500
7709	8816
7728	5246
5369	4131
2854	1106
9123	5839
3679	7167
3110	3076
1229	3425
1773	3315
847	814
553	1738
5964	859
9501	4599
7258	4441
1601	7026
2940	9309
2194	7020
907	7562
1150	3760
8667	6625
5950	8697
3791	5412
1772	1371
8836	3544
1037	6034
709	1590
7771	6673
2448	7271
7623	6057
8063	9223
3083	7355
4883	1628
726	5789
5541	1875
5901	4208
4851	1850
9256	8641
3613	1028
6363	8800
923	7400
4833	7984
8989	8956
4656	7788
2578	8630
3844	641
7852	3278
7995	9086
1257	8720
4875	6798
6946	775
7357	8149
8976	6612
3141	8941
3991	9504
7740	1266
6903	2573
9249	2243
1528	3904
6382	457
8885	225
1097	6736
9855	5443
2173	1111
514	7047
7908	3812
4173	5264
1960	9501
8228	5100
8441	2218
4603	6180
3483	7857
5104	2731
6451	6631
2986	2832
7088	1870
9409	4536
4957	9263
9979	7130
6725	6844
528	4633
655	4701
6248	8966
4201	827
4066	2641
3045	5020
5172	2879
9229	276
1962	5679
3258	1299
4863	6697
9521	4271
1233	829
9885	7563
4310	6609
758	4838
7593	1413
5890	3841
378	6442
4667	795
5434	4063
2167	605
3294	1395
880	5255
3425	490
6553	4639
7186	2425
8909	4770
3254	5145
2332	7563
1754	3090
8752	9346
854	4641
9538	7583
7434	557
4730	2867
4619	6896
9824	7912
4642	7055
9518	4418
7544	2423
5409	4730
4847	4317
5851	8100
5814	8183
2015	7567
7624	766
3264	4829
1759	2802
8763	9192
3358	3492
8411	4328
6739	8234
2240	7732
5288	8109
8502	9184
531	3910
265	5378
4578	6115
3477	391
649	5491
4309	4624
2609	7573
9452	4367
374	8215
9910	83
8058	8320
4410	1149
2905	3001
5232	4545
1110	85
3728	1640
3994	344
3369	4924
6458	3198
1666	7107
8688	5975
1730	7648
3547	7534
2014	272
2100	8276
354	157
2947	4763
7657	5852
4116	9241
396	5225
9325	475
3216	9671
818	6585
4594	3627
9782	2611
733	4821
8585	2463
2469	8483
6348	834
8754	8447
9109	5459
4955	8408
222	2612
4259	4337
1852	1006
5913	7528
7832	9128
7198	5001
2064	1791
8627	8197
4402	9360
3018	9338
8174	1838
7821	4521
9023	2926
2967	4484
8385	4273
2891	4958
6884	7149
5646	5087
4506	1558
2615	2337
7037	9812
7337	5453
7955	5963
3649	8708
1674	3018
4397	9847
4855	2217
719	3878
1495	37
4713	9879
4310	7603
4836	7545
1103	481
8984	5608
8390	1598
7944	5426
7761	1632
7230	2067
3946	879
774	5620
3896	5171
1818	5103
3739	8889
5332	5233
8925	44
1463	9586
7646	2650
3483	5100
3130	2466
707	7871
4063	5002
3297	8175
6633	6878
242	6930
7756	7367
2549	8004
8889	719
3106	8980
9607	4789
4212	4883
1184	2027
4469	8829
4676	7951
280	7806
416	986
2028	830
5987	1676
9004	8971
8554	5597
5900	6309
2964	4801
664	1852
5519	121
7183	1477
4909	1395
6359	6092
9773	7179
1272	4448
1481	1551
8605	8248
8888	633
9077	1226
2308	4433
196	861
29	2448
3522	9344
3600	4185
7548	9118
4306	4730
6946	5566
2476	3304
1658	2248
483	9281
3048	8315
832	1652
6563	9719
8636	1991
945	944
6423	7492
8156	2804
6291	1677
8499	9890
2214	2398
5359	2871
7128	2304
8436	5955
1960	6445
4555	8794
5726	7602
7108	6557
5605	3670
2627	4241
5661	9923
5184	8435
3767	9691
7590	57
7720	6089
6299	9933
8486	1657
2803	1965
313	7590
4272	8624
4035	8826
7417	9760
6427	4524
2668	2031
4546	1646
6271	6558
7921	7806
4992	1687
7497	8934
1743	1568
1374	4393
1500	9859
2402	654
8176	2714
4595	2447
7689	8629
1272	5105
4740	4050
5980	3759
2432	525
1757	8703
7082	9677
2860	8426
1363	6708
7359	9457
8275	8732
3850	6126
4942	6251
3131	9469
5316	7726
8267	3004
2706	5890
8108	7446
9939	439
7556	2371
964	9312
7425	4397
8988	284
9174	6702
3344	2884
6159	1618
7967	6360
4096	9261
2610	7226
8729	4277
1303	6996
7280	4009
2885	1739
7806	9176
2177	5361
1546	9492
1025	5322
241	12
5605	9414
6714	5300
2298	9224
3270	264
5583	7365
9524	4544
942	4605
8820	2245
7952	6099
6253	836
4189	4058
11	2717
5770	7908
2209	6794
3229	8801
3158	5186
8214	6223
485	6863
5446	3754
3479	1028
7470	9354
1923	8412
3958	742
656	1909
3192	3260
9097	7380
3669	5459
6448	9438
9719	5008
2584	2947
3808	5741
4484	2022
1963	1321
5236	3760
5074	8714
4787	2544
8068	3061
7307	8377
3802	7962
6638	6993
7573	5734
724	1241
7544	3523
678	7262
8531	3261
6561	2338
5353	1044
711	7315
2364	5947
1074	3790
1012	2212
2685	5431
5272	9991
3808	5425
4304	6797
8769	1876
2530	9492
9468	6425
9367	145
39	7897
9758	6599
234	1462
3994	7297
8777	2710
3243	6202
6499	4254
4766	5535
9685	37
1877	9844
1814	6180
6640	582
4407	5521
6426	3874
1945	5792
370	1983
3688	6479
4933	273
7941	8927
7569	3069
7988	7163
9270	4486
7769	387
6372	7453
