500	631880
7456	7139
6877	8739
4651	8420
9097	7528
2007	4971
7512	5048
8169	9506
5889	7390
1766	2184
3408	7908
9946	5210
5459	6835
9286	3767
2824	2403
1860	5531
2889	9315
2669	9765
4405	7319
8184	3501
1198	6542
4823	5061
1589	2991
4566	3829
380	6331
6013	140
591	5958
1701	6049
9144	986
9816	8319
3389	1675
201	6277
7341	9221
2394	1745
6539	6929
5245	4088
3471	67
9148	1411
3057	65
5240	9789
2748	7604
6280	3338
3561	7980
9386	9056
5317	9201
7374	8705
7227	7574
1334	4567
6794	79
2663	9684
7007	7907
123	6829
7973	9270
8240	7382
5686	9831
3522	8433
7434	9801
1770	994
4132	7508
6401	9448
3060	3774
4505	287
7699	2190
1205	844
2268	3868
527	5626
8126	649
2455	6099
6270	694
9832	8307
524	9705
6740	7957
5857	4861
5302	9988
8720	1702
5787	1780
1827	291
8418	9525
8832	9622
368	1099
9841	7246
6725	7967
4246	9179
417	6867
6224	248
5173	6747
6304	8264
1055	2160
9477	2708
2147	8196
4409	7933
6327	6235
4576	4744
2111	3407
718	2478
858	558
6075	3934
8524	6672
9464	8940
3538	5687
5539	5062
8785	1842
9678	6191
353	9154
8898	2499
3701	3306
6784	6380
5892	1359
1123	8002
4765	8192
6831	5622
8750	9257
9555	3625
5928	9018
8917	5817
1056	807
878	9840
9001	555
6030	9353
6060	1279
1852	6113
4584	4987
2492	6827
6345	9966
1180	7461
8158	4362
9435	3259
3618	5341
6883	9545
711	5799
5361	1766
6606	2591
7958	1958
9497	339
1310	5557
1618	9513
1669	2553
4499	512
9380	843
477	559
8304	8634
4921	7738
8244	4890
9430	5127
787	140
7277	2499
1906	3882
5089	9863
2191	4586
6553	3501
6494	8170
3013	8162
723	7512
8673	6454
8354	5501
3364	3009
487	4636
7098	8730
9526	6528
3856	312
6667	7485
2810	4924
7718	4251
4786	9909
5188	1339
3409	1681
5860	6421
6194	2934
3932	1218
9387	8638
6718	2751
7998	3556
7386	5096
2286	3263
7975	2493
3574	993
9977	2736
5917	7695
3338	7054
7603	8525
4744	7363
6557	604
3783	2750
3537	4067
319	2924
9056	3388
2026	7053
6944	5763
8500	5581
9026	2826
4425	2599
3819	754
1686	9735
4800	1375
6788	2402
6251	1532
6116	2807
2135	6250
1908	2023
316	2226
1298	5723
1966	3323
2776	8909
9086	7627
841	8111
453	5265
7061	4271
6018	5099
4005	817
6473	792
9570	2724
8675	5685
1882	7161
1935	3790
9184	8602
2367	481
4325	4332
156	3452
9592	9241
1078	432
3703	7882
5697	763
8504	1714
5861	2508
8883	8686
9652	8452
7761	4678
489	9642
1839	8775
3431	1022
7376	2150
7854	8052
6481	8009
1503	6073
7249	8933
2856	951
3166	8552
8066	1670
6618	278
4177	5500
8963	180
303	6723
4858	7143
2717	6696
5917	6147
4069	3293
4648	1922
1344	7481
9931	9199
3553	3531
8131	6408
4482	1296
1312	8899
2965	4281
9176	3494
9780	4491
25	6434
7565	1234
3577	281
4281	9493
2780	8349
9137	7427
6623	6833
4907	6553
6031	4811
6435	513
7571	7268
8160	5234
6166	7477
9514	5342
7322	5645
6184	7346
2078	3748
8580	2006
381	2860
7851	3160
7561	6987
6938	4183
3819	8197
7087	6201
3007	3521
3065	6929
789	1225
2162	3306
8701	1675
4999	6022
3671	1182
9719	5749
1282	8298
4106	1662
7510	1956
1173	1422
8943	4462
1956	9113
2658	5394
1666	2017
8914	4730
8945	6054
5954	7459
9360	1006
5485	710
3379	9156
1892	3098
1256	9525
7747	5361
7538	1608
7317	5062
3029	2611
9523	1336
1723	2181
6729	9740
549	1995
4470	9493
8048	6775
3303	3759
7781	8788
821	7511
4295	2712
608	5550
8588	8355
910	6125
6314	8226
1186	9343
836	708
7030	8911
9240	3759
8650	6140
5753	9471
1985	152
6246	5287
263	378
426	1083
7888	4720
146	4848
269	8733
9554	7531
1209	5867
2108	2394
1561	9296
9453	8591
8206	5045
2349	3207
1184	4453
9030	3168
956	5275
4807	1218
2004	5232
8652	6243
9952	8797
1090	6572
3881	643
454	5089
2862	2562
7482	4422
1857	3287
9364	6414
8331	8064
5972	5866
2516	5001
5386	3472
6627	192
1041	8630
5423	9693
4873	1726
8489	2314
4650	2370
2957	5103
7458	5818
4016	1292
6591	5872
930	5955
8637	9260
4018	961
1477	2886
5961	6862
6357	2588
7053	3749
7569	2476
3441	8793
553	8282
1107	5202
7003	4063
6657	812
6232	672
2103	2822
6544	3032
5128	1532
8643	5498
2492	6472
8383	4805
3333	1091
7392	386
4839	1312
9213	8280
105	9765
6561	1211
1319	9915
1625	7975
726	7856
8646	9181
7029	1541
8564	8509
3073	3559
4006	1916
30	2388
6720	3362
3478	463
99	8316
1775	9311
2947	1879
5428	5859
9441	6746
5773	1065
1072	2851
5272	9717
2031	2300
7610	6946
7160	682
504	1165
8949	533
9904	5669
3895	9733
2483	3993
8049	4257
9656	7347
2487	5083
3206	1927
8180	5330
2991	9251
8180	8262
5319	6562
6914	2928
3508	425
9961	4011
1590	8910
896	7845
930	1142
7578	3412
1486	1978
4021	1141
9324	6507
2575	8881
8434	7106
563	7776
6356	5094
2390	8027
1656	5655
954	1515
6079	7267
5525	4020
6176	2772
1865	3457
3913	9442
3220	5399
1419	7240
2891	7094
3747	5466
2327	8532
8923	2889
6307	5279
7982	8696
9657	9637
4350	610
1151	6781
7876	3028
800	403
5799	2664
211	6064
2105	3431
1462	9875
670	704
6969	768
2521	5647
9299	1444
8535	5606
3074	6516
653	2730
2505	1355
9691	7
8135	7567
3034	8934
4321	5185
1598	4532
7600	54
7962	9061
6281	4983
6116	9601
5751	8637
5247	5049
80	3781
7006	9505
6648	4011
2234	9152
5365	1924
9159	9851
5842	8544
5136	163
80	3085
1046	7679
3139	9007
3091	5771
