500	2236728
6192	5604
5540	5300
9926	4714
2686	7687
1898	5007
9229	3136
8470	4248
1126	5941
1719	375
3630	3893
4340	8387
4357	1948
9613	8231
9666	9709
746	6503
180	6937
8458	5719
2236	8383
6784	1273
6069	8681
6280	1649
8168	1101
5896	9293
7042	7614
6019	671
7859	359
5409	2215
2306	1373
6797	8323
1082	7542
4825	7613
4478	3283
9683	3065
8017	6466
689	438
1498	6968
2086	9665
4421	4334
8958	1462
8299	4976
8484	6157
1686	3892
4723	343
5265	1519
8666	2698
9060	3490
6662	9889
6772	6344
9305	1141
9161	9994
1578	658
3313	3663
6674	7733
7996	1983
9194	6295
3311	4029
8803	1348
7921	3526
1691	9537
1396	356
8586	456
197	5247
6696	3321
7942	6001
4461	7102
5994	6038
4111	5658
6052	7136
3391	4048
9119	8936
6694	8781
2965	1848
128	7237
5373	1818
6773	3121
8525	5358
9928	8722
6956	6623
8394	4897
8975	2854
1998	4968
5243	2460
6978	1294
9595	368
1693	8713
9303	4738
7493	2267
6586	3973
9503	8310
5790	2627
1430	667
4336	1357
5740	7643
4332	4133
2539	3306
3338	888
4626	8580
3347	1603
9873	2942
1970	7918
8006	7624
2655	1851
6243	9240
5823	2097
3902	7964
1076	5331
4982	5411
3040	721
3054	7371
4853	1944
676	4542
9184	5301
3121	2530
6903	9346
1823	5224
7263	6181
2848	6269
4383	5442
5509	6557
7538	5762
4520	8613
1092	5854
376	4131
6574	9781
7853	7779
1724	8529
2320	907
181	5441
9789	7084
1138	7963
8659	8400
4143	7858
1020	8525
3299	6528
5081	7189
8641	5953
2153	9733
1806	2528
215	4731
8660	8068
2509	6736
2948	1181
3994	3128
2973	134
6563	4110
8097	5222
8861	8591
3079	9880
3468	2730
2760	4900
9918	1400
852	8422
7484	9009
7302	4051
92	5961
8470	2600
2696	1417
132	3042
896	3104
3175	7459
3565	1271
9032	2425
9862	8462
8657	3329
1191	1416
8228	7460
9167	5432
5882	6651
792	3183
7053	883
5495	5522
9835	8191
6938	6318
1232	4185
9422	758
7995	2986
2029	7026
1763	8242
1840	419
7922	3030
8186	2501
6842	3704
7932	9075
6706	5076
2257	3758
2310	4103
9279	8496
8645	2568
4814	6228
6753	4235
6986	4747
3572	9014
8125	1686
7255	9964
2104	5176
9345	6641
7676	6186
345	1960
5260	3402
3387	3868
7160	5696
7971	6438
4192	6615
9006	9005
2843	2110
9591	9828
3208	9514
5193	1332
1200	2447
1295	9655
3974	6992
6296	8001
3177	2992
6312	4789
6393	9698
8656	9904
1746	2978
6342	2289
9593	1699
7645	8787
3808	3587
8614	7015
3100	158
4699	4299
8956	2345
306	9281
9336	6601
7281	2513
5944	9945
3653	8688
5994	2308
8592	4091
1638	1285
6379	7582
2983	4023
6368	3142
7609	1333
156	7061
1490	4854
1359	445
7199	1664
9725	2886
4616	3357
5398	6911
9653	5402
1951	5647
4062	6894
9737	5699
8178	2468
3280	7512
2842	9647
653	451
7331	7160
3863	8820
8366	5221
5616	1916
3237	1692
4801	4204
1400	6551
7467	1053
1952	5769
3051	6013
2662	9139
1711	839
1606	4990
4702	4448
988	5354
1250	8318
2513	5112
3489	878
6684	9104
2793	6272
7147	7594
476	8547
496	4294
9599	2447
62	2649
8460	2723
1787	6522
9913	9745
7864	4614
4192	8851
6319	1793
3521	8831
6904	7009
6061	3587
2465	5205
9859	9611
9150	6686
8157	9645
7331	4107
2092	7392
3107	6903
6466	1246
3424	2730
7342	1287
3695	1533
6490	13
3325	10
5195	6580
3370	7607
6518	5834
2812	2728
1797	1961
5765	6305
1606	3095
6764	49
6838	9870
6951	9655
7467	6726
8736	4808
4365	2430
2692	854
8794	2368
7215	341
8947	584
7947	5465
2770	7110
8192	4566
9071	309
870	7028
3403	3985
7076	6593
3855	378
6247	7673
7103	4983
2481	1467
3764	5172
8672	8910
3892	5886
9250	2838
6470	3548
4654	9239
658	9198
156	6080
9506	7377
3107	9260
1362	6534
5852	5216
6911	8451
9240	365
3433	1720
1832	3548
3244	503
2457	3487
2741	8058
6324	9210
1606	7330
4800	8615
6527	4955
1046	2384
2331	4152
1643	44
7037	3847
1611	299
2297	851
663	2081
8922	8846
5628	8517
5701	4437
2003	8441
2494	4679
7650	451
2008	8801
5417	4886
3755	6462
7269	2437
6965	5263
2481	4001
9109	4091
4299	1405
1293	1314
9837	215
159	5465
8731	5859
9901	7086
4299	8746
1764	8300
9197	123
7100	4613
5008	7206
1075	8628
9643	8039
242	8475
8392	9351
8917	9042
7107	210
355	6944
424	514
8760	5506
6372	5012
8943	7023
3757	706
5322	2953
828	8774
3918	2187
5979	1344
7166	1973
5734	7408
447	4125
3110	5716
3167	216
5925	3521
3511	2700
386	8622
4557	6758
3633	3500
132	7390
4205	1805
6694	1385
578	6963
9923	2909
8306	7089
4881	4040
4496	1680
4516	7605
7395	7682
4172	3319
7555	7683
2370	7940
2656	6926
1049	6289
425	1180
30	982
9337	6723
8718	9914
3686	8640
2822	8343
5728	4055
8734	6575
5734	3250
531	3128
931	4703
6446	8485
8737	5167
6425	1392
2092	7473
7680	8869
5005	4061
6202	4341
784	4919
606	821
9910	3428
5515	1990
7482	4249
8564	3215
7498	5447
2694	4780
149	9139
3265	8885
4305	6041
6628	2748
9865	660
7968	4869
4720	4169
9209	1855
5439	6167
2675	5349
9594	4542
3690	3427
8790	8605
2993	6287
4051	5686
1066	4199
1176	682
9435	1832
6722	6063
931	2939
3074	8899
7807	7793
3067	3368
9648	4858
9534	8674
206	5479
3215	247
5257	2004
8851	4601
4642	2902
6638	2060
3452	4165
2741	2887
2348	5815
5301	3278
8753	8374
8528	2911
6166	7947
6278	2165
2804	2163
839	9361
3993	405
9607	9249
2409	8457
3849	3402
7710	6838
5461	1162
1002	8202
4048	3349
368	5700
6627	9120
4073	5154
