500	635118
3989	9207
5371	9739
4195	617
1140	4274
749	8145
130	7396
2155	2363
2900	3871
4286	2058
73	6480
6953	5209
6642	7033
8293	7687
1063	7783
3045	4154
3553	7033
9712	8923
3124	3906
5891	615
4531	2991
8759	4660
387	7266
7022	3286
7488	7659
1695	7561
4138	8647
2769	7131
2031	1061
1169	3094
5196	4213
3599	8748
7598	3310
4023	7073
7215	6265
7687	1745
9256	2797
2756	5994
62	6129
9279	7550
3787	7325
1462	4277
2323	4230
7759	4354
1642	8928
3799	6837
3140	7397
5585	737
706	5959
7809	7920
2223	5495
6016	1478
8292	5123
3823	4705
1251	3101
8606	1389
6777	67
2017	9100
648	9776
3453	2290
8703	7251
9126	8194
999	1062
8931	1704
7020	3091
5975	5595
4938	8342
3424	9581
3464	7247
637	1066
6699	9243
2454	3476
5661	823
2575	6309
598	2379
8598	5652
5981	4075
3845	6979
5137	9127
8682	8508
2218	1008
4102	3507
9349	7526
3087	9164
4772	3723
229	1470
9317	9034
1297	4978
9856	223
1286	6805
2601	6235
8808	4933
309	2653
1911	1797
1779	6944
305	348
7951	4406
206	3651
8283	3292
2814	9406
3367	3042
7228	9035
8428	8524
364	8283
8747	8001
1440	7699
4235	247
2632	896
9251	4542
2692	1030
1486	9348
7729	5788
106	7935
9439	8388
7578	2252
7794	7296
1646	5021
6331	73
3544	6694
4707	8642
4695	2498
6341	5281
2745	8972
6176	1995
9865	5220
9376	1350
4567	3457
3490	4672
7743	9280
9412	5320
1531	7205
8968	9528
8577	1650
5952	8472
8343	7011
7114	9389
9508	3454
1022	8604
8777	3549
6951	8641
5120	2678
6343	9687
2486	9832
710	228
9111	121
1900	6993
3677	867
2873	2253
2516	8824
7077	7210
5834	4190
2951	1694
3995	324
297	2771
3872	3599
7763	5344
6277	4105
5030	8762
288	2091
8990	9398
8564	7241
2743	8592
4459	5615
7197	3326
790	4273
535	6624
4814	9837
4669	8808
160	4965
7930	384
8564	5692
5727	1192
9797	7108
9953	84
5550	5294
5834	465
8886	4928
9057	3344
542	2605
6669	7683
6877	3556
4306	1690
3392	8974
6849	9904
291	1130
6639	5206
6821	8717
6397	2969
2176	2701
9405	7725
4347	1590
8190	3232
6517	3598
6576	3410
6202	9596
1092	9430
3151	1750
7471	2895
7075	4319
2798	7365
1800	5788
8922	8620
4504	1670
7941	6679
723	7345
755	5069
8934	5296
4652	5450
8893	7579
8859	1446
7175	6302
875	325
8051	8345
9571	5126
9015	8720
8842	814
4507	7764
5786	5362
9433	3726
8392	155
7422	9147
1575	6355
4442	6227
8156	3335
3805	3366
1132	7331
9667	2007
4008	7718
6703	3578
2843	2070
2298	1684
9235	3156
9447	5020
8518	5232
5097	6909
1738	2518
2407	3313
8872	6849
5891	3379
6535	6047
6744	7666
3378	6411
6024	3737
4128	2727
3666	3322
4796	5963
5005	4030
5471	804
5402	3988
2387	498
7248	4124
3016	9655
3788	8239
2855	6030
1618	9389
2077	8361
3406	1806
4771	9430
5542	5250
2156	9207
8571	3303
1522	9928
3684	3344
731	9085
3683	3117
9583	930
3592	8950
6936	3732
7188	9790
9761	5157
5530	1837
9870	8936
9994	4640
8365	1887
6242	6872
7446	4812
174	5319
4739	3857
8662	1821
9294	2344
1289	5228
9625	4881
4177	6561
8612	7716
2702	8372
9225	8232
6561	9094
3519	2906
85	1883
4793	6326
8754	2238
7490	5279
7556	8580
5487	6217
6753	4780
4912	8041
7	4536
2921	535
7448	7884
8251	150
2608	7475
4733	5520
2920	8251
8425	3004
6485	3217
9330	1590
1806	3171
6868	9361
1750	8706
1929	8502
3486	3192
2895	9844
7728	2167
379	5175
51	4981
5324	2658
8807	6408
4529	1726
4658	2953
4729	7494
6170	410
9083	4327
3580	2302
3688	1682
1008	1968
6535	4493
5160	9429
4336	9239
1596	1066
4413	7998
6046	6089
7007	4852
2496	1535
6577	3506
4487	7658
7351	7008
8067	6434
1335	7999
8735	1374
9680	6094
9693	6214
6938	4852
1995	1274
442	9942
8691	1207
7939	4737
7295	4945
5940	6142
6479	2517
5999	965
6526	3350
4325	4592
9783	5659
2590	4869
7032	8621
963	6724
1187	4252
7928	3181
5525	8369
3122	568
9575	7412
5304	3221
2356	1243
9363	5186
111	1713
2502	6636
5062	6826
7580	1196
2484	6521
2417	5867
5142	9731
2591	6328
3982	6870
5860	5859
5238	5333
6426	1165
2744	8081
4385	1451
5675	99
6636	2138
1812	9137
8773	3225
5963	2704
4421	4798
9225	3189
665	718
2919	9607
3397	6900
6476	5608
2758	8065
940	5535
9229	35
3615	9966
7837	9290
6416	4472
1427	4579
9960	6551
7804	2274
5607	8576
7072	1183
1764	4088
1900	1034
3694	1648
7933	6521
7255	7043
4585	4546
2577	166
932	2544
6483	8768
1833	2898
3239	9611
7477	9550
6161	1632
1824	1767
6559	5247
2949	4674
9334	1200
5707	9379
2847	9991
2251	6453
3385	6835
998	2314
3352	1929
4857	9834
696	3041
2732	286
2651	6560
9836	5163
4543	1659
6930	1101
3257	6230
2126	8942
3782	4184
4672	6628
526	6922
9433	3911
108	430
2576	3460
2359	7432
3293	9406
472	2376
6044	9474
5287	5879
4636	9829
3889	7917
7281	7145
4147	9406
6086	4280
9941	7109
7259	467
4030	6691
729	4137
7121	3304
3948	5831
7087	3593
1588	7558
5968	7631
7031	1255
3509	1666
7435	3749
9583	4716
893	81
473	3330
712	6766
438	7970
7232	819
4661	4312
1308	1781
3967	5255
3963	1053
8847	5550
8610	1167
3181	1992
8773	3041
9	6207
6790	5943
7274	4034
2375	4099
3716	3086
864	505
1056	4447
1324	5716
5110	2631
3848	9076
4237	4162
128	9436
9711	5089
602	9243
3432	5726
2284	3440
8284	5425
5735	5558
9458	8109
6008	9525
7547	3223
30	8602
7669	7705
669	9130
6687	868
8205	923
5029	4684
