500	1253941
3698	6059
8246	7944
8137	8115
1570	6227
9691	2982
6558	9010
3936	6156
6854	9656
3064	2934
5059	6403
3048	6637
745	4708
7642	7597
7833	494
6079	7564
8657	6128
3623	3254
4071	8111
1369	1993
4337	7411
1326	7247
2772	5261
3402	9625
1268	2818
8910	6326
5572	1957
9315	6317
3016	6956
265	848
7449	2695
8412	2457
8822	2034
5711	9245
6496	7079
1237	833
841	2562
8079	3612
4174	7832
9588	1793
7001	8497
4470	2573
454	3784
5241	9821
7092	5505
669	892
8200	5432
3349	3373
7465	9059
2617	3960
2489	205
1144	3329
9118	9222
3292	9643
3406	2879
1435	406
7727	2257
2978	8180
6040	4570
8001	9483
6427	5021
375	978
452	3723
4350	4268
9133	6967
4579	1621
3523	5723
1301	2641
1296	4592
2283	4701
3822	70
5107	1548
2326	4436
6080	8365
9006	432
7848	5432
5452	4574
6409	5903
8296	7110
6522	7428
4076	1100
5400	7599
6822	6700
6591	8118
7643	8873
2818	1464
8942	4276
9363	1267
8712	5442
5984	4069
5873	183
9500	1324
1108	2260
3578	9403
9369	99
3182	9797
7551	8581
3747	4372
5280	337
8841	2922
9209	8011
737	4503
8638	99
2121	7349
1893	4456
1417	7765
990	7268
5441	2097
9527	5370
7851	8896
1821	1032
5044	9371
9612	8790
94	1243
9126	8935
516	4686
3297	1252
9188	1934
7703	7661
5635	9595
2116	3403
3711	9458
671	9151
1554	6549
4521	9405
1796	6341
6788	6839
2063	6400
5628	2156
7642	4753
7442	4510
9439	7090
5761	4978
9024	9815
2638	1010
5761	1106
4412	9472
563	1434
8622	8468
7983	9494
7872	9778
2186	1012
6617	4248
7411	2244
2756	1404
3349	197
5913	9139
7287	8026
468	2662
4192	3106
3671	9953
563	4434
9424	1125
5868	4397
9592	3850
243	3816
9979	2428
4827	6595
3028	8589
5191	5783
9992	4891
2331	2257
4029	9617
282	4496
8630	4473
3953	8652
777	4515
3086	200
1991	5305
949	1583
5506	1191
1750	5484
3618	6576
2079	2997
5164	3621
5131	1507
8511	7462
3763	2539
7078	396
3386	5708
1221	7339
4359	1997
8205	3796
8549	196
9100	9497
8130	4605
687	9879
89	656
6454	8519
5	7969
2139	5135
5827	649
2596	5942
9539	6026
6337	2924
1733	3909
6614	2443
5906	1171
2591	806
1366	8042
302	9495
2647	7340
9373	9087
4347	2178
3957	4351
6498	6095
9486	2324
3095	2081
4617	2633
8106	954
1908	6190
1214	8522
4985	7119
9692	7575
4276	7409
5616	4577
6903	4614
8268	2627
52	2615
1156	4008
6965	7653
102	2802
6328	3196
1235	945
2180	9340
8250	4088
1882	9463
8961	3218
2934	5004
7144	7209
2412	2759
8138	5666
3725	6405
8292	128
9019	9447
4136	2336
3451	589
5137	9778
3785	6371
7074	2316
2063	5323
6403	296
4786	5363
3513	7719
366	656
1279	2777
9766	9416
4794	9842
5821	3085
9970	1191
8883	4105
9878	8685
4693	5015
8463	4829
7737	1888
7145	6151
7211	9899
2798	8348
5262	6310
2418	1979
3317	3696
4756	9435
9464	5901
9276	1636
8986	9245
2826	4220
9701	2704
2905	746
4070	7719
1926	8158
9606	5422
661	3168
5321	3458
1515	582
9768	284
2560	9436
332	3667
8870	9795
9568	4498
1430	4905
94	607
5476	9795
9662	4732
6892	83
2450	8817
8241	8408
4239	5253
1575	5911
8710	9442
6492	4829
6077	5403
4265	6408
9070	9486
6202	4989
3983	3983
6245	4077
4590	1720
223	4251
6452	7114
4334	5253
2282	8926
3660	2872
4178	1587
8782	2887
7380	1625
4068	3456
7028	8332
9864	2449
4169	2417
3789	8152
6400	33
8580	989
8104	8802
1591	4555
2267	5924
6160	900
4849	9819
3772	5378
7757	8905
4617	5136
530	8684
4944	3909
7015	1159
6357	7535
3575	6497
5686	9974
6529	4265
7314	4632
9418	8905
5539	1684
1180	1698
2584	2381
7868	2707
7758	1977
1611	2374
7112	8492
1057	8407
8752	4423
9565	5108
1958	3140
1604	3995
9465	4484
8260	6779
5468	7677
2035	1006
5713	3214
9055	8296
5594	6922
7354	3352
8898	5316
2077	2362
3808	9486
768	2559
3908	333
4019	2217
9824	1974
6212	9288
2810	823
2418	8277
4851	4452
5634	563
7666	4688
5210	3259
7961	8915
2962	3211
4231	5039
5572	4390
4524	2691
3300	4783
9375	3670
3352	5550
1996	5915
4838	4805
3089	7255
3081	7939
8059	5066
4854	5724
9753	6415
5334	4065
5330	8296
7275	5912
9686	9198
301	4209
8241	3600
5343	7615
3622	8694
9517	5617
960	4354
421	4048
7960	9853
8339	6018
4918	9544
8093	1022
5958	3427
5086	7639
1722	8713
3550	7759
7910	202
8319	6150
154	3661
117	3775
8707	9633
9391	6018
338	9811
66	4649
6015	8404
667	932
4299	5111
8305	6608
8537	3390
4247	6610
2102	4148
4368	6364
4350	2686
8865	855
2699	8981
4629	7757
4965	4019
3774	5302
181	3839
9951	6195
8594	6969
3478	2892
8431	8134
9500	6968
1523	98
9929	9977
597	649
2692	4946
9686	1556
2152	2384
6889	6780
140	1853
7150	266
3507	3682
4104	9809
6228	9050
3129	9705
8293	1559
4190	4144
4878	5713
4241	1159
2041	4838
8159	1084
6135	7844
2639	8287
6580	5879
1418	3071
4084	8568
3336	3942
8601	7440
3750	4829
2841	3230
885	1133
1140	5075
5277	2370
7139	5869
3528	9179
706	1686
6614	3193
5881	5604
1479	2460
1483	2896
5531	5566
7815	8866
9507	6416
2657	9608
7596	5497
9189	8480
6630	328
3554	8258
2697	692
4126	2576
6222	1184
613	9187
4376	6494
4791	5854
8953	6273
5101	4483
8190	9268
9701	7696
2035	2357
3655	9630
7854	2843
4461	835
3170	4367
5444	2219
1410	9569
4794	7632
752	5407
3170	1479
8252	7960
3684	7204
4232	5137
8039	2421
4404	7739
6468	2790
95	122
8771	4300
9316	3231
5134	2486
