500	2237746
6242	2645
9342	7609
1467	789
5443	6078
8124	3310
839	1972
3731	3379
4280	4152
6648	1570
4029	2913
5288	4212
7205	6471
3755	8346
4663	4314
1193	1578
696	7435
4223	6389
1395	2041
7177	3189
4470	5301
6498	5308
3624	228
5038	7904
731	8038
9473	1111
950	4761
5323	4506
1231	9077
9203	2246
9742	396
175	6789
7830	749
3177	9224
2789	6706
2412	7258
8358	5261
8918	1981
1840	307
9884	8922
8344	5709
32	5645
469	1706
6503	8051
7135	5705
6648	3228
6100	6823
6369	281
7571	9545
5856	6712
6250	4619
3969	959
9879	9238
2940	8070
9545	9175
6991	4240
4883	3375
6237	1703
1432	2739
9754	4918
4795	2753
8146	7247
9575	4514
7527	3498
410	9735
209	3012
4353	4177
3970	584
9767	3261
5005	5663
2436	1996
6254	7318
1722	2490
9021	9505
5228	5126
4423	6375
7878	8920
3621	3805
9785	7499
7302	194
7233	7510
9557	7938
8038	3527
4873	4156
3139	9877
9818	5574
8224	6072
9244	9945
4913	4616
9450	6493
6093	224
2867	322
9143	6487
4126	8927
3985	7779
5472	1218
5288	5029
5507	9678
8555	379
3833	8045
255	3
3619	4831
2426	9214
1127	7338
3829	6928
3830	9921
7151	6696
242	6293
9534	720
1571	3519
8498	7043
1088	138
2071	6594
6167	6977
3324	6351
5021	3578
6353	4991
4760	5130
4204	5887
2468	8032
2814	2649
4304	6317
5697	898
2609	5230
1617	4180
8748	6466
7574	6187
2955	9644
2780	9121
2972	6103
5472	7992
6033	8176
2983	792
3306	3538
3030	2125
1570	2196
1125	2225
8512	6821
3122	1120
2051	1090
1651	7150
3908	9224
3337	6862
5219	2468
2335	8190
8571	7806
2534	955
2333	5516
8098	1990
9053	7480
466	6974
9675	1591
5551	8186
4763	5024
5657	6813
2466	7308
315	6373
2883	3651
9586	4454
2470	1920
8995	1040
9725	1528
8346	8410
3395	2796
399	2448
275	865
5773	9949
8807	1323
8134	3569
2699	3790
6734	5164
7449	7048
1536	6684
7050	7473
1137	9519
9393	6483
6911	5469
8011	1608
3878	1405
4403	4277
204	4677
1493	5977
977	6651
3651	5462
219	6349
5604	3304
7864	3052
351	9399
6087	3752
6872	3575
9623	2616
58	6533
8084	8068
8140	1962
9472	8895
2590	9676
9923	434
2004	900
7084	2006
2713	3654
4707	8316
6958	2570
1368	3660
8321	3806
7412	1544
7381	7034
4159	7438
9918	2242
1857	4409
4203	7680
3303	3144
3707	9578
3577	5710
477	660
4068	9541
4314	8774
7857	7623
1343	5576
1282	9663
9381	5045
1206	6761
8430	5364
550	4699
3958	8758
9108	8160
6438	8762
7656	144
8339	1232
2206	5167
8244	6273
4708	8909
5046	2564
6531	6388
8139	4164
2403	7519
9209	3608
632	3990
5324	7533
8689	9281
6291	7796
3792	9080
6557	1447
9223	1248
9031	7780
6414	7274
4052	1121
6182	5449
3684	9064
8189	8174
3227	591
2045	8787
550	2676
2777	5873
6560	1465
1505	2850
5612	1649
8281	8520
3095	3856
9767	2125
1635	6181
5750	2039
3653	1931
7487	3689
994	5675
1862	573
2617	3906
9359	3167
2933	2135
5391	9493
9951	3248
8694	1914
4896	3327
434	4342
7182	6552
2819	8816
2732	8568
854	2737
6851	4693
6425	4196
6719	4638
4768	9336
4896	4127
8854	4180
2613	596
24	8916
195	5070
829	5090
8396	1262
9432	5577
7814	2250
744	6897
7169	7950
5985	4019
2642	8761
8215	5712
3399	2982
1399	4646
3460	6604
8825	2425
7200	8849
1340	7394
3918	2168
8836	2313
9782	4619
4241	3947
3220	4984
7195	388
9285	3180
4407	8278
1940	2621
3990	1690
1954	5388
6335	5414
1992	5160
7838	5543
360	5529
9288	4277
7696	8123
2941	3829
2741	3533
4127	5960
8516	1322
2700	4153
4501	7106
2430	2792
6078	6419
4482	8031
8159	816
9796	150
2327	3985
5692	2686
9513	1331
6962	3561
9454	6254
7389	8546
9786	1516
858	4654
9189	3557
8806	41
7014	1235
2832	3091
4006	7313
1121	2164
4481	917
2313	6807
1253	4356
5845	766
5686	2806
4326	1491
5412	8066
6389	5197
5933	7246
6202	1473
7154	1359
1513	4167
2594	4345
7257	2951
8009	4729
5114	8841
1997	3778
2000	3250
4485	7844
4015	170
7001	4692
8013	2412
9109	4401
3961	1394
7998	162
2866	5151
7873	4379
9317	466
5075	6573
9768	9435
1301	4881
8276	3298
8658	275
6547	3142
4470	6913
9663	1470
7956	4027
234	3416
8427	4194
4809	6424
707	4027
7926	8579
8405	7242
5396	9831
166	5163
9265	1467
6395	3892
1116	1404
518	4014
897	4987
7278	560
2809	5233
938	3042
8648	5717
7235	9809
8492	4293
3835	6418
2872	8591
3659	4619
8421	3825
9782	4037
1643	6176
4281	9110
7580	4798
3123	8476
6137	6752
5387	8945
8336	2677
1986	6983
8393	5572
3143	6884
9864	6977
3301	9087
5567	3312
3706	339
3488	3487
728	1482
6014	1360
591	9945
2509	65
4773	8645
6816	159
3941	5151
2835	2278
8485	7579
7849	1628
4463	4065
4956	7763
3151	6875
7426	6856
3565	913
6694	644
2394	2708
2003	2984
9004	4512
9400	3776
9508	6215
287	3449
7717	9473
5726	2554
7052	9927
4181	1514
3991	5488
5628	7141
2362	9406
349	5927
318	7042
6570	9064
6101	8573
2047	5105
9436	7799
8880	8943
365	5518
8743	8082
4991	4469
635	8394
747	1167
9907	4737
6654	1886
1877	9016
1291	8577
1294	7961
5619	7863
7024	1719
2787	5422
3175	8574
3220	2055
7517	3585
3924	6259
8018	8914
7079	5004
7307	7825
2522	3565
8913	5527
1803	7142
894	9445
5718	2187
7405	1336
6402	4428
9407	5540
6202	2581
4114	9421
987	7982
9357	4911
592	3726
176	7671
8729	7483
1847	7602
7399	760
3129	5553
7901	4022
4998	9970
6209	8754
1306	8962
9534	7064
4501	5735
9644	4966
1507	631
