500	2261898
6119	4255
9341	9778
5433	4555
5878	5574
2343	5675
4334	7323
714	5544
4877	6667
7334	5140
9623	5854
805	917
5033	2785
5505	7018
2679	6301
5377	5927
1974	1496
181	7667
7625	5614
2221	9855
1187	4563
5529	1872
1885	2594
3767	3114
5612	7452
8253	1586
3305	5409
2503	4689
8193	8007
1707	872
659	7083
3150	2632
4930	3330
298	8907
8943	8871
8761	6481
3433	4289
4704	1670
3235	4822
4783	8846
2273	9387
432	5578
4795	9286
6618	2987
7292	8324
210	7950
1759	3359
6933	3040
3041	3583
1946	8335
2453	706
4816	5885
1347	5871
3906	4581
693	5040
9778	2965
4426	6561
4894	9220
5846	1512
8559	9489
6187	5120
3790	7945
8479	7075
7337	7871
657	9282
6205	3109
6340	7372
5345	7686
3243	5603
8618	287
642	4747
9603	5068
7660	4497
639	9857
2360	9197
9346	8546
4317	9487
2843	9147
6561	179
7017	3569
5812	3221
3029	2151
6945	4726
6188	187
328	1157
473	7321
5904	75
2388	3563
923	3027
9771	3282
8575	9116
8180	9243
4955	1022
4741	7867
7552	1757
1436	3363
1330	816
1866	8274
5541	8053
4812	2220
9210	1636
9541	1465
8062	8280
1379	5337
7658	1149
8618	6233
6617	3149
1827	1571
4170	6568
5789	8073
4676	3576
7788	2357
4392	9653
6982	6284
4057	1793
8504	9618
9780	4396
7434	7842
2675	8812
3178	333
9961	8147
2917	2929
1296	1095
851	1817
7662	6639
6242	8690
215	4029
1046	958
33	8028
7241	4089
6172	2096
59	5952
6491	7492
145	5518
6304	3322
2202	2616
7820	1470
5544	9115
2564	6394
7284	6578
9384	3525
5267	9598
7553	2664
555	7585
691	4148
8025	3215
6243	8083
9166	9086
5575	9310
4603	8230
8983	3156
7197	6802
4625	9092
2269	3540
1837	5904
117	1220
9428	1735
7170	3332
4399	7724
7268	1441
8223	5292
4655	4466
9727	172
3551	1653
9481	4505
9882	4815
7660	3430
7969	8636
2521	6589
2175	4357
2492	8644
1928	1919
378	9097
1602	4776
6821	8869
6217	5043
4160	871
5860	3886
1043	5762
1890	6875
266	1771
8042	4277
1552	6010
9264	4072
2598	1439
4780	1441
82	6708
9711	459
5804	1312
1587	8976
180	7803
371	691
5025	2582
929	2419
8344	2818
5646	4961
941	3687
9238	2492
6048	4853
2916	4997
6291	4047
6437	2724
7106	6147
9535	2910
3810	1121
8237	3989
5275	4959
1031	299
7541	1959
2718	5884
1129	4715
844	2069
8401	6433
912	4448
1286	179
5796	3928
4226	2232
3004	1331
4730	8890
592	8539
6362	8829
8879	1636
139	9909
8286	7679
8220	7355
3562	9348
2069	758
7768	469
3542	5031
1268	1179
5210	7063
1459	5787
5646	814
7117	6727
9703	4061
5265	6064
9241	495
7699	9379
6756	2336
7058	4975
9691	6971
674	1759
4080	4793
8580	3974
9823	9847
5152	1384
3262	2962
7170	8907
3775	639
1986	3477
4699	7250
5892	3939
4097	9942
9669	852
2278	6726
5826	1968
49	2851
3726	4128
7643	2305
4453	3817
8504	9605
5201	1765
2566	8722
7023	2693
9360	9008
2521	410
2610	8413
700	6706
8354	369
7557	631
3446	9734
2598	3494
8936	2676
3974	2930
1332	8426
6746	9835
4382	8298
7951	3300
7020	1326
5992	6379
6685	8512
3141	9294
6924	3840
2351	1630
4208	6259
2260	7654
2344	1210
7499	1279
3885	1472
4208	5216
6250	7306
5051	6983
5603	9353
282	8974
678	6273
1705	7363
1137	4845
3008	8060
8684	1711
9689	2892
4321	8301
6897	6665
9510	4395
4295	9746
2219	4855
4961	4820
8512	6363
1802	4114
5716	2084
9440	2745
4708	1144
107	5844
5988	9467
256	4671
1177	6296
3914	5497
4596	810
8513	457
1557	9160
202	3775
366	5163
8594	8877
1525	395
9342	3592
2478	8781
6337	7186
9924	2795
9381	2263
2261	9636
6934	9789
5932	7199
1638	6879
8009	6502
7336	9565
5661	7537
9691	2378
9051	8284
1254	6928
5030	6948
519	3860
2080	3207
7397	8356
6002	6777
618	8262
6413	3903
4403	8696
1102	6040
5574	5462
2541	9261
1378	4554
6798	1068
3283	5848
5703	4537
2775	7084
7836	9646
943	9915
2852	8339
8270	8853
1468	5240
3467	4232
9142	7869
2927	6595
260	4852
8408	9152
4113	9785
57	910
7204	3340
3109	9258
4228	2236
6342	2063
1881	3636
8329	4732
1975	2951
9937	3442
8190	3403
7673	3683
7623	6951
278	4234
1802	8685
3385	2266
4822	9794
9527	8377
3133	2636
3987	7360
1223	328
5774	3103
3963	4102
7834	2289
3404	4122
2082	1593
7524	6106
5276	1498
3056	1905
5731	1210
6941	5468
9827	8114
5261	9354
6491	4745
8341	477
2104	9563
7156	4229
2665	7470
8330	6850
6111	1734
972	8192
9678	4847
4298	1305
2697	3705
3209	4779
1266	6502
246	7445
4615	1858
6798	1105
6602	1490
7933	5057
1052	1440
9285	68
8910	3967
3269	1372
2052	592
9563	8081
5439	212
9386	4487
269	8946
9265	7886
5447	5863
5330	62
7720	8479
7518	674
9968	1803
2082	7371
3242	7719
3790	8503
1685	3411
9874	88
4002	5789
8168	5792
2352	7553
278	2620
2851	9543
6858	8297
5405	2187
4710	9476
7018	8580
6501	3337
382	8583
7060	9975
2653	849
4830	4337
611	1055
776	4613
6843	5295
6756	9195
9200	3386
8166	2050
2928	5023
346	4684
3562	1408
511	579
9987	7012
3915	6720
1946	974
3046	4598
8175	7875
5286	5137
8930	2413
9749	2124
7707	2857
7670	6906
6242	5836
8955	5521
7210	5653
6556	771
7060	7066
1349	3398
429	1616
117	8726
2589	3162
3323	7115
7389	4960
2252	6318
7372	8352
4793	5079
7560	2463
8336	3801
8298	7291
5673	5507
9295	2228
2630	6354
5646	3978
6103	6074
5593	2571
4800	4534
2084	4474
8000	9472
9434	6603
2141	3157
4955	6934
4587	8866
5748	2923
2667	4045
