500	1896870
4338	4335
885	5439
3566	3715
2187	9709
7565	9249
2091	6249
531	1686
8909	9430
8512	1062
8439	7408
7610	2143
2338	1481
8197	2293
2653	5203
6296	2209
1821	6985
6543	2706
2424	109
2772	4610
6169	336
210	4611
2936	740
2648	1844
6521	7512
9257	4960
1271	6866
7102	3608
8347	1651
2253	7351
6853	8548
9560	8674
1884	2454
1379	4307
8914	502
5268	1434
837	1830
6045	124
8921	8692
8320	5442
2555	7576
6753	3825
794	206
7433	9140
1856	9685
2842	5061
4584	8753
3734	2819
1207	1464
7126	6472
1965	8745
7906	9153
6926	3950
9276	5847
8993	3947
1288	1548
1523	4392
1724	2316
4597	9156
7807	2805
5192	7000
7865	6127
5753	7950
8946	3311
9413	2423
9782	7729
7519	7687
3233	4445
7988	8860
291	3333
2807	7930
1232	4329
2321	2955
2996	6917
8463	7154
9721	6
4153	3937
2485	9905
1886	1430
9567	7650
204	9349
5378	7722
3387	8610
8518	7727
7470	8808
1059	6628
6737	8642
956	9057
1596	303
2326	6410
7456	8398
6416	1608
2335	5252
7865	572
6681	7431
8222	3236
6779	3599
7309	6518
8561	5827
4244	2382
4634	5302
9009	7723
3943	6316
3131	1890
6618	5456
8300	425
206	1067
2032	8892
6318	9896
9463	9350
3679	4036
2585	457
7635	6245
6974	2547
2071	1217
1280	6705
2870	288
779	3164
2955	3909
5054	5924
5717	9705
6348	5922
7123	4731
1165	3440
979	6979
9141	4657
1015	8077
1465	5001
4321	4791
7547	6392
2359	5178
9448	5229
1817	226
4744	4771
486	9797
7046	6202
5853	9745
8475	2975
4475	9639
2766	1805
6618	8258
6461	7632
6334	4278
8984	7007
9068	6530
9750	1426
8059	9197
3006	9875
5774	7750
4645	6259
3898	8042
2461	9751
7786	7287
9077	2260
6926	1843
4065	9895
100	6877
3878	2786
1154	2861
9792	6573
5742	9541
7999	3800
5089	7356
3674	7214
1457	4670
9824	5355
2711	8636
1457	496
5923	533
9107	2848
8727	9523
9094	5179
6400	2971
7964	3905
2183	4107
478	7924
9999	4828
1723	1439
2183	1748
8652	3640
6417	8475
5346	5479
7111	3154
5974	3033
38	1432
2232	8765
955	7677
3943	3706
647	8258
3962	2829
2364	4439
7104	8714
5618	8826
152	4153
573	5155
4144	3341
3629	9489
8819	7091
8994	1144
6475	9031
2575	8706
7795	3529
2734	8089
3586	3380
2698	7548
2560	1413
8338	9663
126	3956
4840	277
8108	1764
1783	8603
5104	5412
8091	274
8854	7084
1417	5329
6114	3992
386	261
3872	3120
4701	7458
6499	7399
1357	5411
8811	6046
1425	8937
1	2617
5565	4460
4380	7348
3062	5836
9111	7504
6109	7964
939	7526
3292	3405
1517	30
17	5388
3149	4717
9197	5999
2115	6905
1409	7278
2951	9186
6214	9303
1802	8130
115	6181
1829	3176
8368	939
7032	4477
5255	4322
2002	4898
7726	3518
4927	7742
5257	8075
2459	806
426	925
7710	1834
8202	660
7371	767
9963	9172
5249	77
1705	7077
9604	6424
8016	2987
900	9622
7309	2901
4519	5034
2770	5798
9128	4379
224	7938
5184	649
8862	9245
8835	3416
6257	6205
534	2571
1729	5782
8999	9785
2859	8602
6208	7226
7941	7108
6847	5249
6360	7717
6634	9130
3514	2113
9860	3738
50	1395
4386	5264
639	3220
8679	6895
5777	5564
9465	7505
1346	8463
7289	4204
3417	9848
7781	7709
6955	979
9309	3315
8695	5942
8796	8561
8055	8655
8650	4456
49	9387
9719	7039
8959	4749
286	4735
313	6102
8591	1658
4565	5879
2213	4333
2078	6345
2041	9033
7323	7701
8699	6017
3642	3846
929	8048
8852	9578
2504	5252
8965	8574
2290	7923
3323	2575
9009	3635
8677	7599
1644	9593
9829	208
277	1906
6552	8669
7290	226
6369	5988
2594	6362
6185	3523
4410	5036
3100	3265
287	8416
1838	2577
2690	5160
1503	1698
5146	6531
5648	3141
6123	5476
9700	2751
3734	2603
1419	1023
2828	4139
3363	5422
501	9547
5296	4910
4583	8395
8174	1221
3163	6363
3797	2204
1523	1652
254	3020
8182	5901
2513	657
7729	2212
3407	1462
4815	1178
2484	3994
5316	5846
5767	5816
1745	1062
7077	2679
5809	1602
3899	8971
7965	4048
1174	5839
5699	7779
5210	232
3680	7722
888	1408
9934	647
2869	1100
8176	1704
5093	3491
3902	860
5659	5646
1921	2735
4676	7729
4337	8574
3051	8653
2621	577
4491	4671
8355	9700
4903	8386
3774	2142
9793	3707
9140	9013
1158	7315
7069	2602
7158	970
3461	2816
2967	1734
5550	7642
5814	6238
6215	5217
4890	5188
2145	5732
6210	499
1784	7464
5237	5557
5958	1381
5615	5097
394	6772
8764	7462
9373	5921
4783	9186
8736	7749
7271	637
1742	9436
6875	4308
4652	8116
9495	3148
200	2057
9999	8335
9520	5235
243	5477
6615	2209
6926	3360
5332	5689
7173	4704
1609	1955
241	6696
6055	3863
7332	7796
9651	558
2104	654
8674	7950
3802	5225
6	3800
3559	9526
9034	153
1354	5648
2361	8279
5360	7692
3967	2532
8747	1927
839	5340
8622	3245
9202	5954
1041	8852
6511	9496
9506	1536
7445	3307
6760	3803
3458	6670
3328	2491
6822	4681
4490	9182
9312	9849
3225	3278
8733	1972
5205	5923
7311	3826
9167	2864
6131	207
8068	8994
6054	3925
529	9851
3583	3641
3653	7040
310	3332
9530	3484
4364	371
9017	3675
6572	2242
6953	5304
4213	8509
1226	7875
8686	6744
7090	1169
3303	5157
162	9356
9081	690
9206	2663
4330	2858
9702	4640
6189	5583
4475	553
5954	3491
579	8877
5732	3883
4180	6296
2391	1757
522	7429
4852	7612
8597	8154
9120	8758
7510	8201
5799	3067
7215	129
5925	3269
1120	8465
8851	5594
5369	1156
9084	5948
32	1168
9830	563
7463	8573
8671	4337
2353	3523
1948	949
1676	1067
6058	5537
5619	1856
8604	2834
8336	880
