500	1831053
5649	6880
1318	4333
6062	9806
9437	1490
9108	9589
3967	7932
8861	3232
7826	690
1841	3515
491	7642
5279	8512
2815	9616
4886	6136
1350	3401
3421	2917
9798	9069
6149	7468
9754	2210
3625	9190
3699	2732
5130	4017
7016	343
3601	1193
1032	5441
4707	7875
9434	6337
6386	8600
5952	1271
4735	3653
1024	4508
2922	7173
3576	5422
992	9681
3983	968
5223	4033
52	352
4402	7067
694	8002
8259	1726
9794	9317
9600	5579
2005	2337
4178	7956
9959	5264
7961	982
9771	7234
4507	9699
9007	1850
9379	2989
2818	4601
3373	2869
1305	7774
6287	1998
2127	897
75	1920
6565	9674
3850	8569
8362	4379
2876	8321
9643	836
5654	5765
4421	160
5463	9779
8362	1194
2767	1179
2146	6140
399	3450
265	6685
1800	2392
7581	1874
663	4145
7900	4513
2713	6261
8891	1940
4581	4885
2776	6587
650	3548
6746	6112
3327	5107
3657	2445
2637	5803
4936	3035
5604	5201
9719	7403
3944	3651
9277	4606
4147	7176
9118	3211
3436	4361
5151	4369
9245	4278
955	9894
4177	4052
2358	7503
5511	6014
6300	8147
8168	1235
7534	3772
2787	3604
1174	6730
7255	6802
7688	7753
3977	6805
7316	3765
7517	2466
8133	3114
3095	5439
9359	7271
9490	1716
1126	1352
4082	7425
5851	2249
5011	3384
2372	4150
6987	9898
879	593
6699	8566
8346	676
1723	5661
4440	5591
4478	8924
8704	7572
4362	8063
4842	203
6130	5967
1555	211
9743	7405
8812	1106
788	1183
5255	4126
1080	6133
4719	4131
1051	3064
4806	9125
5076	5597
4715	9553
4520	3419
7124	5233
7833	8317
5435	3962
636	3341
525	6730
745	9336
7835	7884
6870	3089
2010	4302
5574	6728
8432	2976
6143	3237
2100	1218
5185	6814
7122	6056
6584	4245
1288	4416
8913	3074
4730	9548
6415	5254
6278	3511
941	4112
7747	7810
3553	6108
2111	5478
9187	542
8453	5329
130	552
2898	5314
3717	19
1369	301
615	9008
1068	9527
8434	2149
9075	4848
7402	1704
4710	8342
2167	2456
2504	5719
8563	4614
1196	4101
5156	9648
9429	1637
6551	2326
3303	268
8696	1023
6920	9310
31	4339
5189	8464
6488	615
9663	241
2318	724
4935	4484
9532	7438
6555	4446
2051	4102
8547	3558
102	7975
1547	6652
6653	4849
3271	1700
5871	190
1010	2253
881	2550
716	3720
3164	6730
3960	5481
3806	5246
6316	3337
2683	2870
7782	1086
6972	6328
995	7073
655	2541
76	3659
7389	3347
5358	3260
9888	2719
5512	7120
5268	2580
839	8431
5661	1151
263	9466
6396	6579
9154	9079
9448	6936
6516	2771
9615	7510
6195	269
51	6271
3927	3791
5969	5637
3402	2208
8355	5266
9328	9975
4197	6518
8405	9857
7668	8668
5675	4064
1598	4828
9494	7397
8115	2361
168	7730
9870	2714
7998	6272
5336	8277
6415	7656
265	9816
9864	8619
5081	5543
4945	9277
2060	9702
5486	6080
4721	1160
6495	6318
2339	2340
3714	454
4700	233
8183	921
2947	2532
3545	8282
7160	9959
5938	7424
9774	2153
2395	4855
4047	7339
483	6106
7040	5968
8537	1760
3479	5031
4429	5818
7370	8143
2623	8421
8375	805
9342	7673
9688	2886
5955	6848
2844	8244
4271	8969
6748	3017
175	794
6708	658
3251	99
2977	1788
1859	6456
6818	2639
8625	540
781	1247
8960	5508
8403	4653
3180	8090
7538	5486
4937	6733
81	5560
2054	6828
8576	2228
7621	1635
9237	7224
1734	2214
9011	3592
5021	2180
2582	9997
2719	3363
1243	8031
5222	9645
2683	8401
7734	6573
239	9023
9657	319
4582	1710
3499	9509
3938	7471
1144	9526
4694	2877
8091	56
2820	3111
2236	5401
3107	4954
5115	701
9336	336
345	2019
5089	4431
8591	1679
9805	8247
1997	4386
6309	1847
246	6598
5670	7741
6123	363
6969	4214
419	9788
3676	9006
1541	6783
3959	3007
3835	9647
3343	532
1665	4783
4962	6607
6461	1118
1205	4809
5503	3865
6656	2100
462	2325
9841	6585
9039	6809
798	5809
2949	825
4814	841
3959	5125
3847	7794
4771	3541
8325	2787
8323	9638
5745	4783
755	3301
9592	2609
7166	2599
4708	7627
1275	900
4211	6665
4061	1360
2474	7009
2185	3639
7849	6143
5115	8047
288	9885
1588	8612
9023	9910
8249	4767
1045	5355
8068	6988
7963	5233
5938	2671
9211	7212
9922	3422
228	3982
1133	9053
7342	9669
2692	1542
2164	7806
9589	2451
4043	1176
7415	9417
7437	2015
4184	8481
7370	8603
1820	5332
187	7757
4354	9397
1320	4276
9170	1548
4609	6655
600	1951
2675	9643
3492	4838
3801	9432
3641	4195
6959	1055
3611	4396
9421	4146
9228	6790
2748	7400
2122	9286
5156	6475
5035	6476
7102	556
4375	1711
7210	1326
13	6237
969	3504
7426	1121
9288	1066
5315	6246
8472	8925
6993	7893
3071	2573
4682	2170
9972	3155
7808	1479
5982	2842
7954	3083
3397	8680
4793	6959
6	4805
3195	7326
4661	6972
8446	300
4390	112
2897	2861
9036	9890
7105	8458
8814	8139
6980	8785
7645	4787
263	3626
3980	4569
6709	3728
3248	7853
7038	9605
9010	232
6930	22
3556	1727
321	7945
1838	3217
805	7226
9458	4262
2035	8271
8752	5366
3407	6396
6504	3670
6374	483
4590	3082
4211	4189
7286	1248
3794	2647
7832	7075
2668	1387
5154	9340
9331	3343
8909	6487
568	4718
7100	8955
2989	2203
4320	2747
8599	824
2768	1324
7658	7357
757	8220
7898	8042
5820	1691
7041	3651
5117	6060
1389	270
5400	7071
3613	660
9909	532
5377	7009
5838	4717
9211	158
3816	4161
7333	6583
5484	1342
292	6240
9562	8189
634	5381
9879	7674
5383	1347
3733	6771
1617	5484
193	1581
2495	101
8464	4224
7109	4302
5292	2672
811	9107
3184	4495
5690	8668
5836	5981
1259	5397
4169	1892
7129	399
9565	2511
1745	9650
