500	1298099
496	3168
334	386
6891	6734
1321	6877
2469	170
9613	5911
9291	4659
1112	2892
4725	2413
7091	3982
9472	4060
9853	6388
2354	6900
9059	474
539	3376
2423	1035
2895	9109
7772	9785
5842	9092
3014	8310
5614	2626
572	4904
3636	1683
7796	4712
447	4886
8693	6271
5297	4897
9010	7650
8149	8068
4475	8687
7795	3250
6073	690
2358	3844
6826	8199
2936	6191
2861	4901
5168	3432
9804	8803
1467	7599
9867	1913
8837	8559
8183	4133
9808	7193
8135	7956
1612	8961
6642	5759
2210	2715
2800	4567
2910	5977
9118	2197
2168	1978
7097	3687
1761	6901
8842	9579
851	8708
1492	6039
3618	6026
6524	3425
3218	4658
1380	1182
3618	4374
6940	2180
3440	6091
6746	6349
2067	5863
4898	586
4192	1994
4273	2305
8894	3114
1883	6097
8173	9726
2135	1790
5752	8658
5215	5321
9667	2946
6502	9637
3671	9793
1816	3462
5883	8561
9811	4302
776	4708
4887	1319
3053	5511
3623	8299
4976	1858
4395	3148
1583	6529
1290	7334
1539	6504
2655	1205
5801	5508
841	5824
5301	2656
9285	7535
7569	5447
1836	8344
6506	3075
9662	9559
4937	9637
7857	9913
1494	2251
9412	3076
5131	701
410	6669
3556	9416
4226	5709
4923	5066
1532	6575
4074	816
4110	1642
6263	2297
9985	2768
1723	5998
8678	6660
5634	6534
2924	7127
5136	8687
6555	267
9388	6964
3287	9295
2731	7512
5003	7653
8930	6534
4228	3003
3702	4689
4644	9964
3337	980
9083	1412
3329	7761
4423	8963
646	3698
2441	5782
2384	8995
2400	1771
2310	5686
1066	5040
9550	6068
9045	8479
8954	9624
1481	2655
664	2476
8970	4000
9807	4404
1763	3135
8516	6185
8449	9162
9882	7242
1295	2266
6236	3694
388	4898
5731	1453
6289	5280
3873	5333
110	9178
4956	1590
1832	1971
417	7153
5971	223
1556	7733
9710	72
270	8158
9233	151
5399	6879
2416	7987
572	2804
2884	2654
608	5524
4286	832
857	4395
9	2164
2337	8192
4135	2753
5344	6457
9328	6900
541	9037
6971	810
7194	2555
961	2593
5785	9728
6931	2708
8883	6166
5361	5843
1689	9646
6674	2545
393	3035
1061	2729
1226	1547
5481	6570
8003	4808
9821	8543
3844	3143
9353	7390
2049	6665
6334	7833
2744	3264
540	1627
9429	5900
7469	1117
1898	494
14	2290
3528	7426
1370	4754
8972	6850
7675	6974
8010	7495
1868	8205
637	7572
1946	9037
4236	8279
6869	3332
7894	7408
4958	3674
9659	8778
1143	1556
5623	7508
197	5503
4933	1566
256	256
4768	4282
7229	9129
8128	5448
3685	5116
3020	5631
4152	3607
261	1020
6938	4507
8427	8247
8180	4437
3376	5674
2345	8999
3181	2541
4501	4465
459	1108
4720	1578
5389	8300
7058	9868
3748	742
4983	3119
2724	9134
6725	2985
153	15
7491	4931
8261	2022
9367	7989
7696	1711
6987	7228
604	7839
1693	7414
8946	6412
8991	686
4712	2400
553	4811
3141	5535
7929	2217
1020	4653
5201	1172
1019	9043
6102	5632
7416	1820
3620	1463
9883	6958
8691	486
4796	6735
7899	93
3146	3241
778	4209
5640	7682
9019	5132
9568	6947
7348	587
7952	8900
8110	5322
4294	563
953	8062
2382	4572
9524	2264
1529	4566
2749	6324
7652	6999
6416	798
6591	3545
1358	8582
7578	6729
66	7145
27	3765
7731	7978
9017	5840
3300	3310
6402	604
7723	5136
5176	3599
7399	3056
4516	6500
5732	2168
9850	2147
9317	2793
2044	674
1374	9621
7402	1439
6766	7429
1556	848
1758	572
3040	1409
233	9441
2013	7956
928	3540
1554	8327
6595	2421
1178	2326
4588	1027
825	3904
3819	9220
4578	1545
8840	8331
9335	1957
2111	890
9157	221
1461	2196
7981	1694
7988	9993
6001	8916
9884	3906
3594	6479
6326	4771
5156	914
2149	5980
4817	2320
5199	5746
216	391
429	9550
8699	8891
440	7855
5463	8252
50	3444
6297	8038
9788	2297
3305	9672
2554	6898
6150	8880
8020	7657
6145	168
3637	7313
8839	5187
3059	9054
1929	9839
8604	628
5081	5395
8482	544
9998	8532
3987	6295
2921	126
4943	6225
9797	7497
9474	2298
6376	7493
9955	8872
4012	9943
6184	2851
5129	9242
1904	7058
5432	6859
7685	513
8605	2518
7408	8603
1049	7746
1249	321
7871	6191
2897	7668
39	2370
9965	2766
9862	6271
1637	3874
6213	7821
3076	7694
7062	1331
1103	8846
8190	5139
5710	3146
7656	3117
8100	5057
862	5700
5377	8732
1891	8274
2751	8281
6995	9068
1047	6857
5338	2683
7082	7903
503	157
5596	3917
1487	6698
2762	6028
1836	8471
5526	9491
7939	3625
899	8800
9325	6276
3883	7567
901	2986
5847	7895
2053	6893
1103	3742
9576	8184
1644	6430
4692	7239
346	6179
288	3107
8558	8475
7929	4083
7966	5867
4060	5216
1018	9736
1491	1253
7302	8743
4238	9500
6638	6290
2745	7740
31	8672
2276	8027
5101	6967
1617	5447
9497	1905
4905	8055
379	2834
2137	4696
5052	6196
9912	2422
5931	7754
3674	9584
6497	4263
5436	9486
6904	8180
3577	6934
3203	5852
1312	8303
2819	2929
101	8667
4833	5006
6721	1563
4191	5210
6259	5594
1405	2522
8015	3688
275	8040
9623	3123
2302	5058
2608	9205
9589	6185
2491	2791
8388	3802
7446	7558
3082	7546
6225	4266
2551	2945
5829	3093
8154	8439
8687	5911
7312	6701
5950	7586
1093	1924
7061	3394
3334	9668
8951	2922
2204	7793
2065	592
1594	5862
8149	1028
3407	725
5293	2310
3670	1121
5402	8175
5911	4088
437	3222
7141	6386
7160	8233
8310	4220
7978	7995
239	3280
7268	8795
1072	9332
9386	9018
5193	3886
45	4952
4611	5337
7261	4632
2810	2662
2806	8720
3102	3243
1942	6594
5980	9101
1178	641
9672	5507
8635	9910
8787	5903
5056	6210
1586	4441
5227	3131
4679	1623
8082	5641
6960	5342
