500	237037
4199	1981
6846	9126
2777	6806
1582	8126
3055	6155
4351	975
3197	6832
6276	6937
4273	8275
9536	3434
7650	8826
1843	6178
3161	4806
3896	2911
5738	8033
4638	9937
13	1483
9062	9141
4640	6996
3618	4047
9502	7969
1373	9051
4800	7649
5987	5424
2275	1874
5210	9924
7052	7052
2453	212
8209	6348
9474	3947
732	4111
3883	745
1945	9296
9885	6585
6291	3503
6983	2145
7823	8355
1195	8974
6003	3533
4398	8278
5407	5959
4553	8810
3010	3358
5373	1219
9705	4847
1517	437
5309	5399
7533	7254
1046	3769
190	7337
7271	7172
9481	1445
1878	7027
419	4233
559	1168
8862	2317
7126	3414
1126	6487
6771	6499
4057	2828
7697	5573
9616	9357
971	3500
6610	2017
7268	3151
5705	891
6674	1537
2335	8552
8563	9105
9136	9121
272	7997
1438	3749
1410	8915
236	4533
1765	4292
3712	9461
9865	9679
5170	7187
3178	1779
5555	445
1282	7611
7687	4307
5499	6374
2858	4061
5478	8345
9534	2102
6341	7323
5850	4103
6237	6085
4987	4354
6729	8698
166	2945
8376	5335
131	7905
3466	2038
4701	4747
6000	2388
9053	1499
8761	8263
5559	590
6607	5092
2691	9300
8766	8541
3402	1355
4625	8388
5708	1353
3437	5873
4297	8164
7560	780
6068	1025
9169	768
2123	5168
3155	7527
6666	8267
2141	8577
8857	5100
20	1547
4399	8786
87	4152
140	1064
2539	2199
8768	2327
4423	9417
490	1982
196	6557
3006	5716
3676	1480
883	6831
9007	3901
1449	1147
2477	305
6246	2496
1852	644
7633	8290
4795	4124
9353	3685
6322	8121
6011	745
7537	2852
9078	4084
5760	2084
9799	9436
9915	7033
6266	8921
933	4066
68	9761
4371	2665
8609	2574
9661	6241
7215	4455
6717	6568
4492	3038
1040	6854
134	4928
9706	9212
5363	5465
7647	1513
4900	7561
8545	7517
2834	5830
7935	9253
5590	2305
1917	4198
1230	1577
6791	8444
2384	3507
1363	3227
2896	2402
80	9382
3681	6137
8593	5395
7954	2591
6907	9205
6503	5452
3074	9336
7633	1008
8588	3222
3312	6857
3772	893
8433	562
9336	816
4068	699
4042	3315
9452	474
2696	3133
6610	7640
4879	915
230	1786
120	3085
3589	3193
8772	1221
4200	7360
4442	3863
4216	4565
4755	9000
5126	442
6168	5545
1140	6561
8860	6944
7034	7907
6428	9996
5547	1306
910	2128
3091	7381
5212	3031
573	3984
4251	1124
7695	5045
1338	8262
9609	2444
7261	1087
9238	3428
6631	377
9989	1842
3672	3374
9749	99
3369	5295
1405	631
7422	4495
4363	8986
7526	4936
2969	8128
2411	7015
3172	101
5276	9133
8896	8888
219	8133
2316	6849
8510	8656
8691	2181
8381	4791
8632	8102
85	36
8732	3858
882	3094
2843	4759
4381	2163
2887	3144
5529	2410
3244	804
7894	2139
9692	8112
272	8359
1313	5133
3366	6355
3665	1746
1145	2296
9847	7581
8683	4930
7790	9565
8024	6985
4323	8756
9147	3561
8251	1028
2323	7846
1831	216
9985	7874
4680	6608
2584	2344
8092	5949
5050	8108
7695	2546
6756	3893
126	5438
8823	4267
5002	3198
1251	5677
8305	6750
5589	6556
7777	4263
4401	5959
831	737
3833	1862
3696	2768
4205	1787
5069	5606
6247	2763
8151	3002
3007	4628
8439	1829
8894	9793
5026	145
1821	3331
6894	3761
6238	4670
8024	638
628	8854
1375	812
715	5070
3580	1271
3209	8648
6876	5807
7762	5026
8808	7120
6005	3598
8949	4898
9742	326
5042	1562
8	1935
5323	6245
2956	9698
3235	3584
4903	961
747	5617
2382	678
3239	5590
5677	6466
7748	9790
1491	6555
6910	7495
6505	2210
8744	6246
8887	3786
4160	8895
2072	5834
1491	1380
5531	1077
1315	433
2037	2061
2401	4419
9091	1991
6360	4767
8456	4108
4557	6298
662	7818
144	3518
27	8887
9764	8913
9024	275
4159	7448
6108	2002
8827	7990
3078	141
4774	5115
2201	3526
9533	1291
5516	5892
2410	323
9999	3318
6620	7013
1135	3115
6882	7513
2001	6645
6425	7377
6919	6936
4824	9378
8937	3650
7367	8366
3790	8492
3480	5990
2017	9364
3633	3884
5256	6042
4206	1606
9359	7177
4970	6845
291	1852
4357	8644
4848	7133
6020	8119
4068	843
7496	9356
844	1215
7722	4633
9706	7553
6974	1723
6917	6958
5606	8524
2999	6164
129	8709
3340	1451
1905	9983
9654	6261
8626	4501
9746	997
2619	165
8191	6467
9521	9034
7681	3594
18	3738
1146	6991
5460	8062
3949	7418
6585	3299
9933	3066
8360	9624
868	264
9606	521
2877	4583
5021	2622
5579	3992
2786	121
458	2306
5506	4490
2251	5523
8227	3397
2514	39
7810	2814
3808	747
6112	3740
164	823
3363	1031
1087	9321
7903	3963
3903	9275
6584	5834
3266	9369
5954	75
8027	1460
4564	277
3334	9143
25	5847
9181	4187
8660	2988
1285	1124
3079	1448
1946	2793
8830	9384
2113	6732
3346	6016
6006	6281
8201	5624
2002	506
5698	28
1965	6614
6656	5299
2108	3033
7497	1288
3571	2509
627	4855
9984	57
2654	8281
2849	1483
7665	4962
4566	7362
7329	6923
3643	5529
8898	1996
6034	4596
8375	4351
7561	1382
6001	9668
4414	3497
7307	4336
2357	4285
9190	2340
4341	1843
621	7189
9677	4637
8502	594
1998	5830
7517	1992
1358	6414
339	3744
7361	8713
8094	1273
95	4094
7292	860
3942	4598
5196	6299
8882	737
4990	9574
8932	1962
3115	8608
6598	1616
9202	4948
7446	3070
3291	5155
5835	3630
8898	9548
2342	3343
7172	2436
7436	4464
9648	1378
9061	4843
4028	4295
1931	9017
220	862
979	3334
9470	3928
1302	5023
8875	5099
4444	2166
253	6630
5795	5503
6177	4488
8845	3349
6924	2633
4164	2923
362	9576
7765	4389
3870	6047
9757	442
6909	735
3775	2730
1015	5076
4104	9889
174	8547
8406	6779
5176	552
