500	606685
4808	3808
1659	659
6395	5395
7032	6032
6842	5842
5394	4394
7055	6055
8867	7867
4114	3114
6108	5108
3938	2938
6011	5011
3895	2895
1224	224
4120	3120
10169	9169
4466	3466
2680	1680
8339	7339
3587	2587
5233	4233
9715	8715
3111	2111
7694	6694
10951	9951
6523	5523
2785	1785
3249	2249
1552	552
7097	6097
6882	5882
5359	4359
4108	3108
8628	7628
1390	390
9949	8949
9373	8373
3797	2797
7815	6815
8839	7839
8904	7904
7104	6104
3849	2849
8150	7150
3680	2680
3320	2320
3670	2670
3497	2497
5000	4000
1009	9
2435	1435
5584	4584
6075	5075
4545	3545
2277	1277
2377	1377
6419	5419
4061	3061
4626	3626
6970	5970
6510	5510
6859	5859
1328	328
9617	8617
10838	9838
1718	718
4917	3917
9211	8211
4514	3514
8083	7083
3401	2401
8769	7769
10538	9538
6249	5249
5918	4918
9569	8569
8568	7568
8588	7588
2065	1065
8919	7919
4948	3948
3499	2499
3502	2502
10022	9022
3396	2396
1130	130
1399	399
8814	7814
4191	3191
5024	4024
1136	136
6052	5052
7234	6234
1463	463
1020	20
7071	6071
8532	7532
4936	3936
1633	633
8397	7397
8370	7370
4033	3033
6165	5165
4259	3259
5633	4633
1083	83
2828	1828
9553	8553
8670	7670
10244	9244
7471	6471
2617	1617
9095	8095
6325	5325
7990	6990
7842	6842
6454	5454
8388	7388
5655	4655
5996	4996
8763	7763
2142	1142
1047	47
4996	3996
2605	1605
1066	66
7419	6419
10136	9136
1353	353
4403	3403
7533	6533
5074	4074
7436	6436
9049	8049
8333	7333
8420	7420
9131	8131
6512	5512
6972	5972
3152	2152
5755	4755
9795	8795
1120	120
3849	2849
5119	4119
8110	7110
10690	9690
6924	5924
1849	849
1697	697
1920	920
9612	8612
2838	1838
8318	7318
9959	8959
10794	9794
4736	3736
2729	1729
6282	5282
5088	4088
6132	5132
2814	1814
5514	4514
8919	7919
10862	9862
2846	1846
2690	1690
5345	4345
8357	7357
8662	7662
7496	6496
9463	8463
3808	2808
3968	2968
8664	7664
4278	3278
1077	77
8353	7353
10201	9201
1925	925
5401	4401
7472	6472
6888	5888
3591	2591
4790	3790
2199	1199
3384	2384
8525	7525
10279	9279
5017	4017
8964	7964
1762	762
6830	5830
3477	2477
9680	8680
3044	2044
1674	674
1370	370
7388	6388
5382	4382
5383	4383
10235	9235
3845	2845
8190	7190
3202	2202
1508	508
1467	467
9630	8630
5212	4212
7019	6019
6907	5907
5965	4965
3491	2491
9146	8146
4907	3907
7280	6280
10344	9344
3642	2642
1156	156
5975	4975
7659	6659
9119	8119
6736	5736
3488	2488
7948	6948
5416	4416
1883	883
8621	7621
2137	1137
4622	3622
9355	8355
2871	1871
10209	9209
8551	7551
6412	5412
8762	7762
9058	8058
6878	5878
7392	6392
9621	8621
9248	8248
3298	2298
10937	9937
1738	738
7795	6795
4843	3843
8017	7017
7139	6139
7485	6485
8172	7172
8465	7465
4143	3143
2643	1643
4200	3200
2982	1982
9590	8590
4967	3967
3865	2865
3562	2562
2455	1455
3838	2838
1916	916
4325	3325
3046	2046
9466	8466
9736	8736
10808	9808
3875	2875
1965	965
3551	2551
8848	7848
10213	9213
5848	4848
8784	7784
10950	9950
2642	1642
2627	1627
4319	3319
5132	4132
5463	4463
1490	490
8948	7948
8605	7605
9484	8484
2148	1148
10586	9586
4425	3425
6114	5114
9802	8802
6987	5987
7569	6569
2640	1640
4254	3254
7245	6245
1037	37
9072	8072
5981	4981
10844	9844
8298	7298
6945	5945
3394	2394
6145	5145
6157	5157
4593	3593
10281	9281
2459	1459
2587	1587
8259	7259
5777	4777
3070	2070
2721	1721
2618	1618
1018	18
6677	5677
1102	102
8517	7517
2614	1614
4526	3526
9982	8982
1416	416
6864	5864
2902	1902
9407	8407
6470	5470
9147	8147
5795	4795
4541	3541
4127	3127
5639	4639
8190	7190
6423	5423
4384	3384
9687	8687
1580	580
4329	3329
8967	7967
3038	2038
2267	1267
2577	1577
4166	3166
10688	9688
10649	9649
5783	4783
7057	6057
6325	5325
5884	4884
4573	3573
7938	6938
5762	4762
9907	8907
4705	3705
7977	6977
1808	808
9463	8463
3446	2446
9954	8954
4258	3258
3338	2338
9432	8432
5248	4248
10528	9528
4855	3855
4983	3983
9214	8214
1786	786
4663	3663
3532	2532
10175	9175
5929	4929
5108	4108
3340	2340
1969	969
4756	3756
8122	7122
8025	7025
10080	9080
9358	8358
7950	6950
3369	2369
10471	9471
3208	2208
3426	2426
7447	6447
4015	3015
1888	888
9893	8893
2969	1969
5145	4145
2230	1230
7752	6752
5744	4744
1757	757
1606	606
9727	8727
6322	5322
2391	1391
3389	2389
8853	7853
1565	565
4670	3670
2960	1960
10256	9256
5638	4638
3067	2067
7378	6378
9014	8014
8498	7498
2087	1087
2315	1315
10867	9867
1557	557
4522	3522
3292	2292
8003	7003
7537	6537
10531	9531
3247	2247
5857	4857
4676	3676
4477	3477
2608	1608
5771	4771
1585	585
9566	8566
4497	3497
3259	2259
10956	9956
3238	2238
1111	111
7873	6873
6907	5907
9423	8423
7128	6128
7896	6896
7841	6841
9857	8857
2261	1261
5339	4339
10943	9943
3576	2576
1557	557
7851	6851
3449	2449
3848	2848
1206	206
6337	5337
3378	2378
3452	2452
7545	6545
3405	2405
3280	2280
9153	8153
4528	3528
10217	9217
4070	3070
8024	7024
2475	1475
10377	9377
10261	9261
8937	7937
7249	6249
2519	1519
3711	2711
9729	8729
9414	8414
10552	9552
4937	3937
10675	9675
1242	242
1232	232
9602	8602
1798	798
8082	7082
2050	1050
4645	3645
8287	7287
3739	2739
3374	2374
7091	6091
10283	9283
2131	1131
9370	8370
4787	3787
5658	4658
8586	7586
7856	6856
9033	8033
6412	5412
7233	6233
4646	3646
4349	3349
9833	8833
6164	5164
3411	2411
8561	7561
10930	9930
2962	1962
8850	7850
6956	5956
3203	2203
