500	257931
8526	7526
4395	3395
1988	988
8524	7524
3374	2374
7087	6087
9147	8147
8858	7858
8990	7990
9809	8809
4480	3480
9513	8513
10739	9739
5332	4332
7181	6181
2611	1611
10889	9889
1571	571
10898	9898
10549	9549
1679	679
2437	1437
2038	1038
9329	8329
10790	9790
9133	8133
6881	5881
10525	9525
5762	4762
6384	5384
9822	8822
3287	2287
6131	5131
7162	6162
7162	6162
8504	7504
3248	2248
5308	4308
2713	1713
1237	237
10468	9468
6192	5192
6102	5102
10206	9206
10523	9523
2282	1282
8169	7169
10411	9411
2852	1852
8066	7066
6311	5311
3531	2531
9503	8503
7349	6349
8211	7211
5644	4644
1833	833
10443	9443
5168	4168
2947	1947
2179	1179
3989	2989
1585	585
7309	6309
10150	9150
7747	6747
4812	3812
8750	7750
2054	1054
6524	5524
8986	7986
7874	6874
8067	7067
10439	9439
7079	6079
3942	2942
1721	721
10599	9599
9704	8704
9924	8924
4017	3017
1367	367
2454	1454
8871	7871
4067	3067
6016	5016
3514	2514
4899	3899
5459	4459
4033	3033
6845	5845
6637	5637
3373	2373
3782	2782
2945	1945
8875	7875
10528	9528
3108	2108
6624	5624
7933	6933
4983	3983
10961	9961
4806	3806
8401	7401
10400	9400
7237	6237
1342	342
1120	120
6835	5835
10046	9046
6395	5395
9851	8851
10412	9412
4201	3201
7721	6721
3478	2478
9216	8216
6586	5586
3728	2728
3674	2674
5970	4970
5925	4925
5662	4662
8343	7343
8706	7706
7606	6606
2569	1569
8233	7233
6065	5065
8192	7192
1517	517
10047	9047
8152	7152
5323	4323
7448	6448
3903	2903
1559	559
4141	3141
10374	9374
3745	2745
3186	2186
5769	4769
8948	7948
8949	7949
8969	7969
2020	1020
7778	6778
7184	6184
7606	6606
6858	5858
6210	5210
2575	1575
1782	782
10871	9871
6269	5269
5839	4839
3829	2829
7837	6837
9423	8423
8893	7893
5028	4028
9939	8939
4292	3292
8532	7532
10613	9613
7091	6091
7786	6786
7523	6523
10231	9231
7160	6160
10268	9268
8769	7769
1928	928
8215	7215
6717	5717
9896	8896
9234	8234
9847	8847
2431	1431
2191	1191
5704	4704
7640	6640
10118	9118
2837	1837
7511	6511
5386	4386
4027	3027
6691	5691
8575	7575
2449	1449
4583	3583
8954	7954
7739	6739
4226	3226
6485	5485
7352	6352
10316	9316
9623	8623
10226	9226
9547	8547
5782	4782
9493	8493
7315	6315
6709	5709
3059	2059
9383	8383
1956	956
7645	6645
8229	7229
3386	2386
5187	4187
9284	8284
10026	9026
4304	3304
7472	6472
2888	1888
5042	4042
6850	5850
8578	7578
2616	1616
8298	7298
8512	7512
10569	9569
1389	389
1738	738
2406	1406
4092	3092
1053	53
1028	28
3317	2317
5951	4951
2161	1161
1810	810
2265	1265
7869	6869
10220	9220
7000	6000
5176	4176
3216	2216
4228	3228
7561	6561
7403	6403
8864	7864
2938	1938
7058	6058
1687	687
1177	177
1099	99
7537	6537
5106	4106
9066	8066
1186	186
8970	7970
4987	3987
1574	574
9707	8707
2744	1744
4665	3665
6111	5111
9123	8123
3334	2334
7414	6414
10283	9283
10495	9495
8678	7678
3503	2503
9714	8714
4677	3677
7678	6678
1930	930
4257	3257
10590	9590
4684	3684
8472	7472
2528	1528
10741	9741
5510	4510
9056	8056
10840	9840
2046	1046
3162	2162
5257	4257
2232	1232
7483	6483
9243	8243
9157	8157
2541	1541
7338	6338
9174	8174
7651	6651
5460	4460
1507	507
4064	3064
4742	3742
1001	1
8094	7094
7244	6244
6066	5066
8122	7122
3921	2921
3347	2347
7730	6730
3511	2511
7030	6030
5201	4201
1390	390
6771	5771
9711	8711
5797	4797
2962	1962
7108	6108
7958	6958
7218	6218
4691	3691
10792	9792
1813	813
2848	1848
2332	1332
8150	7150
1021	21
8983	7983
2610	1610
7879	6879
8398	7398
6351	5351
7879	6879
1843	843
8947	7947
9296	8296
8965	7965
8219	7219
1643	643
2046	1046
10729	9729
7672	6672
2599	1599
7470	6470
3442	2442
7661	6661
2267	1267
5403	4403
3768	2768
5576	4576
7973	6973
7459	6459
5368	4368
5137	4137
5658	4658
6699	5699
2286	1286
2030	1030
1033	33
3895	2895
8908	7908
4783	3783
5598	4598
2138	1138
5625	4625
9896	8896
10433	9433
9941	8941
7114	6114
1075	75
7339	6339
3195	2195
7747	6747
8937	7937
9664	8664
6540	5540
5597	4597
7282	6282
7295	6295
4716	3716
8210	7210
10619	9619
1174	174
2577	1577
4755	3755
2183	1183
4627	3627
6040	5040
3212	2212
1012	12
5287	4287
7471	6471
4794	3794
6236	5236
8608	7608
5770	4770
5131	4131
4393	3393
1063	63
7596	6596
10819	9819
7401	6401
9790	8790
7565	6565
5337	4337
4806	3806
9457	8457
9933	8933
7439	6439
2103	1103
3648	2648
4648	3648
1721	721
10174	9174
2576	1576
5475	4475
7708	6708
6203	5203
10514	9514
6272	5272
6214	5214
1152	152
2742	1742
6359	5359
6387	5387
6702	5702
1128	128
6869	5869
10094	9094
7542	6542
9817	8817
9912	8912
3942	2942
4958	3958
2829	1829
8278	7278
8763	7763
7637	6637
3562	2562
1554	554
8739	7739
2562	1562
5201	4201
9459	8459
8087	7087
6777	5777
3933	2933
4794	3794
8331	7331
9798	8798
10065	9065
9896	8896
6302	5302
8159	7159
1606	606
8040	7040
3860	2860
8085	7085
3909	2909
9305	8305
4627	3627
9077	8077
8216	7216
7568	6568
3034	2034
6396	5396
1198	198
10797	9797
3032	2032
3759	2759
7702	6702
10770	9770
1672	672
1902	902
5580	4580
5110	4110
4030	3030
8512	7512
5256	4256
7712	6712
3662	2662
4320	3320
6607	5607
8963	7963
7830	6830
7212	6212
6002	5002
7041	6041
4297	3297
5262	4262
5345	4345
7923	6923
3338	2338
8913	7913
10842	9842
1724	724
4308	3308
1039	39
7872	6872
2692	1692
10150	9150
4573	3573
8813	7813
7173	6173
5474	4474
3393	2393
1283	283
