500	251712
9947	8947
7178	6178
10980	9980
9604	8604
5762	4762
1460	460
3048	2048
6235	5235
9375	8375
1370	370
3373	2373
4557	3557
4229	3229
10334	9334
2299	1299
5759	4759
9570	8570
3697	2697
9066	8066
5031	4031
8097	7097
2820	1820
10506	9506
6049	5049
2267	1267
7989	6989
1592	592
5340	4340
6763	5763
5889	4889
3680	2680
5709	4709
8418	7418
10011	9011
10664	9664
9531	8531
10470	9470
2711	1711
4766	3766
5197	4197
9432	8432
3490	2490
5105	4105
2660	1660
2823	1823
6404	5404
3770	2770
7745	6745
5452	4452
1835	835
1775	775
2548	1548
3654	2654
7632	6632
3948	2948
4921	3921
4620	3620
4539	3539
9260	8260
6734	5734
5779	4779
8291	7291
7794	6794
9549	8549
7301	6301
3809	2809
8079	7079
3122	2122
1871	871
8196	7196
3670	2670
10303	9303
7038	6038
7775	6775
8314	7314
8860	7860
9530	8530
1084	84
1956	956
3981	2981
1918	918
9082	8082
5528	4528
10924	9924
5713	4713
8475	7475
4844	3844
5685	4685
8365	7365
9455	8455
7770	6770
3143	2143
3097	2097
10916	9916
1691	691
5749	4749
3724	2724
5122	4122
7870	6870
4595	3595
2317	1317
10540	9540
10249	9249
8354	7354
3666	2666
7562	6562
2566	1566
2195	1195
7645	6645
9873	8873
5175	4175
4915	3915
7955	6955
6054	5054
4838	3838
9019	8019
3528	2528
5033	4033
3703	2703
7244	6244
3487	2487
6825	5825
9386	8386
1935	935
6740	5740
6429	5429
6683	5683
5815	4815
10550	9550
3552	2552
9409	8409
1866	866
9443	8443
5009	4009
5572	4572
2108	1108
1571	571
7137	6137
3302	2302
4567	3567
6009	5009
3828	2828
8481	7481
9315	8315
8881	7881
8670	7670
7334	6334
7760	6760
2702	1702
6388	5388
10355	9355
1540	540
2212	1212
8741	7741
2474	1474
4303	3303
10521	9521
8156	7156
9118	8118
10070	9070
10708	9708
3878	2878
7287	6287
9150	8150
7887	6887
1858	858
6610	5610
4809	3809
4346	3346
5263	4263
8375	7375
5707	4707
8091	7091
2208	1208
4021	3021
2323	1323
9877	8877
6706	5706
5435	4435
1579	579
2094	1094
4789	3789
2118	1118
9657	8657
8881	7881
3592	2592
9312	8312
8401	7401
10747	9747
7429	6429
7470	6470
6806	5806
6658	5658
10109	9109
1308	308
3544	2544
7318	6318
6917	5917
7352	6352
10664	9664
1179	179
1079	79
1722	722
4621	3621
2286	1286
4742	3742
2296	1296
1162	162
6800	5800
6730	5730
8092	7092
7893	6893
6870	5870
9210	8210
2901	1901
1103	103
8153	7153
1212	212
8503	7503
4251	3251
3992	2992
1325	325
10057	9057
9650	8650
10433	9433
6716	5716
8545	7545
6750	5750
8984	7984
1249	249
2765	1765
5514	4514
1327	327
3486	2486
9135	8135
8964	7964
3580	2580
6782	5782
5477	4477
9379	8379
8863	7863
2569	1569
2623	1623
4732	3732
7130	6130
10875	9875
4834	3834
4282	3282
1087	87
8689	7689
3884	2884
10430	9430
9013	8013
2940	1940
9079	8079
4797	3797
5007	4007
2976	1976
6898	5898
2990	1990
3224	2224
8663	7663
7504	6504
9902	8902
7500	6500
1990	990
7865	6865
10079	9079
7771	6771
2341	1341
4809	3809
5633	4633
10261	9261
6431	5431
5716	4716
2742	1742
2658	1658
9550	8550
2375	1375
9096	8096
3590	2590
5259	4259
8525	7525
1602	602
3550	2550
2956	1956
1750	750
7557	6557
4931	3931
7647	6647
9546	8546
7154	6154
1661	661
6049	5049
2407	1407
8161	7161
7038	6038
9271	8271
3591	2591
10160	9160
6963	5963
7400	6400
4792	3792
2576	1576
9182	8182
9508	8508
4317	3317
10839	9839
4409	3409
5692	4692
5286	4286
6998	5998
9950	8950
2811	1811
3951	2951
8851	7851
1118	118
4700	3700
5407	4407
5048	4048
7698	6698
3953	2953
7553	6553
8359	7359
5353	4353
8959	7959
5519	4519
7743	6743
3581	2581
4461	3461
6902	5902
5895	4895
10860	9860
10694	9694
7470	6470
5394	4394
5553	4553
7139	6139
1584	584
8961	7961
8182	7182
5870	4870
4958	3958
3483	2483
7680	6680
4260	3260
1333	333
7797	6797
7959	6959
5740	4740
8196	7196
4656	3656
5044	4044
1100	100
8366	7366
9396	8396
5410	4410
2884	1884
2490	1490
7990	6990
2697	1697
8392	7392
9236	8236
2556	1556
4437	3437
5706	4706
6949	5949
8989	7989
8196	7196
3885	2885
3301	2301
5377	4377
8754	7754
3610	2610
7859	6859
5433	4433
6869	5869
4543	3543
8581	7581
10179	9179
9282	8282
2128	1128
3834	2834
9677	8677
2227	1227
7552	6552
8073	7073
6636	5636
5787	4787
9562	8562
9977	8977
7483	6483
3305	2305
8212	7212
9039	8039
6741	5741
9269	8269
1339	339
1081	81
6464	5464
4223	3223
3381	2381
7192	6192
1976	976
5990	4990
10402	9402
2760	1760
1858	858
3945	2945
6692	5692
1036	36
8578	7578
7819	6819
10222	9222
7255	6255
5397	4397
6773	5773
10679	9679
1032	32
1559	559
5592	4592
6360	5360
8042	7042
7897	6897
3572	2572
2432	1432
9989	8989
1840	840
9122	8122
10070	9070
3656	2656
2345	1345
2450	1450
9847	8847
9672	8672
7440	6440
9249	8249
7784	6784
4649	3649
8545	7545
9827	8827
4685	3685
6122	5122
2998	1998
10258	9258
2376	1376
7394	6394
6030	5030
2054	1054
3778	2778
2940	1940
2998	1998
9137	8137
9981	8981
9894	8894
8060	7060
7764	6764
8882	7882
8900	7900
5886	4886
4303	3303
7907	6907
3582	2582
5753	4753
6753	5753
2253	1253
8544	7544
1353	353
5388	4388
2192	1192
8897	7897
4215	3215
2228	1228
10371	9371
6212	5212
1485	485
8098	7098
8957	7957
2866	1866
5504	4504
1734	734
4806	3806
7501	6501
6223	5223
10138	9138
6394	5394
3282	2282
6902	5902
10627	9627
7533	6533
1787	787
10282	9282
4439	3439
10720	9720
5034	4034
6544	5544
1972	972
8929	7929
6896	5896
2712	1712
