500	1256618
1943	943
7332	6332
10270	9270
8973	7973
10989	9989
6909	5909
1400	400
1450	450
4598	3598
7566	6566
4226	3226
7273	6273
3129	2129
9489	8489
1952	952
1992	992
6377	5377
10375	9375
3231	2231
5716	4716
8204	7204
9001	8001
8697	7697
3907	2907
8764	7764
2441	1441
2753	1753
5358	4358
10263	9263
9443	8443
8954	7954
1205	205
5774	4774
4575	3575
9178	8178
2114	1114
6836	5836
5929	4929
2563	1563
10433	9433
2494	1494
5788	4788
6705	5705
10974	9974
10628	9628
4009	3009
8317	7317
6005	5005
9735	8735
10547	9547
7072	6072
3290	2290
4899	3899
4768	3768
6196	5196
2663	1663
2560	1560
7948	6948
3372	2372
1822	822
6390	5390
7677	6677
2027	1027
1163	163
1252	252
10204	9204
8629	7629
7087	6087
1484	484
10191	9191
2871	1871
9330	8330
1331	331
4927	3927
9303	8303
7310	6310
4287	3287
6620	5620
8666	7666
3021	2021
2518	1518
4737	3737
5310	4310
6417	5417
4856	3856
6857	5857
4431	3431
6415	5415
3804	2804
3154	2154
3589	2589
5545	4545
9831	8831
4615	3615
2060	1060
10082	9082
10170	9170
9688	8688
2520	1520
10653	9653
5230	4230
10742	9742
8982	7982
1912	912
4668	3668
3637	2637
4574	3574
7955	6955
5608	4608
2239	1239
9975	8975
7125	6125
2328	1328
10637	9637
8893	7893
2535	1535
6493	5493
8675	7675
4302	3302
5649	4649
10829	9829
6890	5890
6545	5545
9659	8659
10504	9504
3956	2956
5092	4092
9673	8673
2643	1643
2963	1963
5677	4677
3225	2225
2704	1704
10011	9011
10488	9488
6371	5371
2647	1647
4061	3061
9677	8677
3606	2606
5300	4300
8652	7652
9730	8730
6627	5627
4640	3640
3975	2975
4513	3513
6484	5484
1649	649
7814	6814
1132	132
7829	6829
3703	2703
3029	2029
6487	5487
3206	2206
5984	4984
6930	5930
8230	7230
7627	6627
5244	4244
2907	1907
6203	5203
6947	5947
8269	7269
5690	4690
8670	7670
9915	8915
8751	7751
7346	6346
2520	1520
3050	2050
1349	349
7601	6601
5028	4028
1340	340
6927	5927
4892	3892
6824	5824
3928	2928
1706	706
6955	5955
10756	9756
4408	3408
8983	7983
2595	1595
2966	1966
10319	9319
4876	3876
10195	9195
6945	5945
9120	8120
8453	7453
8499	7499
5066	4066
5721	4721
3188	2188
9087	8087
10987	9987
7290	6290
1785	785
8858	7858
5691	4691
2133	1133
5459	4459
6070	5070
2473	1473
7737	6737
9962	8962
8296	7296
10664	9664
10667	9667
10602	9602
10420	9420
4074	3074
4937	3937
8366	7366
2391	1391
4255	3255
2241	1241
1586	586
6551	5551
10360	9360
9038	8038
4049	3049
10778	9778
10111	9111
2588	1588
5216	4216
10097	9097
8878	7878
6000	5000
7955	6955
9920	8920
7133	6133
8765	7765
4990	3990
4957	3957
5501	4501
3951	2951
8604	7604
5165	4165
9969	8969
4557	3557
10936	9936
9394	8394
8493	7493
8301	7301
10785	9785
8099	7099
5893	4893
1370	370
10001	9001
5253	4253
5759	4759
9401	8401
1382	382
4869	3869
10989	9989
5597	4597
10318	9318
5218	4218
10597	9597
7272	6272
10489	9489
3081	2081
1388	388
4478	3478
7037	6037
2240	1240
7428	6428
4640	3640
6404	5404
2748	1748
8196	7196
2691	1691
1142	142
2041	1041
9991	8991
10926	9926
5491	4491
4884	3884
1295	295
4492	3492
5488	4488
2405	1405
2892	1892
5869	4869
6274	5274
9232	8232
6817	5817
1943	943
9801	8801
6413	5413
4566	3566
9290	8290
8493	7493
4953	3953
2767	1767
10881	9881
6192	5192
5547	4547
10872	9872
7948	6948
7294	6294
4420	3420
9638	8638
7435	6435
1812	812
4981	3981
3712	2712
6302	5302
5216	4216
4006	3006
9793	8793
9703	8703
5411	4411
8037	7037
10923	9923
7036	6036
6268	5268
6739	5739
7978	6978
5069	4069
8504	7504
1543	543
9710	8710
2348	1348
1847	847
1476	476
2229	1229
7038	6038
2374	1374
8452	7452
10337	9337
5020	4020
1871	871
8975	7975
1454	454
2682	1682
2955	1955
4166	3166
7984	6984
3522	2522
3523	2523
3128	2128
2224	1224
4285	3285
10164	9164
8498	7498
6672	5672
1784	784
10588	9588
10001	9001
2204	1204
8091	7091
6895	5895
10913	9913
5791	4791
7741	6741
7740	6740
7019	6019
10131	9131
5466	4466
10822	9822
9467	8467
9485	8485
1693	693
3793	2793
6290	5290
9726	8726
2099	1099
5807	4807
6709	5709
4620	3620
8330	7330
5189	4189
2195	1195
7966	6966
10704	9704
9692	8692
9990	8990
1487	487
9280	8280
8990	7990
9042	8042
2722	1722
4885	3885
5306	4306
7512	6512
7977	6977
2046	1046
9882	8882
7107	6107
6511	5511
9704	8704
1926	926
4995	3995
6748	5748
1070	70
6636	5636
5473	4473
2169	1169
1443	443
7534	6534
5788	4788
5124	4124
1722	722
6983	5983
2089	1089
7777	6777
2026	1026
1078	78
4616	3616
6657	5657
9068	8068
2657	1657
8379	7379
9304	8304
6963	5963
1242	242
6280	5280
4360	3360
6476	5476
8739	7739
6222	5222
1531	531
6016	5016
6568	5568
7278	6278
6085	5085
2203	1203
1750	750
7253	6253
2645	1645
4635	3635
8393	7393
6768	5768
5356	4356
10727	9727
4209	3209
2133	1133
1752	752
10638	9638
2100	1100
3761	2761
5057	4057
3756	2756
1139	139
3360	2360
6070	5070
7732	6732
4992	3992
5781	4781
3207	2207
9082	8082
1002	2
10089	9089
4097	3097
2921	1921
6366	5366
5533	4533
10476	9476
3468	2468
8138	7138
2120	1120
7102	6102
5530	4530
4240	3240
7810	6810
1608	608
3800	2800
5294	4294
8711	7711
3437	2437
6393	5393
1471	471
7494	6494
5500	4500
7961	6961
6205	5205
10570	9570
4693	3693
6548	5548
1702	702
3251	2251
4629	3629
8056	7056
2340	1340
4077	3077
9976	8976
4057	3057
8610	7610
9451	8451
6524	5524
5747	4747
6923	5923
2626	1626
6628	5628
6514	5514
