500	624831
5538	4538
9605	8605
5261	4261
10805	9805
9504	8504
8849	7849
7250	6250
10460	9460
5512	4512
3218	2218
5344	4344
9728	8728
8183	7183
7991	6991
2619	1619
5976	4976
4211	3211
7096	6096
6614	5614
4606	3606
6276	5276
6240	5240
10109	9109
7533	6533
10396	9396
6880	5880
5906	4906
6172	5172
2514	1514
5440	4440
3026	2026
7051	6051
10396	9396
3638	2638
6855	5855
8899	7899
1486	486
9456	8456
4710	3710
5997	4997
8025	7025
9053	8053
1076	76
5208	4208
2395	1395
2695	1695
6535	5535
5605	4605
5142	4142
8500	7500
5562	4562
10417	9417
10091	9091
4671	3671
3301	2301
9486	8486
6902	5902
8206	7206
1009	9
8415	7415
8997	7997
3035	2035
4465	3465
8392	7392
2024	1024
6671	5671
2642	1642
2510	1510
1479	479
2703	1703
3858	2858
8503	7503
10756	9756
3934	2934
9062	8062
2150	1150
1980	980
10948	9948
3107	2107
6121	5121
4800	3800
7668	6668
5537	4537
3890	2890
1338	338
7838	6838
8728	7728
3592	2592
1395	395
8736	7736
1006	6
9392	8392
7122	6122
4471	3471
3135	2135
4498	3498
6493	5493
1129	129
6007	5007
6971	5971
2831	1831
5216	4216
10826	9826
8938	7938
4501	3501
5239	4239
10088	9088
5480	4480
5187	4187
2194	1194
6952	5952
5338	4338
5213	4213
1489	489
8227	7227
1903	903
4678	3678
2306	1306
4494	3494
5072	4072
6394	5394
4499	3499
9815	8815
2515	1515
4321	3321
8302	7302
2364	1364
9814	8814
8430	7430
3722	2722
2136	1136
6612	5612
7938	6938
1961	961
4550	3550
7790	6790
2552	1552
9989	8989
8622	7622
6738	5738
7534	6534
4573	3573
7427	6427
1746	746
1413	413
4653	3653
2648	1648
5090	4090
5959	4959
6141	5141
5514	4514
7704	6704
5992	4992
4328	3328
5570	4570
9312	8312
7981	6981
6934	5934
4477	3477
5410	4410
9655	8655
1965	965
7374	6374
2944	1944
2925	1925
7275	6275
9734	8734
10828	9828
6263	5263
7355	6355
2917	1917
9148	8148
10927	9927
9343	8343
9893	8893
1340	340
2996	1996
7893	6893
1781	781
4306	3306
9385	8385
6294	5294
1009	9
10728	9728
5974	4974
5578	4578
9040	8040
2954	1954
7863	6863
8868	7868
3716	2716
6518	5518
9832	8832
10089	9089
8461	7461
8109	7109
6363	5363
7194	6194
7936	6936
7977	6977
9900	8900
9853	8853
6124	5124
9827	8827
4547	3547
1368	368
6518	5518
6542	5542
4612	3612
7298	6298
6199	5199
9349	8349
8944	7944
2559	1559
9076	8076
3917	2917
3489	2489
3467	2467
2222	1222
10351	9351
1335	335
1289	289
5868	4868
6518	5518
6729	5729
9681	8681
9978	8978
8443	7443
2226	1226
3266	2266
5419	4419
1126	126
8470	7470
6894	5894
6304	5304
2016	1016
3614	2614
1821	821
7558	6558
7225	6225
4470	3470
9108	8108
5573	4573
2413	1413
7019	6019
3649	2649
1681	681
9507	8507
6115	5115
9255	8255
5209	4209
2801	1801
9543	8543
10077	9077
4671	3671
5272	4272
5109	4109
3648	2648
2714	1714
6334	5334
5913	4913
3485	2485
2811	1811
9734	8734
9378	8378
8114	7114
10750	9750
8343	7343
5286	4286
3659	2659
4568	3568
5108	4108
1766	766
5492	4492
2872	1872
7784	6784
4492	3492
9905	8905
2642	1642
5959	4959
8159	7159
6851	5851
4111	3111
3053	2053
2279	1279
7781	6781
7324	6324
6387	5387
6781	5781
5390	4390
8072	7072
8045	7045
4226	3226
9883	8883
6779	5779
8955	7955
3348	2348
6528	5528
6298	5298
3986	2986
9186	8186
6217	5217
8093	7093
6303	5303
10708	9708
6316	5316
9439	8439
10552	9552
5220	4220
1080	80
1862	862
8730	7730
6930	5930
4972	3972
10783	9783
4560	3560
1753	753
3458	2458
9946	8946
3885	2885
4199	3199
3370	2370
10929	9929
7424	6424
8604	7604
3059	2059
5379	4379
7303	6303
8586	7586
10676	9676
10288	9288
3123	2123
5892	4892
3732	2732
8426	7426
1951	951
9048	8048
3216	2216
7854	6854
9619	8619
3295	2295
8715	7715
7349	6349
5577	4577
2687	1687
3483	2483
9136	8136
9791	8791
5940	4940
4434	3434
2675	1675
9139	8139
3155	2155
8955	7955
1914	914
10758	9758
1014	14
6292	5292
7060	6060
4951	3951
5967	4967
2700	1700
7074	6074
7210	6210
5431	4431
10851	9851
4513	3513
9830	8830
3066	2066
1366	366
8449	7449
1712	712
9081	8081
1149	149
2640	1640
10767	9767
3631	2631
10776	9776
5909	4909
4922	3922
10561	9561
3935	2935
9412	8412
2715	1715
1889	889
10326	9326
8824	7824
8254	7254
5617	4617
1235	235
2205	1205
6936	5936
2934	1934
4630	3630
3145	2145
3717	2717
10832	9832
6657	5657
2546	1546
2897	1897
7023	6023
6346	5346
9960	8960
1455	455
6494	5494
1600	600
1221	221
5476	4476
7727	6727
2481	1481
9398	8398
7287	6287
5415	4415
4161	3161
5353	4353
6303	5303
3486	2486
3176	2176
3557	2557
8103	7103
9762	8762
1113	113
10390	9390
1696	696
1094	94
2534	1534
4412	3412
10925	9925
4543	3543
2309	1309
9173	8173
6917	5917
7655	6655
8132	7132
7371	6371
9500	8500
5083	4083
3943	2943
3976	2976
1809	809
5423	4423
8725	7725
4447	3447
9837	8837
1885	885
8799	7799
1491	491
4371	3371
7326	6326
10399	9399
7825	6825
6088	5088
10511	9511
7214	6214
3135	2135
6956	5956
5099	4099
6546	5546
6880	5880
8641	7641
4206	3206
5052	4052
10909	9909
10860	9860
8536	7536
7279	6279
9360	8360
2618	1618
6573	5573
8687	7687
9779	8779
10995	9995
2763	1763
3225	2225
6183	5183
3647	2647
1024	24
6674	5674
3369	2369
3701	2701
6072	5072
6545	5545
8788	7788
1935	935
9110	8110
10922	9922
7890	6890
3209	2209
2819	1819
10122	9122
7201	6201
6025	5025
4173	3173
3462	2462
2236	1236
8060	7060
9740	8740
6947	5947
6030	5030
5313	4313
