500	246710
7256	6256
5538	4538
1567	567
9917	8917
5209	4209
7174	6174
4231	3231
2039	1039
9737	8737
5585	4585
8079	7079
9385	8385
6198	5198
8776	7776
6307	5307
4888	3888
6688	5688
2501	1501
5611	4611
6347	5347
2539	1539
2482	1482
4390	3390
8040	7040
6054	5054
2203	1203
4213	3213
6879	5879
10947	9947
4495	3495
7086	6086
7202	6202
5384	4384
7653	6653
2471	1471
9592	8592
10178	9178
2053	1053
6982	5982
8914	7914
6637	5637
10413	9413
7299	6299
1835	835
8188	7188
8957	7957
5722	4722
10227	9227
10457	9457
6684	5684
5573	4573
8348	7348
8165	7165
5315	4315
5387	4387
9570	8570
2869	1869
4951	3951
1800	800
2815	1815
8445	7445
7886	6886
5368	4368
2828	1828
10890	9890
3190	2190
7772	6772
10067	9067
4243	3243
3753	2753
4332	3332
6231	5231
3165	2165
6982	5982
7065	6065
6704	5704
1291	291
8138	7138
5930	4930
7099	6099
10173	9173
6855	5855
4446	3446
7337	6337
1169	169
5185	4185
2258	1258
3037	2037
9135	8135
9410	8410
1203	203
2932	1932
6295	5295
5570	4570
1111	111
6184	5184
7760	6760
7882	6882
1602	602
7354	6354
6987	5987
1285	285
2584	1584
5503	4503
7267	6267
5001	4001
1207	207
3909	2909
2138	1138
6136	5136
10007	9007
1311	311
1990	990
9805	8805
3999	2999
2158	1158
3989	2989
1609	609
10546	9546
2123	1123
10018	9018
10748	9748
10406	9406
1664	664
1670	670
10517	9517
3199	2199
8429	7429
3750	2750
3800	2800
4782	3782
9736	8736
10436	9436
2717	1717
4239	3239
6702	5702
6717	5717
10797	9797
5962	4962
4207	3207
5932	4932
4969	3969
10869	9869
6922	5922
3773	2773
10219	9219
4431	3431
6761	5761
10827	9827
3977	2977
4235	3235
6196	5196
10076	9076
9993	8993
6859	5859
10745	9745
9509	8509
9057	8057
4525	3525
8610	7610
8208	7208
4658	3658
3698	2698
7644	6644
6375	5375
6936	5936
9697	8697
2091	1091
3084	2084
4659	3659
1649	649
8015	7015
4979	3979
1517	517
10288	9288
7751	6751
10736	9736
3719	2719
9863	8863
6914	5914
3047	2047
9449	8449
2110	1110
8474	7474
8441	7441
7968	6968
8219	7219
3301	2301
2377	1377
8095	7095
10911	9911
9584	8584
1753	753
3608	2608
2579	1579
3479	2479
5895	4895
1276	276
10921	9921
7978	6978
1286	286
1570	570
4992	3992
5264	4264
8438	7438
4280	3280
8366	7366
8173	7173
3350	2350
3580	2580
4087	3087
1748	748
2028	1028
1548	548
9221	8221
5821	4821
4867	3867
2791	1791
8121	7121
6243	5243
6238	5238
8031	7031
1179	179
6990	5990
6990	5990
2757	1757
5820	4820
1884	884
9384	8384
5740	4740
8861	7861
6021	5021
2661	1661
9205	8205
10284	9284
10099	9099
8836	7836
4001	3001
3623	2623
7537	6537
6580	5580
3061	2061
4636	3636
7608	6608
3608	2608
2856	1856
2428	1428
7475	6475
10999	9999
5900	4900
9069	8069
6236	5236
2931	1931
9247	8247
8577	7577
5272	4272
7356	6356
9748	8748
6156	5156
2091	1091
4487	3487
10368	9368
7112	6112
2500	1500
4924	3924
2747	1747
1598	598
2759	1759
5748	4748
4220	3220
5647	4647
1327	327
6281	5281
9282	8282
4286	3286
8888	7888
7490	6490
2065	1065
1714	714
7488	6488
6965	5965
6135	5135
9075	8075
5247	4247
10733	9733
3003	2003
9518	8518
7088	6088
1750	750
4673	3673
4531	3531
1588	588
10393	9393
6994	5994
3087	2087
4316	3316
8740	7740
3684	2684
2427	1427
9839	8839
6904	5904
7073	6073
10166	9166
8536	7536
5355	4355
9803	8803
2775	1775
1844	844
10868	9868
9841	8841
4683	3683
6832	5832
4975	3975
9109	8109
7430	6430
4707	3707
1111	111
5947	4947
7147	6147
1860	860
5972	4972
10677	9677
8799	7799
5364	4364
3022	2022
10886	9886
8679	7679
10761	9761
3569	2569
10105	9105
5952	4952
5824	4824
2530	1530
1469	469
9711	8711
6884	5884
10271	9271
1486	486
4079	3079
6490	5490
10326	9326
4113	3113
2321	1321
10652	9652
2221	1221
5102	4102
4358	3358
2331	1331
10049	9049
10504	9504
9542	8542
5020	4020
6532	5532
7340	6340
5735	4735
8553	7553
7225	6225
3413	2413
4666	3666
6146	5146
8870	7870
9617	8617
7321	6321
6751	5751
10085	9085
6032	5032
2634	1634
5707	4707
6517	5517
2064	1064
1197	197
2194	1194
5176	4176
8869	7869
1845	845
6396	5396
2971	1971
1554	554
4078	3078
2019	1019
7410	6410
2619	1619
2390	1390
2941	1941
5310	4310
7124	6124
6846	5846
7887	6887
5888	4888
6863	5863
3032	2032
10109	9109
5479	4479
9352	8352
5859	4859
10915	9915
4383	3383
3844	2844
1973	973
6251	5251
4907	3907
2169	1169
3796	2796
5434	4434
10038	9038
10992	9992
7181	6181
8360	7360
1546	546
10258	9258
5730	4730
4307	3307
8228	7228
7119	6119
6247	5247
2538	1538
9594	8594
8444	7444
9424	8424
4481	3481
4306	3306
1455	455
3590	2590
5136	4136
6158	5158
4800	3800
1402	402
5893	4893
7644	6644
2375	1375
7495	6495
7902	6902
3543	2543
10291	9291
2336	1336
8932	7932
6634	5634
8516	7516
6291	5291
7179	6179
7774	6774
7372	6372
6837	5837
1353	353
3490	2490
2084	1084
2890	1890
8435	7435
5879	4879
7665	6665
1916	916
5537	4537
4471	3471
10857	9857
9672	8672
9629	8629
1008	8
10074	9074
4521	3521
7651	6651
1448	448
1015	15
4553	3553
10342	9342
6657	5657
2240	1240
4626	3626
2291	1291
9755	8755
6268	5268
4821	3821
2880	1880
2640	1640
10658	9658
3233	2233
1481	481
8093	7093
1474	474
8916	7916
2971	1971
8139	7139
6183	5183
7507	6507
1609	609
2391	1391
2531	1531
10237	9237
2398	1398
7956	6956
10109	9109
9049	8049
4755	3755
6476	5476
8953	7953
4096	3096
2132	1132
10192	9192
4073	3073
9774	8774
5298	4298
