500	1840560
9386	8386
3011	2011
3197	2197
2618	1618
6527	5527
3471	2471
5090	4090
8181	7181
6671	5671
1103	103
1623	623
10796	9796
8032	7032
7599	6599
8996	7996
7295	6295
3747	2747
9462	8462
8917	7917
5570	4570
6628	5628
10232	9232
9546	8546
4435	3435
10522	9522
9693	8693
6222	5222
2349	1349
2811	1811
6416	5416
9906	8906
1196	196
8427	7427
2102	1102
9165	8165
10305	9305
10925	9925
3254	2254
3837	2837
6595	5595
3356	2356
4459	3459
2742	1742
6740	5740
7409	6409
10737	9737
3034	2034
6507	5507
9198	8198
10951	9951
1077	77
1178	178
6534	5534
9622	8622
10964	9964
6056	5056
4666	3666
6185	5185
7404	6404
6476	5476
7953	6953
6309	5309
3023	2023
1731	731
3762	2762
1188	188
1035	35
3686	2686
3441	2441
3871	2871
5632	4632
2149	1149
3681	2681
7373	6373
7888	6888
10089	9089
7110	6110
6273	5273
5595	4595
1659	659
2575	1575
2023	1023
8188	7188
8109	7109
6996	5996
8151	7151
9516	8516
7014	6014
9688	8688
5919	4919
2489	1489
6640	5640
7579	6579
4512	3512
7370	6370
10340	9340
1051	51
3756	2756
3026	2026
9843	8843
2978	1978
4009	3009
10991	9991
5658	4658
10382	9382
4230	3230
1098	98
2843	1843
5855	4855
2044	1044
9853	8853
3781	2781
9419	8419
7041	6041
10889	9889
5414	4414
10543	9543
5756	4756
1427	427
9230	8230
7026	6026
9268	8268
4869	3869
3604	2604
9131	8131
7590	6590
2944	1944
9181	8181
10345	9345
1321	321
8023	7023
2322	1322
4329	3329
4366	3366
3331	2331
3710	2710
7595	6595
9780	8780
5552	4552
8801	7801
7176	6176
10757	9757
1582	582
5594	4594
6797	5797
7822	6822
6359	5359
6339	5339
2578	1578
3138	2138
4569	3569
8603	7603
1405	405
4789	3789
1207	207
5887	4887
7731	6731
9502	8502
4067	3067
3427	2427
9822	8822
7441	6441
1101	101
9502	8502
10806	9806
3431	2431
2212	1212
3753	2753
8563	7563
3115	2115
7905	6905
4738	3738
2871	1871
8486	7486
9331	8331
5019	4019
1660	660
1041	41
6710	5710
3237	2237
3178	2178
10278	9278
7191	6191
9934	8934
10418	9418
3749	2749
4820	3820
3500	2500
2250	1250
4238	3238
5927	4927
7423	6423
7031	6031
6027	5027
5925	4925
3188	2188
4809	3809
3488	2488
2292	1292
2371	1371
1954	954
9197	8197
6108	5108
10177	9177
3034	2034
10790	9790
4195	3195
3693	2693
10831	9831
9904	8904
2281	1281
9360	8360
5533	4533
8472	7472
4646	3646
1303	303
1220	220
8465	7465
3802	2802
8822	7822
8055	7055
5080	4080
5244	4244
10437	9437
10106	9106
6520	5520
2624	1624
3915	2915
9007	8007
3916	2916
1637	637
6313	5313
8464	7464
6745	5745
5489	4489
10497	9497
2886	1886
8683	7683
9542	8542
9068	8068
3939	2939
10822	9822
7428	6428
4823	3823
8293	7293
1073	73
5125	4125
8513	7513
4889	3889
4279	3279
6334	5334
8295	7295
8358	7358
6929	5929
7731	6731
7464	6464
2449	1449
9355	8355
6730	5730
6807	5807
8622	7622
3718	2718
8471	7471
6085	5085
9462	8462
2959	1959
1933	933
7700	6700
6994	5994
10474	9474
5767	4767
9932	8932
10296	9296
2194	1194
3754	2754
7588	6588
8618	7618
4231	3231
1452	452
2507	1507
7509	6509
3137	2137
6153	5153
4866	3866
5418	4418
2884	1884
7681	6681
3218	2218
7590	6590
9762	8762
9024	8024
5211	4211
2480	1480
6495	5495
6647	5647
7293	6293
4805	3805
7579	6579
3992	2992
10798	9798
3405	2405
8759	7759
6081	5081
2700	1700
6304	5304
8835	7835
5639	4639
10274	9274
8417	7417
6091	5091
1780	780
4925	3925
4579	3579
3284	2284
8790	7790
8996	7996
5167	4167
1823	823
1213	213
1756	756
10584	9584
5589	4589
5966	4966
8415	7415
7435	6435
7964	6964
4708	3708
1239	239
4543	3543
7699	6699
7389	6389
3299	2299
1809	809
2469	1469
4998	3998
3465	2465
6655	5655
5988	4988
2738	1738
4071	3071
7430	6430
9869	8869
7995	6995
1009	9
2152	1152
2137	1137
9004	8004
6319	5319
9311	8311
5569	4569
3426	2426
5246	4246
10157	9157
4744	3744
2661	1661
6591	5591
1707	707
6368	5368
3181	2181
1601	601
9418	8418
9569	8569
3899	2899
10227	9227
1038	38
4248	3248
9043	8043
3044	2044
9236	8236
10780	9780
6115	5115
5665	4665
9648	8648
9461	8461
5673	4673
7151	6151
6949	5949
10029	9029
8821	7821
5259	4259
4597	3597
1247	247
9505	8505
10105	9105
4990	3990
7517	6517
2047	1047
5696	4696
2884	1884
4227	3227
6297	5297
1301	301
2796	1796
9195	8195
6879	5879
9185	8185
8795	7795
1273	273
1228	228
7030	6030
1052	52
2694	1694
1694	694
6051	5051
7507	6507
2719	1719
8554	7554
3455	2455
1747	747
6374	5374
4066	3066
1695	695
6620	5620
8922	7922
10799	9799
10609	9609
5438	4438
1845	845
1657	657
3673	2673
5071	4071
6953	5953
10325	9325
3218	2218
1499	499
2556	1556
7754	6754
9293	8293
2828	1828
4334	3334
1674	674
9232	8232
6027	5027
2368	1368
4282	3282
8885	7885
4086	3086
8187	7187
7692	6692
1184	184
3561	2561
7109	6109
1878	878
9180	8180
5030	4030
1676	676
5141	4141
5819	4819
8872	7872
5797	4797
4843	3843
9294	8294
8101	7101
10519	9519
1512	512
4951	3951
2074	1074
4617	3617
9596	8596
10254	9254
7950	6950
10269	9269
8485	7485
9329	8329
7988	6988
8118	7118
7213	6213
1073	73
5305	4305
10256	9256
7608	6608
7865	6865
6364	5364
8485	7485
2396	1396
6745	5745
5512	4512
2888	1888
7915	6915
3383	2383
7684	6684
1757	757
8029	7029
1136	136
1276	276
8540	7540
1439	439
8701	7701
2156	1156
10034	9034
7954	6954
5458	4458
5654	4654
1790	790
3786	2786
2642	1642
8908	7908
6350	5350
2714	1714
9564	8564
