500	2138011
7502	6502
3953	2953
4992	3992
1019	19
2739	1739
1832	832
8159	7159
3360	2360
2710	1710
8870	7870
1796	796
6535	5535
2935	1935
5756	4756
9569	8569
3417	2417
10661	9661
8195	7195
9947	8947
6628	5628
2775	1775
5822	4822
9731	8731
4100	3100
9220	8220
6667	5667
9163	8163
2548	1548
3098	2098
6708	5708
6246	5246
5951	4951
6013	5013
6590	5590
5970	4970
7751	6751
7421	6421
9480	8480
10110	9110
9130	8130
7349	6349
7258	6258
1016	16
9283	8283
2013	1013
9584	8584
1699	699
1673	673
3131	2131
6998	5998
3652	2652
4905	3905
8171	7171
8734	7734
8004	7004
2743	1743
4400	3400
6166	5166
4290	3290
2849	1849
8226	7226
5888	4888
7800	6800
9590	8590
1477	477
9121	8121
2692	1692
7897	6897
3952	2952
8154	7154
2378	1378
10300	9300
4411	3411
8745	7745
4934	3934
5423	4423
3681	2681
5632	4632
2447	1447
5811	4811
7981	6981
5099	4099
9715	8715
5152	4152
2832	1832
3070	2070
6894	5894
2584	1584
4587	3587
6535	5535
4432	3432
1812	812
1422	422
7583	6583
6753	5753
1898	898
2055	1055
8445	7445
5146	4146
5006	4006
1950	950
2875	1875
10657	9657
5360	4360
10620	9620
4590	3590
6134	5134
3300	2300
9222	8222
3932	2932
8110	7110
2554	1554
4382	3382
6824	5824
3057	2057
2566	1566
8893	7893
5302	4302
4149	3149
2479	1479
10837	9837
3932	2932
9643	8643
1258	258
6867	5867
1747	747
8508	7508
4273	3273
5543	4543
2653	1653
8279	7279
6492	5492
4528	3528
7935	6935
7203	6203
10499	9499
1525	525
8688	7688
2798	1798
6098	5098
1620	620
9907	8907
4003	3003
1353	353
2082	1082
6060	5060
2918	1918
6326	5326
10361	9361
2418	1418
7804	6804
10197	9197
1702	702
2798	1798
6807	5807
7568	6568
3545	2545
4314	3314
10840	9840
4439	3439
2318	1318
4470	3470
9931	8931
2197	1197
7757	6757
2485	1485
1695	695
4633	3633
10173	9173
3492	2492
6082	5082
7144	6144
8750	7750
9084	8084
7496	6496
6183	5183
4143	3143
9414	8414
1508	508
9856	8856
10831	9831
8312	7312
5404	4404
1532	532
6461	5461
7562	6562
4451	3451
5357	4357
7227	6227
10643	9643
8796	7796
8545	7545
10464	9464
4078	3078
6093	5093
7220	6220
5562	4562
6788	5788
7204	6204
4734	3734
5631	4631
2285	1285
7229	6229
9733	8733
10369	9369
3725	2725
4915	3915
9863	8863
2138	1138
5423	4423
8718	7718
8320	7320
9086	8086
9474	8474
5204	4204
4546	3546
6035	5035
5006	4006
5255	4255
2262	1262
4648	3648
3050	2050
6158	5158
10464	9464
2479	1479
1250	250
6683	5683
7040	6040
3389	2389
9239	8239
7126	6126
8020	7020
10523	9523
3354	2354
6752	5752
9891	8891
6078	5078
7018	6018
5106	4106
3567	2567
1440	440
2823	1823
7239	6239
5877	4877
7648	6648
1442	442
5775	4775
2683	1683
1799	799
10029	9029
10296	9296
5447	4447
8430	7430
5453	4453
1262	262
9908	8908
5702	4702
3296	2296
5947	4947
8091	7091
1534	534
8424	7424
1462	462
1057	57
7130	6130
3565	2565
6299	5299
2207	1207
9582	8582
10404	9404
1126	126
6374	5374
8579	7579
7364	6364
1250	250
5226	4226
4157	3157
6024	5024
3260	2260
4955	3955
1404	404
2555	1555
5753	4753
8833	7833
7007	6007
6014	5014
7740	6740
8061	7061
8310	7310
9039	8039
1503	503
8843	7843
2814	1814
1964	964
5251	4251
8943	7943
10880	9880
10550	9550
6502	5502
5813	4813
9953	8953
2979	1979
7538	6538
7531	6531
5694	4694
7788	6788
1757	757
8850	7850
9163	8163
4016	3016
9156	8156
5919	4919
1923	923
10261	9261
3751	2751
7929	6929
5274	4274
6843	5843
4989	3989
8935	7935
1233	233
5491	4491
3130	2130
3046	2046
2806	1806
7380	6380
7341	6341
9037	8037
6929	5929
2842	1842
3850	2850
5882	4882
4820	3820
10387	9387
8764	7764
9513	8513
3526	2526
5872	4872
3714	2714
8041	7041
5240	4240
1869	869
2959	1959
6162	5162
1129	129
2061	1061
3090	2090
1755	755
7903	6903
3431	2431
6041	5041
8135	7135
4273	3273
8170	7170
6533	5533
6079	5079
4550	3550
2873	1873
10467	9467
6830	5830
1066	66
3316	2316
8063	7063
4885	3885
9055	8055
5827	4827
9749	8749
1580	580
7050	6050
2462	1462
4972	3972
1289	289
9682	8682
6930	5930
6450	5450
6163	5163
4343	3343
4892	3892
3269	2269
1245	245
3674	2674
8309	7309
4732	3732
6946	5946
5479	4479
6616	5616
8376	7376
5380	4380
8488	7488
7843	6843
7561	6561
8553	7553
6510	5510
4624	3624
8789	7789
4564	3564
5802	4802
3889	2889
1496	496
1851	851
1702	702
5467	4467
2140	1140
10383	9383
7749	6749
3941	2941
1897	897
1091	91
4184	3184
4165	3165
7687	6687
6857	5857
1474	474
7770	6770
2803	1803
2304	1304
3385	2385
6530	5530
3035	2035
7224	6224
3372	2372
9595	8595
4776	3776
8882	7882
3218	2218
8916	7916
8797	7797
8019	7019
1804	804
9292	8292
5222	4222
2505	1505
10111	9111
6361	5361
8240	7240
3211	2211
5653	4653
9136	8136
9653	8653
8837	7837
8653	7653
6339	5339
1045	45
5478	4478
3109	2109
2847	1847
6781	5781
1845	845
8377	7377
5167	4167
8069	7069
7100	6100
3761	2761
8196	7196
1333	333
5979	4979
6112	5112
9130	8130
9349	8349
3267	2267
7421	6421
3570	2570
1124	124
6531	5531
5282	4282
8363	7363
5093	4093
9935	8935
2850	1850
3745	2745
4123	3123
6854	5854
9084	8084
4167	3167
1331	331
7544	6544
2366	1366
3463	2463
8388	7388
6094	5094
7629	6629
1808	808
2193	1193
10390	9390
9004	8004
2526	1526
1720	720
4115	3115
7007	6007
6420	5420
2733	1733
3427	2427
8990	7990
2856	1856
5310	4310
9623	8623
6570	5570
9402	8402
8557	7557
8420	7420
