500	1289785
10228	9228
9662	8662
4994	3994
1900	900
2667	1667
7511	6511
5563	4563
8811	7811
5090	4090
10777	9777
7264	6264
6589	5589
3925	2925
7466	6466
8561	7561
1631	631
7380	6380
9911	8911
8992	7992
8682	7682
2894	1894
8048	7048
3397	2397
3424	2424
10444	9444
6007	5007
2301	1301
1457	457
6377	5377
8653	7653
10088	9088
1957	957
7315	6315
10433	9433
9208	8208
5333	4333
3296	2296
3770	2770
3143	2143
7385	6385
3546	2546
9406	8406
2974	1974
2822	1822
5871	4871
10534	9534
9805	8805
8602	7602
9444	8444
7796	6796
6283	5283
7689	6689
1196	196
5032	4032
10113	9113
10639	9639
10038	9038
7765	6765
7447	6447
1767	767
5417	4417
6534	5534
2723	1723
8083	7083
2319	1319
10930	9930
2415	1415
4614	3614
10051	9051
4558	3558
10998	9998
2596	1596
9315	8315
2971	1971
10769	9769
4186	3186
2504	1504
9573	8573
1787	787
7300	6300
2721	1721
3422	2422
3988	2988
9268	8268
7453	6453
9452	8452
5258	4258
2842	1842
6216	5216
1704	704
3608	2608
10633	9633
3590	2590
1682	682
4067	3067
4908	3908
1611	611
5482	4482
4873	3873
7013	6013
5391	4391
4870	3870
4960	3960
3705	2705
3193	2193
4729	3729
6890	5890
1048	48
9653	8653
4029	3029
7347	6347
7725	6725
2802	1802
10335	9335
5992	4992
9254	8254
8786	7786
6601	5601
7447	6447
4002	3002
7305	6305
10055	9055
9986	8986
6246	5246
10736	9736
3052	2052
6505	5505
7699	6699
7533	6533
10377	9377
3711	2711
1923	923
4246	3246
7671	6671
10980	9980
6438	5438
7751	6751
3221	2221
6486	5486
2755	1755
6249	5249
9184	8184
9480	8480
4402	3402
8518	7518
10823	9823
9007	8007
2656	1656
6424	5424
5454	4454
2009	1009
9080	8080
4508	3508
7346	6346
4325	3325
10595	9595
9397	8397
9829	8829
7293	6293
2282	1282
9205	8205
10004	9004
9556	8556
8802	7802
3026	2026
9535	8535
10592	9592
9776	8776
1756	756
2429	1429
1530	530
3356	2356
10612	9612
6361	5361
3110	2110
4482	3482
6184	5184
1116	116
2489	1489
1607	607
5569	4569
3497	2497
9686	8686
5428	4428
9842	8842
9362	8362
5023	4023
4590	3590
4542	3542
1315	315
2223	1223
2746	1746
6670	5670
10779	9779
6899	5899
8695	7695
5665	4665
6490	5490
3822	2822
2772	1772
7918	6918
10704	9704
1480	480
3882	2882
2416	1416
3589	2589
7363	6363
7599	6599
3704	2704
8851	7851
4557	3557
4625	3625
7699	6699
9594	8594
9052	8052
2892	1892
7955	6955
9426	8426
6481	5481
1496	496
9741	8741
4056	3056
9593	8593
1762	762
10186	9186
5492	4492
5809	4809
4850	3850
7333	6333
4982	3982
2974	1974
10603	9603
4685	3685
3453	2453
3484	2484
6101	5101
2393	1393
6198	5198
9051	8051
5096	4096
4048	3048
2608	1608
5072	4072
7098	6098
1201	201
3124	2124
8989	7989
4508	3508
7901	6901
10821	9821
5003	4003
6641	5641
3876	2876
9948	8948
3755	2755
3061	2061
4439	3439
8563	7563
3263	2263
7123	6123
2544	1544
5236	4236
6725	5725
2581	1581
4040	3040
9208	8208
4033	3033
5432	4432
10757	9757
2083	1083
5879	4879
10156	9156
3690	2690
9951	8951
6253	5253
10243	9243
8426	7426
10593	9593
3750	2750
5326	4326
10414	9414
4104	3104
7319	6319
9641	8641
3051	2051
10073	9073
8054	7054
2841	1841
7635	6635
10316	9316
8964	7964
5530	4530
10903	9903
4688	3688
7110	6110
3942	2942
9248	8248
6494	5494
8373	7373
9004	8004
7577	6577
3251	2251
4512	3512
6618	5618
8553	7553
9764	8764
5860	4860
5978	4978
9357	8357
4961	3961
10304	9304
5122	4122
8065	7065
6622	5622
10114	9114
10115	9115
2046	1046
7167	6167
8308	7308
5032	4032
6482	5482
6271	5271
9561	8561
2736	1736
6310	5310
2023	1023
2029	1029
10909	9909
7516	6516
9401	8401
5265	4265
10444	9444
8004	7004
8776	7776
6062	5062
1908	908
7539	6539
7273	6273
6886	5886
2247	1247
1234	234
2541	1541
6368	5368
4650	3650
8162	7162
5482	4482
10116	9116
9207	8207
8000	7000
7423	6423
9590	8590
9834	8834
9045	8045
8150	7150
1569	569
4355	3355
5524	4524
2598	1598
4263	3263
2040	1040
7350	6350
8527	7527
1483	483
10705	9705
6302	5302
2896	1896
1613	613
9193	8193
9169	8169
7498	6498
10439	9439
5754	4754
9038	8038
2159	1159
9403	8403
2551	1551
2992	1992
4870	3870
7109	6109
9991	8991
1293	293
5698	4698
8824	7824
5689	4689
9199	8199
9393	8393
9043	8043
3723	2723
7342	6342
8658	7658
1114	114
3691	2691
6184	5184
1596	596
3396	2396
7838	6838
9844	8844
4008	3008
2382	1382
8012	7012
6857	5857
8172	7172
9117	8117
1246	246
9330	8330
7519	6519
2796	1796
1321	321
7740	6740
5256	4256
6664	5664
4384	3384
9953	8953
4487	3487
9073	8073
4503	3503
9231	8231
7115	6115
7225	6225
5572	4572
1124	124
7338	6338
4615	3615
2660	1660
4286	3286
7010	6010
9497	8497
3129	2129
6369	5369
7230	6230
6492	5492
8577	7577
4401	3401
4608	3608
8822	7822
2731	1731
7478	6478
6969	5969
9403	8403
4217	3217
1224	224
1418	418
7601	6601
6528	5528
1257	257
2025	1025
10030	9030
9487	8487
4491	3491
2607	1607
10411	9411
4615	3615
5296	4296
4025	3025
6274	5274
8581	7581
6386	5386
1122	122
7061	6061
1754	754
7351	6351
2552	1552
5682	4682
10751	9751
2511	1511
3503	2503
8833	7833
8988	7988
5823	4823
3588	2588
8557	7557
6046	5046
4005	3005
1509	509
7925	6925
4261	3261
2533	1533
3306	2306
9100	8100
6023	5023
4912	3912
8510	7510
9637	8637
9208	8208
7886	6886
4910	3910
3140	2140
3271	2271
5031	4031
5553	4553
10376	9376
1381	381
7104	6104
5057	4057
7484	6484
4967	3967
3911	2911
5316	4316
2954	1954
8733	7733
