500	1858434
1445	445
1214	214
3073	2073
2366	1366
2743	1743
4367	3367
5798	4798
10584	9584
3986	2986
10037	9037
5593	4593
10572	9572
7022	6022
4503	3503
4373	3373
3049	2049
1267	267
9113	8113
1559	559
10376	9376
9672	8672
9525	8525
4250	3250
7523	6523
1548	548
3657	2657
8018	7018
10811	9811
5068	4068
5430	4430
1809	809
5512	4512
1996	996
3881	2881
3229	2229
10090	9090
7247	6247
8026	7026
9673	8673
6584	5584
7062	6062
4265	3265
6156	5156
9436	8436
4119	3119
5880	4880
7836	6836
4385	3385
10345	9345
4746	3746
10112	9112
9016	8016
9622	8622
9714	8714
1891	891
10170	9170
2370	1370
8908	7908
9980	8980
6437	5437
9690	8690
10788	9788
7300	6300
7037	6037
10020	9020
9528	8528
6126	5126
6267	5267
2905	1905
1150	150
8202	7202
5318	4318
10766	9766
3357	2357
3753	2753
3884	2884
4589	3589
6941	5941
3621	2621
3933	2933
10686	9686
2732	1732
8300	7300
9308	8308
1445	445
9190	8190
8477	7477
9166	8166
7098	6098
3808	2808
10954	9954
2139	1139
9947	8947
7253	6253
8175	7175
8966	7966
2132	1132
9652	8652
4232	3232
4036	3036
9801	8801
1434	434
8354	7354
9566	8566
10142	9142
7458	6458
8801	7801
3730	2730
3398	2398
1421	421
6662	5662
9436	8436
9505	8505
10314	9314
7743	6743
9949	8949
8503	7503
1571	571
4467	3467
10952	9952
4378	3378
4420	3420
2090	1090
3324	2324
10673	9673
9264	8264
1289	289
8156	7156
7915	6915
10873	9873
7544	6544
3067	2067
7658	6658
1249	249
7984	6984
6799	5799
4058	3058
5785	4785
5881	4881
2808	1808
6205	5205
7894	6894
1243	243
4709	3709
7207	6207
4337	3337
10010	9010
4710	3710
4907	3907
3476	2476
4661	3661
8284	7284
6895	5895
5751	4751
6959	5959
2919	1919
10366	9366
7247	6247
6427	5427
3633	2633
3471	2471
2970	1970
2051	1051
10128	9128
3218	2218
9035	8035
2279	1279
6275	5275
3819	2819
7159	6159
4434	3434
5375	4375
4052	3052
4676	3676
5436	4436
10259	9259
8012	7012
10797	9797
10320	9320
1918	918
3272	2272
3980	2980
5553	4553
5518	4518
5082	4082
1511	511
3789	2789
10800	9800
4110	3110
9215	8215
9784	8784
6580	5580
7536	6536
10834	9834
2060	1060
6105	5105
5220	4220
3338	2338
7731	6731
4390	3390
9496	8496
1165	165
8765	7765
8899	7899
4840	3840
9552	8552
4509	3509
8204	7204
9348	8348
3828	2828
5473	4473
7971	6971
3160	2160
10026	9026
8840	7840
7241	6241
10536	9536
1628	628
3392	2392
9997	8997
6194	5194
8527	7527
5577	4577
2729	1729
4713	3713
2988	1988
7833	6833
8932	7932
5325	4325
4564	3564
2322	1322
10172	9172
1080	80
6438	5438
8070	7070
4919	3919
1341	341
1579	579
8474	7474
9688	8688
10758	9758
2947	1947
6658	5658
2917	1917
1972	972
4497	3497
5510	4510
7859	6859
1477	477
7901	6901
6856	5856
6670	5670
5428	4428
7784	6784
4751	3751
9140	8140
9771	8771
1583	583
3423	2423
10447	9447
1498	498
1096	96
9618	8618
1577	577
6533	5533
3039	2039
1848	848
3225	2225
3617	2617
9321	8321
1912	912
3375	2375
1267	267
3921	2921
5291	4291
8590	7590
3770	2770
9800	8800
1801	801
4246	3246
3053	2053
7656	6656
9915	8915
3832	2832
10791	9791
10017	9017
8323	7323
5913	4913
10600	9600
10745	9745
5359	4359
7449	6449
10841	9841
3976	2976
4378	3378
2725	1725
6014	5014
5225	4225
4950	3950
4983	3983
9897	8897
2213	1213
3709	2709
6516	5516
5134	4134
4351	3351
4105	3105
7903	6903
9503	8503
4905	3905
7500	6500
1555	555
7912	6912
6414	5414
4386	3386
4054	3054
1783	783
8060	7060
8966	7966
1382	382
7804	6804
3324	2324
4182	3182
3996	2996
2651	1651
7559	6559
2073	1073
4017	3017
8135	7135
2374	1374
4351	3351
7032	6032
3586	2586
7059	6059
8899	7899
4071	3071
10409	9409
2003	1003
7325	6325
8911	7911
2260	1260
3824	2824
5817	4817
5523	4523
5590	4590
5554	4554
8577	7577
6372	5372
2613	1613
2894	1894
3105	2105
9417	8417
1570	570
6286	5286
8764	7764
9572	8572
2845	1845
6188	5188
2588	1588
6331	5331
7561	6561
5938	4938
2362	1362
6499	5499
1996	996
6612	5612
5921	4921
7757	6757
3967	2967
2246	1246
2019	1019
5226	4226
5069	4069
6836	5836
6100	5100
6010	5010
1389	389
10028	9028
1381	381
3002	2002
1922	922
3485	2485
7770	6770
8843	7843
8771	7771
1885	885
7414	6414
6967	5967
7073	6073
9002	8002
2297	1297
9985	8985
10291	9291
10011	9011
1835	835
7639	6639
5622	4622
6756	5756
4395	3395
8588	7588
8001	7001
1765	765
9165	8165
8421	7421
7600	6600
10617	9617
3431	2431
4341	3341
9644	8644
3811	2811
2694	1694
6917	5917
2648	1648
9463	8463
4759	3759
6770	5770
6699	5699
1173	173
2736	1736
2771	1771
5526	4526
10384	9384
8108	7108
1168	168
5746	4746
8942	7942
7806	6806
6720	5720
4697	3697
7552	6552
10659	9659
8049	7049
8317	7317
8824	7824
1822	822
1268	268
4792	3792
10604	9604
4608	3608
3435	2435
9766	8766
6301	5301
5704	4704
1413	413
1115	115
5814	4814
7182	6182
6814	5814
2338	1338
5269	4269
4936	3936
6863	5863
1005	5
2043	1043
3383	2383
2102	1102
6337	5337
10188	9188
7821	6821
6385	5385
3092	2092
7480	6480
3434	2434
10408	9408
1655	655
10607	9607
7027	6027
5446	4446
10210	9210
10635	9635
4232	3232
8975	7975
5935	4935
5287	4287
5740	4740
2402	1402
10101	9101
1921	921
8215	7215
1438	438
2542	1542
8502	7502
3653	2653
2546	1546
9545	8545
6035	5035
3647	2647
4881	3881
1574	574
6820	5820
6617	5617
3665	2665
9651	8651
9050	8050
9424	8424
10305	9305
5008	4008
5451	4451
1102	102
10569	9569
