500	2269668
3186	2186
4564	3564
9886	8886
5357	4357
5309	4309
9921	8921
10257	9257
8081	7081
2023	1023
2554	1554
8245	7245
5098	4098
2448	1448
1143	143
2509	1509
1955	955
10758	9758
5883	4883
5166	4166
9779	8779
8532	7532
1508	508
7242	6242
7997	6997
8497	7497
5934	4934
8140	7140
8308	7308
8037	7037
3536	2536
4567	3567
6575	5575
3452	2452
9805	8805
10931	9931
7760	6760
5077	4077
6540	5540
1192	192
6100	5100
4445	3445
8436	7436
6549	5549
5893	4893
4930	3930
4409	3409
6847	5847
4688	3688
9292	8292
7364	6364
9818	8818
6823	5823
4223	3223
6059	5059
10171	9171
1719	719
10993	9993
3662	2662
5378	4378
4381	3381
6198	5198
5297	4297
9955	8955
5001	4001
4101	3101
9886	8886
8112	7112
4529	3529
5425	4425
8303	7303
5980	4980
5221	4221
2090	1090
7881	6881
10113	9113
6019	5019
1289	289
2312	1312
6058	5058
9580	8580
8675	7675
4876	3876
5402	4402
1898	898
6286	5286
10924	9924
8968	7968
2630	1630
3586	2586
3346	2346
6011	5011
5135	4135
7642	6642
4965	3965
9135	8135
7094	6094
10202	9202
2598	1598
6974	5974
4626	3626
6252	5252
8306	7306
5199	4199
7341	6341
5186	4186
4311	3311
2359	1359
5474	4474
5622	4622
3769	2769
10406	9406
9649	8649
7644	6644
1159	159
6898	5898
2929	1929
1083	83
4865	3865
4559	3559
3668	2668
3562	2562
9569	8569
4154	3154
10203	9203
9885	8885
8640	7640
2648	1648
9087	8087
10237	9237
4974	3974
9064	8064
5488	4488
2279	1279
3262	2262
1828	828
6464	5464
6573	5573
9538	8538
7289	6289
7546	6546
2306	1306
3046	2046
2546	1546
5301	4301
3205	2205
8443	7443
7230	6230
3287	2287
8660	7660
7140	6140
2306	1306
1221	221
2060	1060
5459	4459
6776	5776
10944	9944
9450	8450
8423	7423
9030	8030
8686	7686
8748	7748
3446	2446
9525	8525
10026	9026
5707	4707
6704	5704
1841	841
7631	6631
5241	4241
4482	3482
10529	9529
2899	1899
6527	5527
2074	1074
7199	6199
8731	7731
5869	4869
9780	8780
1017	17
3528	2528
2271	1271
8674	7674
3748	2748
3330	2330
9484	8484
9523	8523
9626	8626
7933	6933
3298	2298
4007	3007
1970	970
1045	45
6452	5452
10494	9494
6423	5423
7511	6511
6197	5197
7263	6263
4141	3141
6790	5790
10744	9744
10021	9021
5040	4040
2623	1623
7447	6447
7590	6590
10353	9353
2315	1315
2722	1722
6722	5722
4842	3842
3992	2992
10747	9747
3941	2941
2674	1674
9231	8231
8816	7816
7651	6651
2515	1515
7465	6465
10657	9657
3485	2485
3861	2861
2461	1461
9330	8330
9283	8283
8971	7971
10879	9879
1898	898
8463	7463
3020	2020
7993	6993
7484	6484
3411	2411
9615	8615
3930	2930
10000	9000
8968	7968
1596	596
1721	721
1041	41
1789	789
1065	65
10787	9787
4729	3729
9090	8090
5369	4369
2544	1544
5740	4740
6884	5884
9008	8008
1748	748
5720	4720
1869	869
3208	2208
10401	9401
6503	5503
7530	6530
6631	5631
7400	6400
4993	3993
8650	7650
10745	9745
7828	6828
1060	60
9359	8359
7109	6109
6412	5412
3678	2678
7704	6704
3484	2484
3718	2718
8492	7492
3548	2548
9857	8857
8572	7572
1637	637
4225	3225
6468	5468
2728	1728
10108	9108
10827	9827
3476	2476
1179	179
8047	7047
5683	4683
10580	9580
3550	2550
2213	1213
6210	5210
6301	5301
2557	1557
10212	9212
6045	5045
5736	4736
6623	5623
10756	9756
1844	844
2034	1034
3433	2433
4899	3899
4518	3518
2503	1503
2390	1390
3417	2417
1359	359
6313	5313
4054	3054
4583	3583
1780	780
5781	4781
10043	9043
1607	607
8256	7256
10221	9221
8653	7653
9291	8291
6152	5152
7554	6554
6855	5855
7714	6714
9207	8207
4763	3763
6925	5925
4251	3251
9498	8498
2547	1547
4006	3006
10341	9341
9933	8933
2791	1791
10591	9591
9802	8802
4293	3293
1980	980
2218	1218
1003	3
3644	2644
1623	623
10937	9937
4424	3424
6404	5404
9979	8979
1382	382
10011	9011
5552	4552
5386	4386
4653	3653
10703	9703
1940	940
6859	5859
7416	6416
10146	9146
10621	9621
9692	8692
9748	8748
5470	4470
7591	6591
9106	8106
1162	162
6523	5523
7248	6248
10752	9752
5324	4324
10540	9540
8083	7083
6541	5541
6894	5894
10727	9727
7164	6164
6830	5830
4150	3150
8919	7919
2161	1161
10883	9883
4281	3281
6712	5712
5268	4268
4286	3286
2766	1766
2559	1559
10144	9144
5534	4534
8056	7056
6117	5117
4225	3225
6804	5804
10586	9586
10815	9815
1261	261
10748	9748
6337	5337
7508	6508
10499	9499
7012	6012
3399	2399
7582	6582
8905	7905
5644	4644
7308	6308
5068	4068
1473	473
6809	5809
9338	8338
2633	1633
6691	5691
8970	7970
4696	3696
7310	6310
2255	1255
2814	1814
8869	7869
1399	399
7347	6347
5924	4924
6515	5515
10571	9571
8079	7079
6100	5100
6738	5738
8339	7339
2199	1199
8426	7426
1198	198
1698	698
4438	3438
3596	2596
4631	3631
2342	1342
4591	3591
7290	6290
2761	1761
5064	4064
3098	2098
7450	6450
3048	2048
5140	4140
5419	4419
3096	2096
1449	449
6674	5674
4909	3909
9317	8317
3424	2424
1255	255
10593	9593
8938	7938
7177	6177
7671	6671
10389	9389
2914	1914
1362	362
1588	588
10340	9340
1559	559
8637	7637
10129	9129
10507	9507
2267	1267
1470	470
4097	3097
8556	7556
9582	8582
4512	3512
7005	6005
6031	5031
6560	5560
7496	6496
6801	5801
8655	7655
7944	6944
2474	1474
2563	1563
2613	1613
4897	3897
9169	8169
2205	1205
9186	8186
5345	4345
5227	4227
4927	3927
7259	6259
5588	4588
5514	4514
6598	5598
2499	1499
3150	2150
5726	4726
2005	1005
10768	9768
2547	1547
1453	453
4675	3675
7480	6480
4965	3965
10679	9679
8862	7862
6876	5876
7174	6174
4662	3662
