500	612304
3735	2735
8963	7963
9263	8263
9886	8886
5204	4204
7008	6008
6117	5117
8599	7599
7565	6565
9480	8480
10343	9343
4348	3348
8607	7607
4091	3091
8808	7808
5427	4427
6687	5687
5708	4708
9504	8504
8288	7288
6027	5027
3913	2913
5326	4326
5749	4749
4523	3523
5664	4664
3436	2436
3478	2478
7473	6473
4832	3832
2507	1507
10207	9207
9146	8146
10769	9769
5444	4444
3349	2349
3128	2128
10560	9560
7300	6300
6045	5045
5391	4391
2994	1994
5744	4744
2997	1997
6084	5084
3552	2552
3776	2776
8122	7122
8259	7259
2279	1279
5409	4409
9637	8637
1543	543
6086	5086
4385	3385
5065	4065
10749	9749
3172	2172
7543	6543
3573	2573
7003	6003
9049	8049
9131	8131
5149	4149
5169	4169
3574	2574
3849	2849
3649	2649
3133	2133
10148	9148
8693	7693
3875	2875
2141	1141
3436	2436
2224	1224
3576	2576
5987	4987
4999	3999
7049	6049
3245	2245
6277	5277
1458	458
1881	881
6820	5820
2895	1895
1618	618
10884	9884
8996	7996
3789	2789
3778	2778
1568	568
6144	5144
8178	7178
9699	8699
6644	5644
2347	1347
2272	1272
9492	8492
4995	3995
10757	9757
4992	3992
9039	8039
9983	8983
2484	1484
1474	474
1206	206
5060	4060
6461	5461
5204	4204
7460	6460
5057	4057
10481	9481
7917	6917
2290	1290
6300	5300
9812	8812
9259	8259
2535	1535
4159	3159
2047	1047
5313	4313
4726	3726
3542	2542
2490	1490
3424	2424
5537	4537
10188	9188
1048	48
10381	9381
10534	9534
7156	6156
4372	3372
8572	7572
6138	5138
5855	4855
9046	8046
6344	5344
6266	5266
10858	9858
6899	5899
2726	1726
1266	266
6379	5379
5994	4994
2555	1555
8030	7030
1157	157
10813	9813
5917	4917
4315	3315
8212	7212
10229	9229
4393	3393
7105	6105
8070	7070
6816	5816
1642	642
7258	6258
3215	2215
1022	22
6791	5791
9370	8370
10745	9745
4363	3363
4508	3508
1951	951
8760	7760
6203	5203
7217	6217
8617	7617
2101	1101
5294	4294
8882	7882
3832	2832
6639	5639
6789	5789
10861	9861
3148	2148
2953	1953
5777	4777
2814	1814
10164	9164
1357	357
6206	5206
6269	5269
8427	7427
2022	1022
3262	2262
1036	36
10588	9588
3283	2283
3178	2178
8958	7958
3027	2027
6540	5540
8817	7817
3977	2977
10651	9651
4019	3019
6545	5545
8267	7267
5119	4119
7190	6190
2501	1501
7950	6950
9181	8181
4641	3641
4163	3163
1328	328
6593	5593
5291	4291
3141	2141
5757	4757
5648	4648
8347	7347
7377	6377
9426	8426
5720	4720
9638	8638
9461	8461
5307	4307
8272	7272
1638	638
9616	8616
10298	9298
3530	2530
7432	6432
9626	8626
3180	2180
10450	9450
1523	523
6799	5799
10921	9921
4064	3064
4651	3651
4222	3222
2244	1244
8291	7291
7384	6384
8923	7923
3883	2883
1675	675
7416	6416
4991	3991
2674	1674
1114	114
1367	367
1099	99
5833	4833
6356	5356
5911	4911
6491	5491
3627	2627
2900	1900
1459	459
9276	8276
1781	781
7890	6890
4254	3254
10313	9313
7340	6340
4776	3776
2463	1463
3612	2612
7839	6839
6113	5113
6833	5833
5435	4435
9755	8755
3217	2217
3357	2357
8989	7989
10243	9243
9772	8772
2980	1980
1916	916
6237	5237
9698	8698
8366	7366
7421	6421
1406	406
9628	8628
2912	1912
4032	3032
7879	6879
3370	2370
8660	7660
8660	7660
6611	5611
1913	913
4324	3324
9302	8302
2040	1040
5786	4786
1913	913
5230	4230
7250	6250
7746	6746
9664	8664
6004	5004
6314	5314
8373	7373
3992	2992
5556	4556
3496	2496
2323	1323
2823	1823
8733	7733
1021	21
10188	9188
5153	4153
1426	426
5167	4167
3416	2416
10809	9809
2045	1045
2137	1137
4820	3820
9704	8704
7748	6748
2084	1084
3027	2027
2401	1401
3123	2123
4164	3164
3314	2314
3705	2705
10413	9413
10059	9059
8720	7720
1768	768
1724	724
6092	5092
1112	112
6279	5279
4940	3940
8786	7786
8101	7101
9024	8024
8806	7806
3640	2640
9528	8528
5583	4583
7806	6806
8296	7296
1744	744
8850	7850
9432	8432
5563	4563
3906	2906
2531	1531
6647	5647
2284	1284
3932	2932
5121	4121
5448	4448
2597	1597
7825	6825
1212	212
8007	7007
1897	897
1980	980
8730	7730
3340	2340
8443	7443
4008	3008
7279	6279
6228	5228
7460	6460
5302	4302
10386	9386
10099	9099
10182	9182
1320	320
6904	5904
7477	6477
2063	1063
1105	105
2260	1260
2978	1978
4010	3010
3791	2791
4976	3976
5294	4294
3074	2074
5448	4448
9741	8741
1022	22
8625	7625
6304	5304
8028	7028
9521	8521
7283	6283
5757	4757
1860	860
1077	77
5116	4116
8139	7139
6305	5305
7927	6927
8792	7792
5690	4690
7025	6025
4325	3325
2361	1361
9280	8280
10801	9801
3424	2424
9384	8384
2061	1061
1753	753
8746	7746
1203	203
5728	4728
3039	2039
9628	8628
6527	5527
8131	7131
9649	8649
4151	3151
3434	2434
3028	2028
2671	1671
6069	5069
4136	3136
3531	2531
2497	1497
4603	3603
7021	6021
7801	6801
1529	529
1164	164
8842	7842
3905	2905
4489	3489
10203	9203
8536	7536
4289	3289
8978	7978
3271	2271
1701	701
9730	8730
1016	16
1903	903
10809	9809
9406	8406
6882	5882
6335	5335
6536	5536
5530	4530
5838	4838
5322	4322
3909	2909
7508	6508
6742	5742
7044	6044
6390	5390
8238	7238
10646	9646
8762	7762
1391	391
1174	174
8926	7926
9232	8232
10430	9430
8766	7766
4786	3786
7965	6965
8406	7406
9115	8115
10236	9236
9107	8107
7844	6844
10251	9251
6361	5361
4004	3004
8657	7657
2243	1243
5691	4691
10544	9544
3124	2124
10528	9528
1217	217
6033	5033
3387	2387
6958	5958
2076	1076
8777	7777
10548	9548
8074	7074
6538	5538
10938	9938
4599	3599
10815	9815
5521	4521
4029	3029
8580	7580
9307	8307
10993	9993
5986	4986
