500	1270259
6063	5063
8320	7320
10589	9589
4301	3301
4438	3438
10338	9338
9668	8668
5691	4691
2032	1032
9507	8507
8976	7976
8756	7756
6805	5805
9441	8441
9361	8361
8454	7454
1353	353
10197	9197
2615	1615
3432	2432
5984	4984
10057	9057
4047	3047
2024	1024
6017	5017
2033	1033
2083	1083
1223	223
5508	4508
9042	8042
2778	1778
10570	9570
6362	5362
8718	7718
10222	9222
9799	8799
8055	7055
5241	4241
4490	3490
9086	8086
3748	2748
8817	7817
3193	2193
5904	4904
7257	6257
7906	6906
9710	8710
3961	2961
7102	6102
1324	324
6392	5392
8437	7437
6732	5732
9438	8438
9460	8460
8101	7101
6822	5822
10542	9542
8323	7323
1329	329
4936	3936
6452	5452
7251	6251
10297	9297
4169	3169
6472	5472
5447	4447
7575	6575
10713	9713
5288	4288
2012	1012
9812	8812
3104	2104
10557	9557
1067	67
9360	8360
7462	6462
6128	5128
8672	7672
3563	2563
2803	1803
4063	3063
7352	6352
8535	7535
8853	7853
5811	4811
1987	987
4674	3674
1705	705
5661	4661
1355	355
5640	4640
1113	113
7605	6605
1288	288
10633	9633
9428	8428
5734	4734
7208	6208
5492	4492
10022	9022
8219	7219
10655	9655
2125	1125
4127	3127
10722	9722
6837	5837
10588	9588
5849	4849
10860	9860
9503	8503
4004	3004
3923	2923
5854	4854
1538	538
8127	7127
10664	9664
8876	7876
1800	800
7720	6720
3536	2536
8506	7506
2359	1359
10000	9000
1462	462
8998	7998
9633	8633
9890	8890
3732	2732
5840	4840
10733	9733
9105	8105
9410	8410
10388	9388
6581	5581
2537	1537
6461	5461
8769	7769
8476	7476
7661	6661
8629	7629
6978	5978
10664	9664
1551	551
8183	7183
7553	6553
8677	7677
4199	3199
5428	4428
5828	4828
10918	9918
4316	3316
9686	8686
8629	7629
3315	2315
10147	9147
6626	5626
8299	7299
5388	4388
5709	4709
9490	8490
5121	4121
3813	2813
7900	6900
4508	3508
9394	8394
5788	4788
9968	8968
3514	2514
9615	8615
6628	5628
1142	142
1945	945
2644	1644
8044	7044
9127	8127
9196	8196
5720	4720
2325	1325
3624	2624
6900	5900
8595	7595
6939	5939
1937	937
6223	5223
5605	4605
1083	83
1848	848
2904	1904
1823	823
2909	1909
1393	393
5943	4943
5721	4721
4644	3644
5802	4802
10466	9466
5783	4783
1121	121
2980	1980
4398	3398
3100	2100
9473	8473
5342	4342
4743	3743
6517	5517
9820	8820
2939	1939
7588	6588
1145	145
1914	914
3487	2487
8739	7739
4204	3204
4423	3423
10313	9313
5160	4160
10858	9858
7512	6512
7063	6063
1680	680
9420	8420
3808	2808
2974	1974
10493	9493
3803	2803
4127	3127
6310	5310
8586	7586
4247	3247
4641	3641
8335	7335
6346	5346
3114	2114
2676	1676
6441	5441
8630	7630
7847	6847
4731	3731
5217	4217
4343	3343
5644	4644
4056	3056
2081	1081
5199	4199
3830	2830
7745	6745
9358	8358
3687	2687
4257	3257
1773	773
10718	9718
9028	8028
4580	3580
9043	8043
8520	7520
7382	6382
2169	1169
3830	2830
1319	319
5415	4415
7470	6470
8653	7653
7113	6113
9583	8583
6680	5680
8905	7905
3564	2564
3527	2527
2635	1635
7781	6781
6869	5869
3630	2630
10836	9836
4302	3302
7828	6828
3665	2665
1046	46
2537	1537
2704	1704
4302	3302
3309	2309
8773	7773
2330	1330
3240	2240
6816	5816
6201	5201
9622	8622
4336	3336
9030	8030
6292	5292
8751	7751
1852	852
3945	2945
1215	215
6786	5786
9624	8624
9119	8119
9350	8350
2150	1150
7105	6105
6130	5130
8019	7019
9734	8734
2317	1317
1320	320
2913	1913
1333	333
7717	6717
4449	3449
9388	8388
7371	6371
6758	5758
7161	6161
5052	4052
8997	7997
9328	8328
10252	9252
3970	2970
2663	1663
4634	3634
9262	8262
6765	5765
1837	837
2206	1206
3331	2331
7622	6622
10829	9829
7801	6801
2323	1323
8331	7331
3905	2905
7452	6452
5349	4349
2638	1638
5120	4120
2020	1020
4550	3550
5453	4453
8736	7736
7999	6999
3840	2840
5106	4106
10108	9108
6352	5352
5509	4509
8104	7104
1031	31
4761	3761
7426	6426
2694	1694
8394	7394
5687	4687
4810	3810
9230	8230
3244	2244
7141	6141
2203	1203
3072	2072
3941	2941
3526	2526
6754	5754
3198	2198
6329	5329
1102	102
4835	3835
10449	9449
8473	7473
4737	3737
1253	253
2561	1561
8087	7087
10444	9444
3018	2018
3546	2546
2148	1148
7527	6527
10649	9649
2178	1178
1287	287
3426	2426
10223	9223
5032	4032
8112	7112
4033	3033
9613	8613
10355	9355
6525	5525
7167	6167
8779	7779
5817	4817
9692	8692
4532	3532
8014	7014
1373	373
10986	9986
8201	7201
7173	6173
4810	3810
8289	7289
7425	6425
6370	5370
5375	4375
3220	2220
4740	3740
4272	3272
4367	3367
1266	266
10272	9272
5545	4545
7904	6904
2698	1698
4767	3767
8287	7287
9809	8809
4151	3151
3251	2251
5516	4516
9675	8675
9417	8417
9646	8646
4492	3492
4461	3461
3177	2177
1505	505
1185	185
9514	8514
8705	7705
7357	6357
3324	2324
5993	4993
10133	9133
5045	4045
6719	5719
2352	1352
8784	7784
9990	8990
5719	4719
9049	8049
9262	8262
6615	5615
2304	1304
7311	6311
6733	5733
9590	8590
2471	1471
9884	8884
1840	840
6986	5986
8558	7558
6609	5609
5631	4631
8401	7401
6421	5421
4160	3160
8906	7906
6605	5605
2673	1673
2962	1962
2961	1961
1348	348
4307	3307
2093	1093
5393	4393
6377	5377
3444	2444
3176	2176
1719	719
4514	3514
7577	6577
6332	5332
10128	9128
8880	7880
2642	1642
5861	4861
7470	6470
4112	3112
1096	96
4661	3661
6450	5450
8653	7653
6621	5621
7432	6432
2406	1406
2041	1041
10591	9591
6663	5663
7645	6645
8616	7616
4976	3976
9605	8605
8963	7963
8282	7282
7049	6049
9707	8707
10011	9011
9493	8493
1883	883
7081	6081
9358	8358
