500	246496
9035	8035
2876	1876
4298	3298
8529	7529
8142	7142
8455	7455
2251	1251
5166	4166
7729	6729
9387	8387
3447	2447
10563	9563
3441	2441
3433	2433
5833	4833
6450	5450
10410	9410
9845	8845
8794	7794
9209	8209
1815	815
3439	2439
3906	2906
1055	55
8537	7537
10405	9405
10724	9724
3240	2240
7077	6077
1597	597
8526	7526
1463	463
3472	2472
1824	824
5344	4344
6965	5965
5630	4630
6594	5594
7483	6483
2358	1358
4980	3980
9929	8929
8272	7272
3773	2773
8713	7713
9456	8456
9222	8222
4475	3475
8300	7300
3367	2367
9035	8035
5467	4467
5805	4805
8292	7292
5521	4521
3341	2341
7697	6697
5244	4244
1932	932
3773	2773
2193	1193
9458	8458
10587	9587
4664	3664
6633	5633
4930	3930
6981	5981
7614	6614
6876	5876
3463	2463
5323	4323
7207	6207
8743	7743
2594	1594
9979	8979
2808	1808
1050	50
4552	3552
6282	5282
4701	3701
6918	5918
10668	9668
9167	8167
8075	7075
7960	6960
3687	2687
10415	9415
4656	3656
4283	3283
7699	6699
3780	2780
5475	4475
6156	5156
3366	2366
5490	4490
8140	7140
3648	2648
1470	470
4753	3753
9523	8523
10284	9284
9075	8075
5729	4729
8027	7027
7020	6020
4708	3708
6186	5186
3421	2421
4611	3611
1467	467
7122	6122
10529	9529
7486	6486
1640	640
7603	6603
4445	3445
4327	3327
3369	2369
8100	7100
3961	2961
10067	9067
10879	9879
8435	7435
1574	574
9597	8597
9276	8276
8713	7713
2244	1244
6098	5098
8817	7817
10766	9766
5381	4381
6891	5891
5494	4494
8759	7759
9263	8263
5553	4553
3944	2944
1683	683
9164	8164
10762	9762
4156	3156
5044	4044
7248	6248
4796	3796
1646	646
7044	6044
4474	3474
10366	9366
4144	3144
7434	6434
9433	8433
10374	9374
1220	220
10006	9006
8970	7970
5847	4847
4071	3071
6565	5565
10944	9944
1887	887
6330	5330
1677	677
4130	3130
7176	6176
5787	4787
2392	1392
8080	7080
5083	4083
9426	8426
2595	1595
4844	3844
2582	1582
6638	5638
7443	6443
2729	1729
3635	2635
3487	2487
6202	5202
3001	2001
2982	1982
2635	1635
1433	433
8707	7707
9206	8206
6790	5790
6677	5677
4052	3052
6212	5212
8593	7593
3996	2996
7099	6099
3923	2923
1024	24
6580	5580
6450	5450
5810	4810
7971	6971
3529	2529
9892	8892
2748	1748
1476	476
10088	9088
10681	9681
7113	6113
2882	1882
2409	1409
9748	8748
5368	4368
7610	6610
8100	7100
3701	2701
5596	4596
8532	7532
1408	408
3801	2801
10673	9673
3436	2436
3205	2205
5885	4885
1028	28
2552	1552
8335	7335
3950	2950
2575	1575
3914	2914
5751	4751
3736	2736
7236	6236
4632	3632
8980	7980
8983	7983
5107	4107
4419	3419
8664	7664
7571	6571
6300	5300
10072	9072
2670	1670
7020	6020
3034	2034
9769	8769
9720	8720
7629	6629
3652	2652
10127	9127
6782	5782
3325	2325
2562	1562
5338	4338
4561	3561
2590	1590
6889	5889
1895	895
1891	891
8463	7463
4808	3808
6642	5642
7550	6550
1043	43
6625	5625
5529	4529
5377	4377
7083	6083
5299	4299
3040	2040
3653	2653
10599	9599
8464	7464
1675	675
6618	5618
10497	9497
6795	5795
5337	4337
3477	2477
9447	8447
4464	3464
5610	4610
8123	7123
2377	1377
9947	8947
1683	683
3966	2966
5835	4835
8929	7929
1209	209
9649	8649
9088	8088
3202	2202
6199	5199
5482	4482
8826	7826
7079	6079
9858	8858
4908	3908
1378	378
8250	7250
3912	2912
7328	6328
5713	4713
4586	3586
2945	1945
5209	4209
10381	9381
3633	2633
4037	3037
5179	4179
3448	2448
8647	7647
2301	1301
4825	3825
7593	6593
9335	8335
7790	6790
8780	7780
3615	2615
7998	6998
7428	6428
1702	702
6551	5551
8978	7978
2535	1535
4376	3376
1409	409
7744	6744
4635	3635
8138	7138
4993	3993
7547	6547
4465	3465
9705	8705
7484	6484
2761	1761
10265	9265
3216	2216
5393	4393
3302	2302
3746	2746
7841	6841
7300	6300
1398	398
1665	665
3892	2892
6084	5084
4806	3806
8023	7023
8698	7698
8156	7156
10803	9803
5751	4751
3706	2706
5132	4132
7285	6285
3434	2434
5540	4540
4029	3029
7068	6068
9029	8029
4373	3373
9966	8966
8845	7845
3078	2078
2802	1802
10605	9605
8694	7694
5017	4017
1350	350
7347	6347
4115	3115
4542	3542
3646	2646
4512	3512
5206	4206
2890	1890
9596	8596
5363	4363
9912	8912
7293	6293
8870	7870
9714	8714
8396	7396
1576	576
3846	2846
1032	32
10361	9361
4737	3737
10412	9412
6428	5428
9118	8118
3785	2785
1746	746
6962	5962
2214	1214
3547	2547
2919	1919
9907	8907
3915	2915
3268	2268
6254	5254
7029	6029
6809	5809
5251	4251
6893	5893
7366	6366
7140	6140
5488	4488
1728	728
6052	5052
8132	7132
9598	8598
1117	117
5527	4527
6525	5525
10314	9314
1911	911
5885	4885
4051	3051
1322	322
7664	6664
8520	7520
4106	3106
4761	3761
4481	3481
1671	671
7307	6307
6399	5399
10578	9578
6574	5574
8666	7666
2183	1183
8954	7954
10826	9826
6433	5433
4846	3846
7191	6191
2573	1573
5685	4685
4271	3271
3976	2976
2817	1817
9220	8220
10444	9444
3695	2695
4744	3744
9758	8758
4605	3605
5980	4980
9160	8160
4927	3927
8995	7995
6679	5679
4384	3384
2756	1756
10159	9159
5055	4055
5414	4414
1910	910
10984	9984
7339	6339
5927	4927
8518	7518
5293	4293
5753	4753
3950	2950
5490	4490
1943	943
1874	874
10175	9175
5213	4213
1201	201
1991	991
3432	2432
10645	9645
4685	3685
3527	2527
9402	8402
8290	7290
4858	3858
3913	2913
8568	7568
2853	1853
9591	8591
8303	7303
4608	3608
5101	4101
2357	1357
5373	4373
6010	5010
8692	7692
1712	712
10937	9937
6209	5209
6004	5004
2041	1041
5511	4511
10493	9493
2983	1983
6384	5384
6019	5019
3548	2548
