500	2179070
10175	9175
3978	2978
3125	2125
2782	1782
4856	3856
10724	9724
2405	1405
4209	3209
3371	2371
8700	7700
1930	930
7254	6254
1687	687
3613	2613
7743	6743
9488	8488
7924	6924
9461	8461
4881	3881
9699	8699
6664	5664
8501	7501
8113	7113
1286	286
3731	2731
9813	8813
10643	9643
8921	7921
4968	3968
6883	5883
5395	4395
4142	3142
6212	5212
3871	2871
5924	4924
10067	9067
3594	2594
3680	2680
3275	2275
5964	4964
7732	6732
10556	9556
8569	7569
8418	7418
3168	2168
5311	4311
6905	5905
6444	5444
10123	9123
7137	6137
5142	4142
5787	4787
4637	3637
2254	1254
2424	1424
3719	2719
7419	6419
2066	1066
1640	640
7738	6738
4300	3300
2386	1386
10880	9880
5863	4863
5257	4257
2155	1155
1281	281
7850	6850
1186	186
3555	2555
9166	8166
7917	6917
3110	2110
6734	5734
5334	4334
1629	629
7397	6397
7590	6590
7072	6072
6519	5519
3727	2727
7566	6566
7657	6657
3715	2715
5171	4171
9080	8080
6434	5434
1589	589
6497	5497
7073	6073
4679	3679
6148	5148
4810	3810
4558	3558
1010	10
9066	8066
2064	1064
7642	6642
2268	1268
2249	1249
10196	9196
6785	5785
5518	4518
8657	7657
8870	7870
9851	8851
9286	8286
5266	4266
2793	1793
5357	4357
7137	6137
1871	871
8274	7274
3793	2793
4585	3585
2445	1445
8225	7225
10018	9018
9385	8385
10073	9073
2442	1442
3063	2063
5221	4221
6252	5252
2972	1972
1582	582
10669	9669
10387	9387
8224	7224
8288	7288
7988	6988
3771	2771
4072	3072
2505	1505
1428	428
1942	942
7707	6707
6065	5065
2559	1559
9499	8499
6773	5773
5047	4047
10369	9369
4047	3047
7840	6840
3954	2954
1843	843
1416	416
2971	1971
10227	9227
10488	9488
4413	3413
2290	1290
4708	3708
6016	5016
10613	9613
1642	642
5684	4684
10000	9000
8865	7865
9324	8324
6987	5987
7987	6987
2395	1395
8491	7491
4766	3766
9688	8688
5197	4197
9830	8830
7599	6599
3696	2696
5603	4603
1645	645
9416	8416
5001	4001
4836	3836
8721	7721
5843	4843
5251	4251
10692	9692
5069	4069
4739	3739
10456	9456
2710	1710
4798	3798
1823	823
2323	1323
5439	4439
6506	5506
1322	322
9655	8655
4829	3829
3660	2660
2994	1994
2576	1576
1150	150
6759	5759
7615	6615
1698	698
5589	4589
4213	3213
10745	9745
6543	5543
1210	210
9161	8161
10543	9543
5045	4045
6881	5881
5385	4385
5648	4648
2924	1924
5805	4805
9386	8386
8731	7731
3867	2867
9535	8535
9553	8553
5189	4189
10326	9326
1411	411
1862	862
5332	4332
1591	591
4521	3521
7325	6325
3166	2166
4670	3670
3084	2084
6133	5133
1719	719
4024	3024
5697	4697
1464	464
9566	8566
5906	4906
9624	8624
5460	4460
6303	5303
5504	4504
6196	5196
10950	9950
3780	2780
11000	10000
5687	4687
1510	510
3866	2866
4221	3221
10063	9063
4406	3406
9898	8898
10473	9473
5267	4267
4230	3230
1063	63
5139	4139
6906	5906
9581	8581
5160	4160
8989	7989
1065	65
5879	4879
8364	7364
5761	4761
6342	5342
3281	2281
10667	9667
4965	3965
7740	6740
5969	4969
5820	4820
9287	8287
2270	1270
4951	3951
9287	8287
6956	5956
5461	4461
8504	7504
6528	5528
4523	3523
8262	7262
5426	4426
10347	9347
8880	7880
5007	4007
6761	5761
3019	2019
10912	9912
1693	693
7178	6178
5253	4253
1757	757
8408	7408
2616	1616
6518	5518
3749	2749
1249	249
6184	5184
4065	3065
7988	6988
7504	6504
5237	4237
6275	5275
8773	7773
9187	8187
10913	9913
1080	80
3647	2647
4768	3768
6607	5607
3521	2521
2029	1029
7384	6384
9219	8219
6261	5261
1390	390
4980	3980
8279	7279
1302	302
2024	1024
10808	9808
1906	906
2781	1781
4568	3568
9873	8873
8298	7298
7316	6316
10121	9121
9833	8833
6733	5733
3461	2461
2688	1688
10969	9969
8735	7735
6812	5812
5507	4507
4999	3999
6891	5891
4506	3506
5118	4118
2497	1497
7026	6026
2499	1499
8881	7881
5245	4245
7759	6759
5622	4622
5576	4576
1389	389
5923	4923
6599	5599
7548	6548
3180	2180
4731	3731
1115	115
2053	1053
2028	1028
3783	2783
1173	173
7212	6212
5867	4867
3633	2633
8899	7899
2187	1187
7719	6719
4710	3710
6693	5693
8069	7069
10600	9600
10198	9198
2187	1187
8449	7449
2576	1576
3685	2685
2681	1681
3172	2172
6795	5795
7302	6302
4099	3099
7183	6183
8577	7577
9697	8697
3730	2730
10756	9756
9780	8780
10197	9197
8160	7160
10807	9807
2979	1979
8333	7333
3371	2371
7845	6845
7317	6317
7621	6621
9031	8031
4036	3036
1331	331
1075	75
1104	104
7282	6282
10273	9273
8642	7642
1082	82
8200	7200
1326	326
9114	8114
10371	9371
3472	2472
5416	4416
3469	2469
9654	8654
9344	8344
8517	7517
8736	7736
5451	4451
7296	6296
4284	3284
2611	1611
3455	2455
6262	5262
9943	8943
5825	4825
9458	8458
2611	1611
2445	1445
3840	2840
5646	4646
9127	8127
10266	9266
2102	1102
1761	761
5890	4890
9743	8743
8194	7194
3089	2089
6421	5421
6308	5308
2459	1459
8892	7892
7075	6075
1279	279
3898	2898
5418	4418
8796	7796
7985	6985
9868	8868
1443	443
1268	268
7830	6830
3897	2897
2881	1881
3124	2124
5073	4073
7690	6690
4735	3735
2870	1870
6881	5881
9380	8380
7348	6348
6146	5146
6833	5833
8108	7108
1036	36
5576	4576
1654	654
3124	2124
7348	6348
6961	5961
10935	9935
1591	591
3035	2035
7565	6565
10840	9840
3804	2804
1712	712
7824	6824
9023	8023
2155	1155
4443	3443
5853	4853
1403	403
6323	5323
7976	6976
5476	4476
9364	8364
1710	710
3697	2697
5244	4244
6442	5442
10044	9044
10390	9390
2274	1274
3504	2504
6777	5777
3201	2201
4157	3157
5252	4252
5900	4900
10117	9117
1538	538
6491	5491
