500	1864460
8093	7093
1597	597
8019	7019
9172	8172
1305	305
9773	8773
1565	565
6096	5096
3786	2786
10745	9745
10948	9948
2621	1621
4549	3549
6291	5291
8334	7334
2194	1194
4861	3861
4642	3642
10443	9443
1829	829
8637	7637
7227	6227
6129	5129
9136	8136
5859	4859
6560	5560
4718	3718
8390	7390
2462	1462
1172	172
1496	496
9554	8554
1768	768
8514	7514
4077	3077
2073	1073
3638	2638
10994	9994
3520	2520
2775	1775
7090	6090
3467	2467
4395	3395
10638	9638
5109	4109
1728	728
1832	832
8969	7969
1721	721
7626	6626
9797	8797
9357	8357
3853	2853
1277	277
7493	6493
5063	4063
3189	2189
7562	6562
2452	1452
1002	2
7733	6733
9299	8299
9555	8555
4853	3853
6812	5812
8984	7984
2277	1277
5801	4801
8977	7977
4796	3796
7575	6575
5066	4066
3614	2614
10969	9969
1056	56
7722	6722
1696	696
1887	887
2042	1042
8768	7768
4864	3864
10838	9838
7125	6125
7716	6716
7467	6467
9969	8969
8130	7130
9655	8655
6530	5530
5933	4933
9656	8656
9614	8614
4231	3231
4562	3562
3466	2466
10042	9042
8897	7897
4742	3742
1194	194
6873	5873
4889	3889
7768	6768
7291	6291
7502	6502
7736	6736
7346	6346
10575	9575
4783	3783
4584	3584
1616	616
2551	1551
8447	7447
7806	6806
5027	4027
1515	515
4272	3272
10347	9347
8644	7644
9278	8278
2228	1228
3577	2577
4285	3285
10841	9841
6807	5807
4198	3198
3307	2307
2201	1201
2095	1095
3400	2400
2394	1394
7967	6967
7289	6289
5514	4514
10609	9609
10142	9142
2249	1249
3306	2306
6069	5069
2384	1384
6889	5889
6684	5684
10286	9286
10688	9688
9841	8841
4312	3312
1202	202
3112	2112
10010	9010
5197	4197
7741	6741
1237	237
4125	3125
1025	25
1077	77
6284	5284
4223	3223
9735	8735
3836	2836
5317	4317
2135	1135
1581	581
8635	7635
4775	3775
6094	5094
8244	7244
10268	9268
3695	2695
10549	9549
5336	4336
5078	4078
2790	1790
7372	6372
4363	3363
2477	1477
6212	5212
4026	3026
9030	8030
4676	3676
9387	8387
9578	8578
1416	416
9623	8623
2703	1703
1441	441
9699	8699
7986	6986
1015	15
8434	7434
10821	9821
5331	4331
5920	4920
7753	6753
9317	8317
6046	5046
2847	1847
6560	5560
5313	4313
5541	4541
2461	1461
6001	5001
5970	4970
4250	3250
2372	1372
5684	4684
2078	1078
3935	2935
5061	4061
10107	9107
7610	6610
3447	2447
8684	7684
8026	7026
2069	1069
6738	5738
4818	3818
7119	6119
3723	2723
1184	184
4552	3552
9895	8895
1866	866
5823	4823
6648	5648
10182	9182
10868	9868
4846	3846
5742	4742
1533	533
9386	8386
3554	2554
6533	5533
10707	9707
6803	5803
4256	3256
5390	4390
4232	3232
7190	6190
9450	8450
3338	2338
10152	9152
1896	896
7373	6373
3529	2529
9316	8316
3111	2111
7346	6346
5434	4434
2185	1185
3881	2881
5338	4338
7432	6432
4746	3746
10160	9160
3079	2079
3927	2927
6380	5380
3276	2276
5020	4020
6912	5912
8013	7013
7573	6573
2444	1444
7719	6719
9727	8727
5699	4699
2108	1108
2958	1958
8240	7240
6909	5909
5295	4295
7391	6391
4156	3156
8020	7020
9919	8919
8823	7823
10130	9130
2616	1616
3256	2256
7666	6666
5496	4496
3945	2945
4097	3097
5593	4593
9457	8457
2527	1527
8520	7520
4836	3836
4802	3802
2539	1539
10747	9747
1814	814
9112	8112
8542	7542
8532	7532
7838	6838
9592	8592
5991	4991
6148	5148
6831	5831
8251	7251
10442	9442
9574	8574
1406	406
3813	2813
4844	3844
9228	8228
2942	1942
2812	1812
7836	6836
5960	4960
3659	2659
10780	9780
9056	8056
8252	7252
9236	8236
10583	9583
5771	4771
3071	2071
4384	3384
7309	6309
9169	8169
1550	550
1772	772
3062	2062
5433	4433
4962	3962
1653	653
10424	9424
10109	9109
3836	2836
7674	6674
5902	4902
2409	1409
4432	3432
8715	7715
2604	1604
9011	8011
7008	6008
4415	3415
5846	4846
1967	967
7074	6074
1978	978
10023	9023
4325	3325
10213	9213
5957	4957
9095	8095
8636	7636
5692	4692
1755	755
6804	5804
6241	5241
2527	1527
8866	7866
7026	6026
2840	1840
5870	4870
6449	5449
1948	948
8705	7705
9474	8474
3201	2201
6465	5465
9257	8257
10915	9915
8069	7069
7268	6268
3275	2275
1483	483
8465	7465
4241	3241
7556	6556
9442	8442
9615	8615
7232	6232
5007	4007
4571	3571
5326	4326
2642	1642
5615	4615
6081	5081
4797	3797
10855	9855
3959	2959
9014	8014
6880	5880
2150	1150
3884	2884
8680	7680
3097	2097
7940	6940
3506	2506
1649	649
3405	2405
8114	7114
1564	564
6825	5825
10733	9733
10190	9190
7307	6307
8198	7198
3430	2430
10215	9215
2991	1991
8397	7397
6446	5446
6997	5997
8319	7319
10772	9772
4990	3990
2933	1933
2204	1204
8787	7787
9140	8140
1514	514
3152	2152
1371	371
2663	1663
6035	5035
9051	8051
1111	111
9327	8327
7908	6908
1759	759
1731	731
5021	4021
8674	7674
7555	6555
4754	3754
7863	6863
10213	9213
8303	7303
6645	5645
9427	8427
10293	9293
4041	3041
1225	225
2642	1642
7711	6711
7348	6348
6631	5631
9644	8644
4903	3903
4417	3417
7783	6783
1768	768
6569	5569
8153	7153
3430	2430
7955	6955
2555	1555
9892	8892
6281	5281
9462	8462
7002	6002
3363	2363
9835	8835
1028	28
6269	5269
9940	8940
7890	6890
1834	834
7242	6242
9886	8886
6612	5612
2886	1886
9278	8278
6836	5836
4527	3527
5989	4989
3183	2183
10158	9158
4632	3632
3437	2437
9926	8926
1414	414
4204	3204
5494	4494
4918	3918
2985	1985
8801	7801
6473	5473
1876	876
10433	9433
1286	286
4230	3230
9148	8148
10120	9120
4257	3257
10768	9768
9059	8059
7498	6498
1601	601
1652	652
6384	5384
3565	2565
3538	2538
4661	3661
9400	8400
