500	242799
10166	9166
4780	3780
2304	1304
1198	198
8181	7181
5040	4040
1647	647
3632	2632
10719	9719
7641	6641
2438	1438
5496	4496
2943	1943
8323	7323
7587	6587
2026	1026
8660	7660
8955	7955
5800	4800
8600	7600
2591	1591
1778	778
6986	5986
6346	5346
2285	1285
2596	1596
3199	2199
7751	6751
10013	9013
10487	9487
10509	9509
5530	4530
4266	3266
1813	813
5728	4728
7799	6799
2204	1204
6374	5374
10430	9430
8274	7274
9367	8367
8219	7219
2770	1770
7661	6661
5541	4541
5708	4708
8686	7686
9552	8552
3662	2662
9837	8837
7151	6151
1604	604
10614	9614
9488	8488
6949	5949
1899	899
1083	83
5499	4499
8649	7649
6447	5447
4986	3986
8157	7157
10977	9977
4603	3603
5321	4321
5704	4704
7753	6753
2877	1877
7429	6429
7182	6182
10150	9150
5795	4795
10752	9752
8271	7271
2455	1455
5293	4293
2978	1978
6492	5492
3844	2844
1991	991
5328	4328
9995	8995
2595	1595
1294	294
8482	7482
4895	3895
2192	1192
4917	3917
5746	4746
6192	5192
10363	9363
6083	5083
3348	2348
10339	9339
9685	8685
4021	3021
1394	394
6438	5438
5897	4897
7823	6823
8971	7971
5046	4046
2617	1617
8723	7723
8669	7669
10424	9424
9367	8367
10646	9646
5915	4915
8562	7562
7989	6989
6595	5595
3908	2908
5935	4935
6888	5888
7742	6742
6181	5181
4431	3431
1658	658
10926	9926
9622	8622
7372	6372
6008	5008
8321	7321
6711	5711
1045	45
1341	341
3456	2456
2834	1834
2589	1589
6630	5630
7156	6156
2987	1987
4599	3599
4878	3878
10655	9655
4022	3022
9596	8596
6652	5652
5288	4288
7158	6158
3640	2640
7234	6234
6417	5417
8574	7574
3121	2121
3158	2158
3755	2755
2903	1903
3815	2815
10032	9032
1524	524
10187	9187
5040	4040
8845	7845
2249	1249
5084	4084
5537	4537
1056	56
3269	2269
3478	2478
6686	5686
9424	8424
5464	4464
10284	9284
3302	2302
1470	470
3305	2305
8249	7249
7121	6121
3944	2944
10758	9758
6113	5113
10178	9178
6175	5175
10038	9038
2298	1298
8332	7332
2792	1792
4201	3201
7499	6499
8176	7176
1076	76
6685	5685
2215	1215
5272	4272
4285	3285
2650	1650
6161	5161
4340	3340
4918	3918
8638	7638
10025	9025
3341	2341
9453	8453
9308	8308
1994	994
9922	8922
7964	6964
5595	4595
2394	1394
10908	9908
5352	4352
7506	6506
10085	9085
6878	5878
6544	5544
7734	6734
4210	3210
4687	3687
7286	6286
10708	9708
1862	862
3714	2714
2744	1744
9428	8428
7985	6985
2380	1380
7429	6429
3145	2145
2071	1071
1346	346
7134	6134
1096	96
10039	9039
5586	4586
5755	4755
7384	6384
10859	9859
9071	8071
1978	978
2253	1253
8978	7978
2682	1682
8758	7758
4414	3414
8559	7559
10653	9653
7499	6499
8120	7120
4340	3340
10137	9137
4179	3179
1553	553
2850	1850
5922	4922
9981	8981
9834	8834
3653	2653
2761	1761
8331	7331
4724	3724
9459	8459
10816	9816
1171	171
8497	7497
5402	4402
2277	1277
1232	232
5260	4260
10347	9347
8562	7562
2864	1864
4676	3676
10243	9243
6974	5974
4441	3441
4153	3153
6626	5626
7292	6292
1273	273
6317	5317
6428	5428
4451	3451
6870	5870
8277	7277
5725	4725
2202	1202
3462	2462
8377	7377
3962	2962
7144	6144
8452	7452
2420	1420
6960	5960
4974	3974
6268	5268
1361	361
6251	5251
6500	5500
1972	972
1949	949
4061	3061
3836	2836
5625	4625
9655	8655
6161	5161
5417	4417
2807	1807
1786	786
1708	708
9431	8431
7103	6103
7135	6135
2882	1882
9324	8324
10763	9763
3958	2958
10525	9525
3225	2225
7686	6686
9838	8838
9368	8368
5138	4138
1258	258
5327	4327
9111	8111
6525	5525
2039	1039
10713	9713
8376	7376
9363	8363
1662	662
1436	436
8550	7550
6286	5286
6442	5442
3710	2710
7054	6054
8249	7249
4495	3495
7762	6762
6679	5679
6949	5949
3896	2896
4912	3912
5272	4272
10011	9011
7869	6869
1148	148
2235	1235
4555	3555
9986	8986
6954	5954
5044	4044
10243	9243
7633	6633
9506	8506
2119	1119
5023	4023
9219	8219
9495	8495
3385	2385
9880	8880
6282	5282
7286	6286
1517	517
1724	724
6347	5347
7570	6570
5324	4324
6194	5194
4331	3331
7354	6354
2142	1142
3579	2579
7618	6618
2766	1766
8941	7941
4486	3486
2913	1913
10175	9175
4392	3392
1898	898
2480	1480
4787	3787
7492	6492
9112	8112
3293	2293
4963	3963
3135	2135
7863	6863
3457	2457
1871	871
6742	5742
5090	4090
4509	3509
3610	2610
2165	1165
9855	8855
10179	9179
6488	5488
5048	4048
9862	8862
9194	8194
2542	1542
8792	7792
5811	4811
4307	3307
6732	5732
5648	4648
2571	1571
2258	1258
5392	4392
3469	2469
3737	2737
5530	4530
6312	5312
8201	7201
7822	6822
10274	9274
6687	5687
1036	36
9082	8082
3909	2909
6777	5777
3172	2172
7417	6417
9386	8386
10688	9688
6272	5272
4917	3917
2528	1528
6671	5671
3778	2778
10721	9721
8212	7212
7921	6921
1883	883
7870	6870
3652	2652
2882	1882
9441	8441
1261	261
3625	2625
8261	7261
3997	2997
8155	7155
3572	2572
7549	6549
1328	328
9198	8198
3235	2235
1364	364
7279	6279
6144	5144
3492	2492
5802	4802
2560	1560
1878	878
5490	4490
4183	3183
2146	1146
7017	6017
6206	5206
1275	275
3089	2089
3417	2417
8195	7195
3971	2971
10287	9287
7198	6198
2204	1204
5079	4079
7458	6458
4829	3829
2339	1339
6806	5806
1983	983
4910	3910
3355	2355
2310	1310
9459	8459
5589	4589
9025	8025
2090	1090
7084	6084
1517	517
6891	5891
8644	7644
8746	7746
7732	6732
8178	7178
9891	8891
3748	2748
3383	2383
10165	9165
2188	1188
2152	1152
3711	2711
5158	4158
1438	438
9908	8908
2714	1714
5516	4516
2717	1717
6542	5542
3206	2206
8522	7522
7524	6524
