500	1878129
9793	8793
10166	9166
4683	3683
5467	4467
10879	9879
9952	8952
7089	6089
6734	5734
5749	4749
4425	3425
2810	1810
2037	1037
5631	4631
7040	6040
5234	4234
8804	7804
6249	5249
10298	9298
5253	4253
5236	4236
9528	8528
7443	6443
5844	4844
4052	3052
7642	6642
2115	1115
1543	543
2676	1676
1534	534
2366	1366
4603	3603
6678	5678
7884	6884
8286	7286
1144	144
7762	6762
3589	2589
3584	2584
9847	8847
4690	3690
7008	6008
1656	656
5726	4726
7990	6990
4047	3047
6312	5312
5793	4793
9295	8295
5609	4609
6398	5398
3530	2530
4136	3136
9192	8192
8374	7374
7187	6187
2185	1185
5840	4840
4081	3081
3860	2860
2725	1725
1799	799
7463	6463
8402	7402
8682	7682
1100	100
4897	3897
5443	4443
10040	9040
7480	6480
4289	3289
10081	9081
9839	8839
1296	296
1159	159
6828	5828
4343	3343
6470	5470
7973	6973
8989	7989
7430	6430
9722	8722
7871	6871
10565	9565
7913	6913
5244	4244
3104	2104
9097	8097
6435	5435
2536	1536
8309	7309
8160	7160
3334	2334
4771	3771
5561	4561
1015	15
1222	222
9458	8458
1809	809
6613	5613
2289	1289
5097	4097
5694	4694
1128	128
1745	745
2204	1204
3307	2307
5087	4087
7673	6673
6631	5631
9427	8427
10454	9454
5352	4352
6297	5297
6370	5370
8616	7616
6892	5892
8473	7473
3065	2065
2327	1327
6361	5361
10373	9373
9486	8486
8694	7694
10495	9495
10398	9398
5061	4061
10716	9716
5207	4207
5869	4869
2680	1680
6496	5496
6318	5318
3725	2725
2975	1975
3414	2414
4928	3928
1633	633
3852	2852
7952	6952
7264	6264
2278	1278
7405	6405
7967	6967
7575	6575
2775	1775
1935	935
3466	2466
6599	5599
3999	2999
4792	3792
8311	7311
3371	2371
9629	8629
6005	5005
2865	1865
9027	8027
6417	5417
8932	7932
9585	8585
7637	6637
10611	9611
1432	432
2954	1954
9688	8688
3406	2406
1719	719
3615	2615
10391	9391
4570	3570
6919	5919
6654	5654
5848	4848
3323	2323
9972	8972
2422	1422
1449	449
10906	9906
4887	3887
3400	2400
3904	2904
5031	4031
10710	9710
2626	1626
3659	2659
2066	1066
4490	3490
8037	7037
7482	6482
8773	7773
6622	5622
4119	3119
4736	3736
7053	6053
2424	1424
3423	2423
5811	4811
3143	2143
2389	1389
5201	4201
6712	5712
8307	7307
7206	6206
7911	6911
6982	5982
2529	1529
9332	8332
7430	6430
2435	1435
9571	8571
6181	5181
1690	690
3601	2601
5891	4891
3316	2316
2611	1611
6956	5956
3157	2157
9648	8648
9790	8790
7282	6282
1621	621
9260	8260
1017	17
7673	6673
7035	6035
9791	8791
8835	7835
5529	4529
7531	6531
3035	2035
7593	6593
4838	3838
5592	4592
4503	3503
7171	6171
7121	6121
2835	1835
3600	2600
8555	7555
7757	6757
5133	4133
5596	4596
10357	9357
10023	9023
4263	3263
8319	7319
2330	1330
2772	1772
6966	5966
1119	119
9053	8053
3938	2938
5730	4730
5421	4421
10611	9611
1765	765
10563	9563
4797	3797
6293	5293
7093	6093
3184	2184
2885	1885
7282	6282
7775	6775
6388	5388
3452	2452
3895	2895
4574	3574
2404	1404
7801	6801
1330	330
6536	5536
2397	1397
7038	6038
5558	4558
2011	1011
4356	3356
3239	2239
3782	2782
6674	5674
9710	8710
8186	7186
9611	8611
4439	3439
8958	7958
5573	4573
5203	4203
8520	7520
9370	8370
10496	9496
10965	9965
1553	553
8732	7732
7246	6246
8327	7327
4119	3119
6050	5050
7574	6574
7692	6692
7453	6453
4374	3374
4373	3373
2988	1988
5770	4770
6762	5762
3897	2897
3133	2133
10118	9118
2487	1487
5914	4914
2143	1143
1196	196
9452	8452
10753	9753
4635	3635
7409	6409
1678	678
8837	7837
1281	281
6399	5399
4684	3684
7597	6597
6951	5951
2416	1416
10194	9194
10629	9629
1886	886
5243	4243
7202	6202
4930	3930
1695	695
10576	9576
8302	7302
10034	9034
1697	697
4064	3064
9282	8282
3829	2829
9533	8533
10769	9769
5095	4095
10675	9675
10964	9964
3546	2546
6779	5779
4598	3598
6306	5306
7456	6456
8787	7787
2938	1938
2854	1854
8822	7822
9534	8534
5156	4156
6589	5589
5080	4080
4785	3785
7475	6475
9322	8322
7338	6338
1404	404
6369	5369
3265	2265
5057	4057
5402	4402
10314	9314
8120	7120
10036	9036
3142	2142
6652	5652
9804	8804
3588	2588
2678	1678
6119	5119
2485	1485
8457	7457
6069	5069
7791	6791
4912	3912
10207	9207
9728	8728
3118	2118
8028	7028
4614	3614
7273	6273
9969	8969
8693	7693
7409	6409
6443	5443
3366	2366
10099	9099
3198	2198
8734	7734
2363	1363
7254	6254
9488	8488
1676	676
10726	9726
8523	7523
10170	9170
2729	1729
3678	2678
2757	1757
4407	3407
8796	7796
10594	9594
8215	7215
3864	2864
7384	6384
8478	7478
3070	2070
2463	1463
10595	9595
6450	5450
2428	1428
3220	2220
5418	4418
10120	9120
9628	8628
7212	6212
2486	1486
8726	7726
9409	8409
6571	5571
6441	5441
2014	1014
5058	4058
7116	6116
8091	7091
8932	7932
2637	1637
9820	8820
1609	609
10746	9746
3226	2226
5757	4757
10339	9339
6792	5792
8620	7620
3074	2074
4269	3269
7042	6042
4536	3536
3864	2864
2491	1491
5964	4964
6083	5083
6908	5908
1435	435
1062	62
9471	8471
9272	8272
8788	7788
4231	3231
4843	3843
10580	9580
5244	4244
5252	4252
6695	5695
2335	1335
9536	8536
4684	3684
7506	6506
6496	5496
10781	9781
6083	5083
1252	252
10119	9119
1874	874
8872	7872
2192	1192
5142	4142
4913	3913
2079	1079
4357	3357
2755	1755
3394	2394
5791	4791
5014	4014
3829	2829
5853	4853
3484	2484
8452	7452
9992	8992
6714	5714
8646	7646
9571	8571
7309	6309
9250	8250
1617	617
8643	7643
7785	6785
5300	4300
5148	4148
3280	2280
5080	4080
10230	9230
3532	2532
10550	9550
7455	6455
