500	649981
10228	9228
10444	9444
10617	9617
5831	4831
5804	4804
9972	8972
9839	8839
3398	2398
4662	3662
9382	8382
5522	4522
10541	9541
5951	4951
6906	5906
2928	1928
1908	908
4333	3333
7056	6056
7807	6807
1406	406
8945	7945
7744	6744
5005	4005
8760	7760
2265	1265
4385	3385
2691	1691
6923	5923
4377	3377
7676	6676
9695	8695
3605	2605
7119	6119
5663	4663
4787	3787
8275	7275
4635	3635
3625	2625
10672	9672
4648	3648
2006	1006
1545	545
10541	9541
6956	5956
3802	2802
2468	1468
4216	3216
3487	2487
4875	3875
7374	6374
10244	9244
2819	1819
4118	3118
10600	9600
10578	9578
1734	734
3984	2984
2269	1269
4008	3008
7361	6361
5296	4296
2702	1702
6317	5317
7767	6767
3717	2717
10103	9103
1393	393
3703	2703
2727	1727
7416	6416
7350	6350
10084	9084
7961	6961
3242	2242
2392	1392
7114	6114
1061	61
1959	959
9600	8600
4935	3935
8332	7332
8844	7844
6754	5754
7801	6801
8443	7443
2683	1683
4886	3886
1427	427
10303	9303
7893	6893
4139	3139
4599	3599
5947	4947
5807	4807
1365	365
8663	7663
4909	3909
8109	7109
1365	365
2987	1987
4524	3524
4066	3066
8422	7422
7836	6836
6308	5308
6165	5165
3950	2950
6368	5368
3475	2475
8901	7901
10303	9303
7159	6159
6744	5744
2408	1408
3959	2959
10539	9539
4090	3090
7845	6845
7317	6317
3393	2393
4737	3737
6807	5807
3343	2343
6035	5035
1613	613
10059	9059
3697	2697
1873	873
7167	6167
10413	9413
3859	2859
10690	9690
3479	2479
7632	6632
7526	6526
8786	7786
2797	1797
10475	9475
10505	9505
1623	623
8375	7375
9807	8807
7781	6781
10471	9471
7566	6566
10740	9740
6361	5361
10656	9656
3936	2936
9029	8029
9400	8400
4024	3024
4835	3835
1742	742
9059	8059
5447	4447
10800	9800
1755	755
6319	5319
6966	5966
1168	168
5529	4529
6655	5655
9998	8998
2160	1160
3180	2180
4135	3135
10308	9308
9006	8006
3639	2639
10931	9931
2733	1733
8798	7798
7711	6711
2203	1203
5363	4363
3802	2802
3915	2915
1370	370
6737	5737
1943	943
9769	8769
9761	8761
5777	4777
6862	5862
4171	3171
6575	5575
6661	5661
1277	277
1893	893
8978	7978
7796	6796
2773	1773
4633	3633
6793	5793
3932	2932
3164	2164
9927	8927
9592	8592
1170	170
2566	1566
5874	4874
9254	8254
6715	5715
2584	1584
6808	5808
1077	77
1738	738
9722	8722
7799	6799
3826	2826
7016	6016
2919	1919
8938	7938
8144	7144
8781	7781
2108	1108
3718	2718
10793	9793
2385	1385
10962	9962
8771	7771
9180	8180
2734	1734
8755	7755
4973	3973
2017	1017
7270	6270
10251	9251
10608	9608
3791	2791
1816	816
1833	833
2044	1044
7530	6530
9769	8769
7851	6851
3959	2959
10506	9506
6572	5572
10757	9757
3331	2331
2587	1587
2675	1675
1269	269
9730	8730
6807	5807
2376	1376
8799	7799
6600	5600
10112	9112
8760	7760
4370	3370
8292	7292
6845	5845
8476	7476
8616	7616
7862	6862
4745	3745
7866	6866
3821	2821
7536	6536
8682	7682
4654	3654
8579	7579
1563	563
3422	2422
5430	4430
10873	9873
9279	8279
7353	6353
6981	5981
7961	6961
5292	4292
8656	7656
8229	7229
10373	9373
4462	3462
5957	4957
8172	7172
6413	5413
1420	420
5931	4931
6134	5134
8711	7711
8128	7128
3609	2609
6326	5326
4989	3989
3706	2706
3192	2192
4161	3161
10241	9241
7225	6225
7814	6814
4171	3171
4139	3139
6587	5587
4952	3952
10364	9364
1217	217
1305	305
6344	5344
8178	7178
1948	948
3999	2999
5406	4406
1320	320
3813	2813
6714	5714
8491	7491
9225	8225
7134	6134
9774	8774
4359	3359
1196	196
6901	5901
3319	2319
6522	5522
7241	6241
6024	5024
5065	4065
10401	9401
1616	616
7641	6641
3567	2567
4787	3787
7131	6131
5505	4505
8738	7738
6494	5494
5722	4722
5394	4394
1838	838
2899	1899
6341	5341
1188	188
3656	2656
6661	5661
4000	3000
9370	8370
10503	9503
8577	7577
1855	855
5628	4628
8287	7287
2050	1050
7880	6880
10605	9605
3923	2923
4120	3120
1981	981
4339	3339
9873	8873
2596	1596
7331	6331
2439	1439
6382	5382
3462	2462
3295	2295
10472	9472
8955	7955
8016	7016
4865	3865
9792	8792
9914	8914
6558	5558
6332	5332
8922	7922
8570	7570
9331	8331
3643	2643
4424	3424
3259	2259
4497	3497
9052	8052
10545	9545
1898	898
5931	4931
6502	5502
1173	173
5403	4403
7482	6482
4511	3511
4275	3275
9077	8077
7194	6194
2065	1065
10811	9811
9655	8655
4359	3359
10282	9282
3961	2961
7727	6727
10498	9498
9105	8105
6640	5640
2407	1407
4436	3436
4561	3561
9976	8976
9118	8118
7203	6203
9752	8752
1377	377
7051	6051
7803	6803
7273	6273
4301	3301
9085	8085
2774	1774
4473	3473
9839	8839
5607	4607
4335	3335
3113	2113
3684	2684
10528	9528
10529	9529
9846	8846
9182	8182
10240	9240
9127	8127
8495	7495
6966	5966
4976	3976
6599	5599
8957	7957
6383	5383
10034	9034
8870	7870
1710	710
8151	7151
5072	4072
10461	9461
4879	3879
7475	6475
3615	2615
1152	152
10775	9775
1700	700
2925	1925
10599	9599
10538	9538
7532	6532
3933	2933
9003	8003
6567	5567
3461	2461
8531	7531
5412	4412
7994	6994
4122	3122
9890	8890
5488	4488
10087	9087
10217	9217
1086	86
8044	7044
5599	4599
6471	5471
5913	4913
2661	1661
9974	8974
6336	5336
2121	1121
3852	2852
9162	8162
4736	3736
4003	3003
8936	7936
1787	787
2280	1280
8534	7534
7676	6676
5163	4163
7819	6819
5678	4678
10729	9729
10279	9279
9561	8561
1492	492
3624	2624
9034	8034
10381	9381
4464	3464
8121	7121
5949	4949
10901	9901
1516	516
10548	9548
6372	5372
2780	1780
8560	7560
5345	4345
8115	7115
9680	8680
8196	7196
2629	1629
9767	8767
