500	1268285
10510	9510
10130	9130
3612	2612
7370	6370
3406	2406
3224	2224
8902	7902
5711	4711
1323	323
3925	2925
5975	4975
5184	4184
2561	1561
10534	9534
2069	1069
2823	1823
2673	1673
10691	9691
6853	5853
7225	6225
10066	9066
3586	2586
9681	8681
10474	9474
10069	9069
3647	2647
3384	2384
10736	9736
1952	952
1116	116
3991	2991
7814	6814
6597	5597
2954	1954
4183	3183
9002	8002
5177	4177
2085	1085
10065	9065
1852	852
1361	361
5039	4039
6035	5035
2921	1921
4572	3572
3456	2456
4743	3743
2596	1596
3146	2146
6948	5948
8821	7821
8564	7564
9533	8533
3853	2853
8037	7037
4953	3953
2851	1851
10421	9421
1040	40
3802	2802
6888	5888
10382	9382
6967	5967
8837	7837
2335	1335
10150	9150
6838	5838
6512	5512
7586	6586
2254	1254
3715	2715
7946	6946
6292	5292
8749	7749
6218	5218
6215	5215
7556	6556
6313	5313
7811	6811
6054	5054
2260	1260
1983	983
3617	2617
7144	6144
4835	3835
7005	6005
7448	6448
6685	5685
6425	5425
7487	6487
5838	4838
8665	7665
6869	5869
1805	805
6501	5501
4555	3555
7306	6306
8690	7690
6418	5418
3891	2891
9944	8944
9132	8132
7188	6188
1587	587
3233	2233
2405	1405
6802	5802
9788	8788
4069	3069
3612	2612
1193	193
1680	680
4594	3594
3809	2809
4175	3175
4780	3780
9814	8814
10622	9622
10464	9464
1590	590
3461	2461
1653	653
9254	8254
9329	8329
8809	7809
1106	106
9235	8235
5114	4114
8796	7796
4653	3653
4356	3356
4091	3091
2784	1784
10543	9543
4677	3677
5016	4016
8300	7300
10478	9478
10156	9156
1368	368
9441	8441
10348	9348
8400	7400
9386	8386
3157	2157
1574	574
3165	2165
8322	7322
1196	196
8980	7980
8911	7911
3656	2656
9633	8633
3517	2517
8336	7336
7441	6441
3622	2622
6570	5570
7907	6907
7769	6769
10222	9222
1262	262
10859	9859
2006	1006
7157	6157
4536	3536
2373	1373
4456	3456
10365	9365
1528	528
1175	175
8806	7806
10876	9876
8574	7574
7191	6191
9384	8384
9148	8148
9356	8356
6705	5705
5695	4695
7335	6335
10967	9967
4702	3702
2319	1319
9835	8835
2037	1037
5112	4112
2457	1457
3958	2958
2018	1018
5577	4577
9532	8532
2279	1279
5436	4436
10537	9537
8435	7435
5323	4323
8261	7261
8242	7242
4687	3687
8789	7789
4769	3769
2492	1492
8664	7664
2342	1342
5035	4035
7047	6047
6841	5841
3390	2390
9103	8103
1535	535
6076	5076
5421	4421
5236	4236
3747	2747
4256	3256
2624	1624
7858	6858
5712	4712
5582	4582
8875	7875
6640	5640
4113	3113
6505	5505
1075	75
10001	9001
10292	9292
5397	4397
7261	6261
7533	6533
9084	8084
1401	401
1301	301
6927	5927
5416	4416
8995	7995
10961	9961
7814	6814
4835	3835
9702	8702
5916	4916
1722	722
1130	130
10337	9337
2309	1309
3876	2876
3592	2592
3933	2933
7085	6085
4655	3655
4866	3866
1311	311
10294	9294
7978	6978
6815	5815
6721	5721
3330	2330
6106	5106
1117	117
5942	4942
8991	7991
5552	4552
6343	5343
5643	4643
7831	6831
10758	9758
3637	2637
7791	6791
3924	2924
3824	2824
2845	1845
8839	7839
10897	9897
2974	1974
4527	3527
2205	1205
2201	1201
3470	2470
1489	489
8285	7285
3476	2476
5354	4354
8595	7595
9122	8122
8683	7683
4409	3409
4842	3842
7364	6364
5867	4867
1310	310
2306	1306
10209	9209
5862	4862
4000	3000
4851	3851
2692	1692
10109	9109
3840	2840
5834	4834
3032	2032
3015	2015
7678	6678
7223	6223
2911	1911
6003	5003
7101	6101
10467	9467
7203	6203
9571	8571
7308	6308
10839	9839
2046	1046
8013	7013
8433	7433
10167	9167
5696	4696
8194	7194
10360	9360
8411	7411
9412	8412
10670	9670
9716	8716
8620	7620
1883	883
9067	8067
2470	1470
9926	8926
8176	7176
1661	661
4759	3759
6559	5559
3675	2675
7789	6789
9133	8133
1937	937
9143	8143
5234	4234
7756	6756
5346	4346
3804	2804
4063	3063
5184	4184
1201	201
1075	75
8969	7969
6720	5720
2122	1122
6162	5162
6079	5079
9533	8533
4573	3573
5748	4748
4600	3600
8544	7544
6630	5630
2667	1667
6365	5365
1907	907
6194	5194
7026	6026
2018	1018
8104	7104
6052	5052
8806	7806
6237	5237
6989	5989
3300	2300
10470	9470
3744	2744
7645	6645
9625	8625
3158	2158
8181	7181
9825	8825
3232	2232
6149	5149
5544	4544
4354	3354
7662	6662
10623	9623
9238	8238
7586	6586
1722	722
2837	1837
1481	481
3704	2704
10855	9855
6845	5845
4610	3610
6048	5048
2870	1870
5627	4627
9504	8504
7922	6922
9784	8784
4740	3740
10262	9262
2084	1084
4209	3209
9357	8357
5080	4080
2833	1833
1514	514
8612	7612
8009	7009
10097	9097
10112	9112
2553	1553
9802	8802
6773	5773
8527	7527
8039	7039
9710	8710
9248	8248
9876	8876
10190	9190
8303	7303
6082	5082
6035	5035
1913	913
1130	130
4256	3256
2891	1891
9633	8633
7529	6529
1675	675
9724	8724
6790	5790
9110	8110
9284	8284
1498	498
3189	2189
7468	6468
8363	7363
7153	6153
4476	3476
7460	6460
6264	5264
2380	1380
6261	5261
2037	1037
6258	5258
9652	8652
7098	6098
4506	3506
8527	7527
2640	1640
8160	7160
3608	2608
7674	6674
9072	8072
10089	9089
7281	6281
10963	9963
5073	4073
3810	2810
7989	6989
3796	2796
5951	4951
2450	1450
8431	7431
2801	1801
4638	3638
4898	3898
10163	9163
10790	9790
8374	7374
6622	5622
2406	1406
6105	5105
8235	7235
9794	8794
1363	363
6886	5886
5891	4891
1220	220
10764	9764
7530	6530
8379	7379
9723	8723
10555	9555
2803	1803
5164	4164
3188	2188
2765	1765
9236	8236
2349	1349
6105	5105
8384	7384
3651	2651
7554	6554
5814	4814
5451	4451
7543	6543
6064	5064
4614	3614
3685	2685
3437	2437
6587	5587
5090	4090
