500	1901925
7342	6342
2629	1629
1390	390
7512	6512
3479	2479
6184	5184
6899	5899
3285	2285
9884	8884
8411	7411
9813	8813
9503	8503
6025	5025
3528	2528
1015	15
8647	7647
1593	593
2482	1482
1977	977
5375	4375
10536	9536
5387	4387
6337	5337
1089	89
9184	8184
2897	1897
4146	3146
7315	6315
5585	4585
10086	9086
8595	7595
8279	7279
1714	714
8984	7984
4790	3790
10544	9544
10519	9519
7041	6041
2828	1828
5754	4754
10803	9803
7993	6993
10608	9608
2179	1179
6872	5872
10623	9623
6178	5178
7464	6464
8456	7456
3506	2506
8190	7190
4343	3343
7892	6892
3526	2526
4432	3432
2428	1428
1775	775
3929	2929
8742	7742
2711	1711
3014	2014
2688	1688
9989	8989
10079	9079
7023	6023
10131	9131
9623	8623
6541	5541
2523	1523
7802	6802
7647	6647
8677	7677
4794	3794
7254	6254
9856	8856
7017	6017
3228	2228
5033	4033
3481	2481
10683	9683
7538	6538
10670	9670
10378	9378
10782	9782
9548	8548
3809	2809
2209	1209
10322	9322
6737	5737
6302	5302
2032	1032
5103	4103
7989	6989
7373	6373
4181	3181
4011	3011
2855	1855
9155	8155
5903	4903
10729	9729
5957	4957
2549	1549
8405	7405
9750	8750
5155	4155
7260	6260
5767	4767
7382	6382
1292	292
4599	3599
3417	2417
4182	3182
10620	9620
2794	1794
3963	2963
9167	8167
1954	954
5171	4171
8488	7488
7690	6690
10472	9472
5872	4872
8144	7144
3812	2812
8596	7596
1325	325
3174	2174
6802	5802
9479	8479
8076	7076
6530	5530
10787	9787
5977	4977
3934	2934
5889	4889
10131	9131
10194	9194
7007	6007
2864	1864
6837	5837
10605	9605
5280	4280
10018	9018
10224	9224
7073	6073
2980	1980
4743	3743
8026	7026
3502	2502
8582	7582
1068	68
9325	8325
3453	2453
4563	3563
2136	1136
7400	6400
4887	3887
4309	3309
3201	2201
9718	8718
7737	6737
8730	7730
5856	4856
2713	1713
1664	664
10744	9744
1843	843
7209	6209
6750	5750
3706	2706
9397	8397
6354	5354
4338	3338
8415	7415
1930	930
6762	5762
6746	5746
2024	1024
10140	9140
9248	8248
9605	8605
10207	9207
7572	6572
8410	7410
10121	9121
5060	4060
4809	3809
10360	9360
4720	3720
7010	6010
9077	8077
1456	456
1091	91
3932	2932
9520	8520
8106	7106
10028	9028
10362	9362
4314	3314
5777	4777
9420	8420
9063	8063
7483	6483
2757	1757
6477	5477
4764	3764
8518	7518
2222	1222
5787	4787
7657	6657
6821	5821
4391	3391
3215	2215
9745	8745
1800	800
2336	1336
3804	2804
5609	4609
1695	695
3875	2875
7970	6970
6123	5123
10683	9683
4412	3412
5406	4406
9202	8202
1518	518
10785	9785
4916	3916
1183	183
5562	4562
9687	8687
9245	8245
2044	1044
1443	443
1073	73
2159	1159
5312	4312
2295	1295
6945	5945
8321	7321
4467	3467
10335	9335
6887	5887
3211	2211
7487	6487
4574	3574
2366	1366
8447	7447
1620	620
5241	4241
5416	4416
3094	2094
4923	3923
5179	4179
3852	2852
9476	8476
5696	4696
3636	2636
3391	2391
2231	1231
8197	7197
2077	1077
10475	9475
5592	4592
8871	7871
6900	5900
6750	5750
9535	8535
4546	3546
9046	8046
3207	2207
8012	7012
4733	3733
5445	4445
10223	9223
1219	219
5371	4371
1588	588
8665	7665
2342	1342
2180	1180
9432	8432
4436	3436
2454	1454
3610	2610
3639	2639
10930	9930
4658	3658
6274	5274
9672	8672
5888	4888
9823	8823
10749	9749
1714	714
10766	9766
4971	3971
7613	6613
2868	1868
9857	8857
1158	158
10913	9913
2063	1063
4522	3522
4645	3645
2860	1860
3744	2744
4863	3863
7230	6230
10683	9683
8879	7879
8571	7571
1863	863
7310	6310
8358	7358
9668	8668
9920	8920
10996	9996
9597	8597
3577	2577
2622	1622
8269	7269
4816	3816
1444	444
4369	3369
5529	4529
1209	209
8339	7339
2142	1142
3076	2076
3548	2548
8651	7651
9341	8341
10962	9962
2172	1172
9337	8337
2821	1821
1267	267
3200	2200
5402	4402
7302	6302
7430	6430
9325	8325
8164	7164
3740	2740
6682	5682
6831	5831
9011	8011
3030	2030
1780	780
1587	587
4651	3651
9048	8048
5402	4402
5094	4094
8768	7768
6282	5282
1654	654
6106	5106
3775	2775
10082	9082
5005	4005
1426	426
8422	7422
4967	3967
8949	7949
6758	5758
6787	5787
5568	4568
5309	4309
7541	6541
1869	869
1739	739
5865	4865
9032	8032
10830	9830
7898	6898
1214	214
8840	7840
6279	5279
8345	7345
5778	4778
9929	8929
2744	1744
10179	9179
10374	9374
10511	9511
1812	812
7380	6380
1969	969
4587	3587
6461	5461
5973	4973
1364	364
10234	9234
9939	8939
9312	8312
2343	1343
2078	1078
3879	2879
6652	5652
4970	3970
4747	3747
3742	2742
9834	8834
9130	8130
9923	8923
3083	2083
5696	4696
7762	6762
4714	3714
3040	2040
8891	7891
3642	2642
4784	3784
4421	3421
9368	8368
10646	9646
5232	4232
5747	4747
1614	614
8818	7818
7559	6559
6587	5587
9181	8181
6792	5792
1877	877
3845	2845
8134	7134
9306	8306
6723	5723
10137	9137
3275	2275
6822	5822
9230	8230
8460	7460
4951	3951
8152	7152
6895	5895
5998	4998
1265	265
10608	9608
4390	3390
9155	8155
9601	8601
4525	3525
2575	1575
7968	6968
4170	3170
3159	2159
9066	8066
4784	3784
10976	9976
1976	976
6722	5722
9157	8157
4119	3119
3950	2950
8353	7353
1253	253
2256	1256
4075	3075
6741	5741
4530	3530
6248	5248
1323	323
1990	990
6551	5551
8474	7474
7884	6884
1548	548
5091	4091
7491	6491
4937	3937
3245	2245
2443	1443
8461	7461
1172	172
9411	8411
1631	631
3330	2330
3828	2828
1766	766
9657	8657
4804	3804
3839	2839
4165	3165
7922	6922
6788	5788
1517	517
4526	3526
8043	7043
10944	9944
6619	5619
7925	6925
6191	5191
6941	5941
8914	7914
1741	741
10766	9766
