500	643996
6916	5916
6905	5905
8830	7830
10802	9802
3581	2581
2992	1992
7620	6620
4610	3610
9072	8072
3250	2250
9522	8522
9563	8563
5873	4873
7556	6556
5295	4295
9336	8336
1028	28
10243	9243
9237	8237
1543	543
6142	5142
10960	9960
3322	2322
3701	2701
1656	656
6788	5788
8733	7733
8851	7851
8416	7416
3851	2851
1753	753
10684	9684
6108	5108
9582	8582
10485	9485
8688	7688
7925	6925
7104	6104
8649	7649
5996	4996
5705	4705
3523	2523
4558	3558
10577	9577
6430	5430
5204	4204
5265	4265
6457	5457
4447	3447
9853	8853
3351	2351
9588	8588
6164	5164
2024	1024
8641	7641
6819	5819
7811	6811
2725	1725
1021	21
1579	579
5575	4575
1774	774
1262	262
10682	9682
6707	5707
7098	6098
4721	3721
3632	2632
3201	2201
8722	7722
8627	7627
7905	6905
1244	244
8537	7537
3833	2833
6673	5673
2740	1740
4449	3449
8481	7481
2538	1538
9653	8653
10831	9831
7478	6478
4816	3816
1854	854
5118	4118
10634	9634
5016	4016
6842	5842
7007	6007
1946	946
7768	6768
7780	6780
8559	7559
7450	6450
9838	8838
4656	3656
7522	6522
2469	1469
6856	5856
5243	4243
6448	5448
10112	9112
1838	838
3984	2984
9297	8297
3862	2862
2075	1075
2745	1745
1342	342
3613	2613
1398	398
7524	6524
10090	9090
1565	565
4729	3729
10559	9559
7551	6551
8745	7745
6400	5400
3557	2557
6042	5042
9519	8519
6688	5688
3601	2601
2320	1320
5525	4525
7256	6256
8842	7842
3346	2346
9464	8464
3084	2084
8793	7793
4927	3927
10274	9274
8128	7128
3223	2223
3135	2135
9202	8202
4968	3968
3477	2477
1814	814
1717	717
6352	5352
7255	6255
8633	7633
10081	9081
6813	5813
5183	4183
4177	3177
8564	7564
7739	6739
9218	8218
7083	6083
9778	8778
1818	818
4754	3754
4303	3303
4426	3426
2595	1595
6648	5648
2889	1889
1031	31
10792	9792
6815	5815
10304	9304
7919	6919
9038	8038
2438	1438
2472	1472
9357	8357
1266	266
9638	8638
6425	5425
6618	5618
5892	4892
4057	3057
2050	1050
8057	7057
4592	3592
1578	578
1972	972
1330	330
9795	8795
4406	3406
10108	9108
6965	5965
8160	7160
9762	8762
10390	9390
9754	8754
1761	761
8630	7630
9784	8784
1552	552
4444	3444
9087	8087
4822	3822
8833	7833
6877	5877
6293	5293
3541	2541
7142	6142
1282	282
5317	4317
9111	8111
6174	5174
4726	3726
6512	5512
9582	8582
8317	7317
7089	6089
10553	9553
4998	3998
2236	1236
3959	2959
4105	3105
4552	3552
1118	118
9218	8218
3941	2941
9871	8871
6330	5330
7922	6922
5007	4007
6881	5881
7717	6717
9445	8445
7054	6054
5550	4550
5321	4321
8699	7699
4442	3442
7815	6815
8980	7980
8759	7759
2277	1277
10505	9505
2484	1484
7789	6789
9086	8086
6152	5152
10229	9229
8639	7639
10149	9149
1464	464
7949	6949
9606	8606
5015	4015
8066	7066
7823	6823
4307	3307
3288	2288
3153	2153
1228	228
3646	2646
5385	4385
7945	6945
2091	1091
7791	6791
8846	7846
6411	5411
5489	4489
2287	1287
9577	8577
9820	8820
6397	5397
10854	9854
9325	8325
4232	3232
3994	2994
3762	2762
9383	8383
3222	2222
7752	6752
8532	7532
10038	9038
4700	3700
3489	2489
10404	9404
8117	7117
10311	9311
3711	2711
6757	5757
8815	7815
10290	9290
9402	8402
3200	2200
7234	6234
6844	5844
6342	5342
1431	431
8607	7607
10830	9830
9070	8070
7183	6183
6001	5001
10818	9818
3388	2388
10677	9677
4050	3050
6381	5381
3439	2439
8784	7784
4955	3955
6542	5542
2667	1667
3992	2992
6594	5594
5155	4155
3395	2395
3710	2710
10818	9818
6105	5105
5818	4818
8632	7632
1747	747
4220	3220
7183	6183
4332	3332
6415	5415
2524	1524
4763	3763
4021	3021
8705	7705
9184	8184
10204	9204
10058	9058
9001	8001
2591	1591
9734	8734
8402	7402
4324	3324
8524	7524
2538	1538
8278	7278
4066	3066
4204	3204
1269	269
9659	8659
4711	3711
10015	9015
8720	7720
4528	3528
1472	472
3538	2538
8511	7511
2218	1218
3109	2109
1046	46
5549	4549
8523	7523
8921	7921
5663	4663
1544	544
6626	5626
3846	2846
7099	6099
2035	1035
1847	847
5041	4041
10768	9768
5600	4600
8364	7364
8292	7292
7137	6137
5641	4641
1357	357
6693	5693
2261	1261
6367	5367
10403	9403
1276	276
4086	3086
10282	9282
1747	747
2975	1975
7792	6792
9316	8316
5083	4083
7837	6837
10216	9216
8958	7958
2110	1110
4879	3879
5853	4853
7735	6735
7724	6724
1951	951
8769	7769
4922	3922
5991	4991
4888	3888
9522	8522
3355	2355
2179	1179
2010	1010
4347	3347
8887	7887
7702	6702
5608	4608
4253	3253
7104	6104
2235	1235
3691	2691
6385	5385
9333	8333
5665	4665
9529	8529
4000	3000
9748	8748
2717	1717
3215	2215
4057	3057
3826	2826
7093	6093
8909	7909
6912	5912
10169	9169
9859	8859
1032	32
4090	3090
1201	201
4920	3920
8963	7963
9907	8907
2450	1450
6325	5325
3254	2254
6689	5689
3026	2026
4213	3213
9941	8941
9130	8130
1799	799
8983	7983
10866	9866
6483	5483
3648	2648
5746	4746
9482	8482
8747	7747
7463	6463
1696	696
1803	803
6640	5640
7789	6789
9711	8711
2552	1552
6957	5957
4921	3921
8935	7935
6398	5398
5121	4121
9206	8206
10713	9713
10380	9380
10656	9656
6037	5037
2633	1633
6344	5344
8062	7062
2197	1197
1636	636
2543	1543
2995	1995
9619	8619
8761	7761
8477	7477
8618	7618
9858	8858
6958	5958
6364	5364
2672	1672
4005	3005
7166	6166
8312	7312
10793	9793
2228	1228
6215	5215
3101	2101
2500	1500
4149	3149
4851	3851
6620	5620
2355	1355
10915	9915
5999	4999
8362	7362
2303	1303
3983	2983
10057	9057
9364	8364
5179	4179
7044	6044
7259	6259
3525	2525
2014	1014
1371	371
7353	6353
