500	244803
5212	4212
6146	5146
10666	9666
3202	2202
7579	6579
6914	5914
9905	8905
2062	1062
10032	9032
1289	289
10416	9416
8973	7973
10660	9660
6334	5334
5226	4226
6795	5795
3815	2815
7054	6054
7525	6525
10763	9763
1713	713
8906	7906
7812	6812
2674	1674
1434	434
9553	8553
7342	6342
2143	1143
7075	6075
4280	3280
9409	8409
1286	286
9425	8425
9074	8074
3487	2487
6004	5004
1339	339
8743	7743
3417	2417
10371	9371
9032	8032
9184	8184
4695	3695
5043	4043
4518	3518
5272	4272
7189	6189
3684	2684
1325	325
3713	2713
3446	2446
2037	1037
7971	6971
10257	9257
10062	9062
4756	3756
5162	4162
2755	1755
5898	4898
1236	236
6034	5034
4306	3306
1521	521
10810	9810
8731	7731
10360	9360
2165	1165
9070	8070
8102	7102
10933	9933
4792	3792
2485	1485
9117	8117
8486	7486
2879	1879
8986	7986
2757	1757
9067	8067
1669	669
9433	8433
8132	7132
10466	9466
6821	5821
5102	4102
6075	5075
2234	1234
5209	4209
10236	9236
10340	9340
10106	9106
10471	9471
1725	725
3412	2412
7343	6343
7886	6886
7494	6494
6702	5702
9051	8051
5563	4563
10156	9156
5335	4335
9354	8354
1640	640
3451	2451
3191	2191
9871	8871
7788	6788
1299	299
7937	6937
4808	3808
9731	8731
1420	420
4274	3274
1903	903
1873	873
5700	4700
3136	2136
6081	5081
4935	3935
2475	1475
5187	4187
10757	9757
9551	8551
3950	2950
7099	6099
6437	5437
10443	9443
2801	1801
10839	9839
1358	358
1956	956
5173	4173
9711	8711
8947	7947
3976	2976
8254	7254
7817	6817
7115	6115
8552	7552
1106	106
10923	9923
3635	2635
1525	525
10548	9548
4537	3537
2398	1398
5247	4247
6673	5673
3830	2830
9181	8181
4499	3499
8016	7016
8937	7937
9402	8402
7317	6317
1387	387
4838	3838
6760	5760
3187	2187
4676	3676
3469	2469
10494	9494
5200	4200
2179	1179
4793	3793
4527	3527
5784	4784
7961	6961
10642	9642
3336	2336
8066	7066
6916	5916
2322	1322
4943	3943
6463	5463
5858	4858
2692	1692
10709	9709
7882	6882
5521	4521
5241	4241
7733	6733
8889	7889
9529	8529
6134	5134
5205	4205
9915	8915
6323	5323
7316	6316
8454	7454
9998	8998
9784	8784
7947	6947
10549	9549
7315	6315
8091	7091
4076	3076
2098	1098
5052	4052
10069	9069
10785	9785
8469	7469
5984	4984
2106	1106
8763	7763
1446	446
3316	2316
10454	9454
7506	6506
10197	9197
1327	327
1746	746
3281	2281
9215	8215
6626	5626
8414	7414
3419	2419
5540	4540
3736	2736
6087	5087
2993	1993
9085	8085
4870	3870
6292	5292
4986	3986
7536	6536
3382	2382
4413	3413
4986	3986
3785	2785
3481	2481
4770	3770
7606	6606
4816	3816
2228	1228
5368	4368
1613	613
10895	9895
4822	3822
8118	7118
6443	5443
5148	4148
5215	4215
8724	7724
9714	8714
10840	9840
2489	1489
2132	1132
5379	4379
1577	577
7218	6218
3724	2724
6013	5013
7440	6440
5367	4367
9998	8998
3975	2975
4100	3100
3410	2410
4312	3312
3237	2237
2242	1242
4434	3434
9842	8842
2409	1409
5661	4661
4209	3209
3021	2021
1907	907
4382	3382
6490	5490
7349	6349
8529	7529
10704	9704
5072	4072
7242	6242
10543	9543
2913	1913
4726	3726
1274	274
3489	2489
7295	6295
10349	9349
8501	7501
3734	2734
1067	67
3851	2851
3061	2061
4166	3166
2612	1612
6372	5372
6402	5402
3854	2854
6157	5157
5243	4243
1614	614
10817	9817
8452	7452
9987	8987
8075	7075
8185	7185
5476	4476
4424	3424
5714	4714
5180	4180
4847	3847
8307	7307
1074	74
6759	5759
8384	7384
7699	6699
9247	8247
4679	3679
7047	6047
3100	2100
3764	2764
7113	6113
5950	4950
2176	1176
6631	5631
7561	6561
3900	2900
2032	1032
6766	5766
9056	8056
2627	1627
7380	6380
5225	4225
6430	5430
6366	5366
2299	1299
3614	2614
10841	9841
2074	1074
4679	3679
1372	372
5921	4921
8338	7338
1446	446
1679	679
5721	4721
4496	3496
6278	5278
5751	4751
6895	5895
8377	7377
4867	3867
3007	2007
3326	2326
2394	1394
4989	3989
6238	5238
5293	4293
2373	1373
2004	1004
9701	8701
3999	2999
8383	7383
10277	9277
5780	4780
10100	9100
7927	6927
8393	7393
6292	5292
9001	8001
2072	1072
6664	5664
10273	9273
5761	4761
3461	2461
7303	6303
10481	9481
6956	5956
8932	7932
1584	584
2850	1850
6308	5308
5450	4450
1209	209
4985	3985
6843	5843
1549	549
6575	5575
7488	6488
2921	1921
7578	6578
2540	1540
2271	1271
1312	312
1816	816
7050	6050
10411	9411
5094	4094
4443	3443
5702	4702
9446	8446
1866	866
7717	6717
8718	7718
6626	5626
6529	5529
1373	373
2458	1458
2485	1485
9304	8304
3041	2041
10686	9686
10964	9964
3842	2842
7246	6246
1300	300
9685	8685
7795	6795
6874	5874
2524	1524
9715	8715
3451	2451
4063	3063
10986	9986
3762	2762
1230	230
3387	2387
9524	8524
5323	4323
6829	5829
10578	9578
10121	9121
4046	3046
3646	2646
7838	6838
6023	5023
9175	8175
4562	3562
7481	6481
7011	6011
2866	1866
5873	4873
6696	5696
9181	8181
8715	7715
2942	1942
9480	8480
3751	2751
6088	5088
5354	4354
1626	626
4802	3802
4156	3156
4688	3688
1139	139
3270	2270
1269	269
3526	2526
1793	793
1943	943
5706	4706
7722	6722
1063	63
5104	4104
10368	9368
4253	3253
10126	9126
8542	7542
7814	6814
2958	1958
4552	3552
6031	5031
7831	6831
6599	5599
4211	3211
1897	897
4892	3892
9043	8043
10999	9999
9979	8979
9748	8748
1624	624
10133	9133
2903	1903
5311	4311
6623	5623
5172	4172
1931	931
5500	4500
2317	1317
2873	1873
6558	5558
5390	4390
2936	1936
10661	9661
4757	3757
6188	5188
6138	5138
8650	7650
9353	8353
8096	7096
8553	7553
4384	3384
1278	278
4152	3152
