500	612259
7228	6228
5185	4185
1926	926
1817	817
3210	2210
3015	2015
4252	3252
10078	9078
8905	7905
1895	895
7823	6823
1989	989
5425	4425
3065	2065
1088	88
7807	6807
2229	1229
2276	1276
8958	7958
4939	3939
2785	1785
5747	4747
10198	9198
4498	3498
6614	5614
1914	914
10039	9039
8819	7819
5787	4787
2914	1914
1286	286
2015	1015
3451	2451
2211	1211
9183	8183
2012	1012
10577	9577
2434	1434
1089	89
4833	3833
3329	2329
7911	6911
5821	4821
4105	3105
9975	8975
5909	4909
10911	9911
7555	6555
7184	6184
5221	4221
7845	6845
8968	7968
6319	5319
3394	2394
8818	7818
1933	933
4307	3307
7856	6856
6103	5103
9093	8093
6122	5122
6388	5388
10107	9107
4924	3924
3950	2950
8289	7289
5935	4935
3526	2526
9723	8723
6023	5023
7359	6359
8403	7403
9285	8285
8531	7531
7859	6859
4611	3611
3439	2439
7769	6769
7517	6517
9622	8622
8341	7341
4361	3361
3942	2942
3660	2660
6754	5754
1759	759
10944	9944
6412	5412
4966	3966
2398	1398
4504	3504
10087	9087
4138	3138
9963	8963
4010	3010
7087	6087
3603	2603
5296	4296
5965	4965
8677	7677
10318	9318
8675	7675
2431	1431
4954	3954
6205	5205
9289	8289
4916	3916
8644	7644
2410	1410
1432	432
3617	2617
9750	8750
1144	144
2910	1910
8761	7761
3249	2249
3668	2668
5056	4056
8660	7660
7634	6634
6454	5454
8516	7516
3072	2072
5943	4943
3830	2830
2434	1434
8381	7381
6432	5432
3081	2081
3345	2345
10461	9461
8751	7751
7371	6371
1891	891
2704	1704
8928	7928
10180	9180
6620	5620
2923	1923
1589	589
3403	2403
5539	4539
6690	5690
3547	2547
7449	6449
10803	9803
2147	1147
6468	5468
4858	3858
9807	8807
9453	8453
6663	5663
3674	2674
7877	6877
1605	605
2855	1855
5662	4662
8986	7986
8286	7286
7742	6742
7682	6682
4098	3098
5492	4492
10405	9405
4989	3989
3548	2548
8332	7332
4168	3168
9167	8167
10254	9254
1108	108
7921	6921
1144	144
3149	2149
10467	9467
3944	2944
2951	1951
1614	614
9412	8412
3161	2161
6772	5772
4216	3216
8823	7823
5797	4797
1092	92
5780	4780
7651	6651
2105	1105
10117	9117
1288	288
8847	7847
3150	2150
4386	3386
9690	8690
2554	1554
8374	7374
2237	1237
9885	8885
7893	6893
6755	5755
5490	4490
4352	3352
3676	2676
5634	4634
6500	5500
9494	8494
8577	7577
8451	7451
10107	9107
3340	2340
6963	5963
2230	1230
6556	5556
1137	137
3378	2378
2999	1999
5916	4916
10028	9028
4104	3104
1384	384
6668	5668
8302	7302
3534	2534
10053	9053
6991	5991
1439	439
3778	2778
8228	7228
6676	5676
7022	6022
3982	2982
1165	165
10373	9373
3009	2009
5798	4798
2224	1224
1503	503
3375	2375
6026	5026
10609	9609
2066	1066
1988	988
8191	7191
7621	6621
2125	1125
10568	9568
5972	4972
3392	2392
5948	4948
9075	8075
10128	9128
1615	615
2728	1728
9013	8013
7019	6019
8718	7718
9451	8451
9796	8796
2297	1297
5126	4126
5817	4817
1631	631
1643	643
1541	541
3639	2639
6440	5440
2764	1764
4141	3141
5166	4166
4142	3142
10102	9102
6232	5232
5129	4129
7292	6292
9204	8204
2605	1605
3211	2211
4175	3175
4997	3997
4510	3510
8601	7601
4124	3124
5124	4124
10328	9328
8488	7488
1142	142
4398	3398
6938	5938
6289	5289
5694	4694
7416	6416
7457	6457
2676	1676
8058	7058
7997	6997
5315	4315
9849	8849
6113	5113
8455	7455
10367	9367
9254	8254
7556	6556
1950	950
9734	8734
10199	9199
6505	5505
1339	339
8762	7762
9680	8680
5335	4335
2271	1271
3632	2632
4810	3810
2747	1747
9312	8312
8649	7649
9240	8240
2709	1709
4586	3586
4529	3529
3754	2754
7353	6353
10985	9985
5430	4430
10762	9762
4334	3334
6096	5096
5963	4963
5798	4798
3550	2550
5329	4329
4051	3051
6458	5458
2630	1630
9136	8136
2008	1008
8134	7134
9474	8474
6121	5121
3165	2165
10160	9160
3744	2744
5797	4797
10321	9321
5490	4490
4108	3108
7969	6969
3729	2729
2168	1168
7907	6907
7257	6257
4921	3921
10611	9611
3594	2594
5702	4702
10373	9373
3279	2279
10797	9797
5335	4335
8076	7076
9699	8699
6015	5015
7478	6478
1508	508
3996	2996
5613	4613
8867	7867
1129	129
10439	9439
3988	2988
3294	2294
9598	8598
6731	5731
4442	3442
8919	7919
7572	6572
3901	2901
2239	1239
10300	9300
5068	4068
9145	8145
2909	1909
5340	4340
8756	7756
1854	854
6394	5394
4480	3480
4132	3132
2542	1542
5166	4166
7559	6559
7592	6592
6532	5532
4036	3036
8099	7099
9527	8527
5000	4000
2318	1318
9655	8655
4438	3438
5305	4305
8300	7300
3036	2036
7387	6387
8093	7093
7306	6306
3958	2958
10993	9993
4896	3896
9609	8609
5060	4060
9393	8393
7869	6869
5752	4752
7148	6148
8722	7722
1145	145
6979	5979
8205	7205
9038	8038
1144	144
4763	3763
5630	4630
3027	2027
7798	6798
2728	1728
1553	553
1798	798
4045	3045
6559	5559
5235	4235
4701	3701
3859	2859
3622	2622
7439	6439
10951	9951
6279	5279
6748	5748
7296	6296
10175	9175
1709	709
7707	6707
8567	7567
8577	7577
2458	1458
1066	66
2651	1651
8954	7954
7044	6044
9855	8855
6992	5992
3539	2539
3618	2618
1621	621
5565	4565
6767	5767
9700	8700
2469	1469
7564	6564
9097	8097
8027	7027
8151	7151
9149	8149
7237	6237
7124	6124
1940	940
3540	2540
2403	1403
7687	6687
9835	8835
7929	6929
8395	7395
6541	5541
5495	4495
2324	1324
4351	3351
5560	4560
3974	2974
2304	1304
7955	6955
2828	1828
4647	3647
6845	5845
5445	4445
1619	619
7761	6761
7564	6564
6671	5671
9229	8229
4127	3127
1119	119
2607	1607
7629	6629
9267	8267
8844	7844
10105	9105
10206	9206
7735	6735
1507	507
3245	2245
