500	1235758
6107	5107
5734	4734
4069	3069
3705	2705
10124	9124
9090	8090
4872	3872
8679	7679
5689	4689
5720	4720
9758	8758
6939	5939
5892	4892
1928	928
3341	2341
1398	398
9299	8299
7227	6227
9371	8371
10200	9200
2557	1557
1595	595
10123	9123
1425	425
3166	2166
5939	4939
6337	5337
4554	3554
6544	5544
7452	6452
8437	7437
1650	650
8538	7538
7857	6857
10706	9706
7661	6661
5946	4946
4578	3578
5339	4339
6986	5986
5649	4649
10448	9448
2925	1925
10541	9541
1375	375
1617	617
7290	6290
6026	5026
7844	6844
5660	4660
1577	577
9400	8400
2606	1606
10699	9699
6176	5176
4772	3772
5638	4638
1513	513
4677	3677
7533	6533
4316	3316
2113	1113
8183	7183
1853	853
8970	7970
7888	6888
8513	7513
3915	2915
7817	6817
9204	8204
6253	5253
2466	1466
5003	4003
4529	3529
8358	7358
1730	730
5145	4145
10999	9999
6755	5755
1988	988
5659	4659
7331	6331
10388	9388
3616	2616
3382	2382
1915	915
3739	2739
4371	3371
8779	7779
7416	6416
10903	9903
2095	1095
4880	3880
8085	7085
2947	1947
2849	1849
1325	325
6812	5812
2116	1116
4493	3493
1367	367
3720	2720
2310	1310
5369	4369
7248	6248
6019	5019
6098	5098
1392	392
6018	5018
8204	7204
2380	1380
7028	6028
10887	9887
8119	7119
9643	8643
3268	2268
9033	8033
8734	7734
6638	5638
6812	5812
5149	4149
6540	5540
4258	3258
5380	4380
9977	8977
2556	1556
7229	6229
10301	9301
8367	7367
4696	3696
10145	9145
5085	4085
7415	6415
1455	455
9454	8454
3662	2662
6473	5473
10903	9903
4053	3053
1490	490
8107	7107
1784	784
7517	6517
7993	6993
5254	4254
2512	1512
6612	5612
3287	2287
10245	9245
2249	1249
5450	4450
10745	9745
4140	3140
8707	7707
5124	4124
3116	2116
10262	9262
7704	6704
8768	7768
3981	2981
7751	6751
7913	6913
8065	7065
4165	3165
4719	3719
2870	1870
3178	2178
10191	9191
2773	1773
2583	1583
7033	6033
6231	5231
9718	8718
9901	8901
9575	8575
3972	2972
1412	412
5186	4186
2610	1610
7008	6008
2786	1786
7059	6059
6752	5752
5925	4925
1117	117
7228	6228
4393	3393
6730	5730
3931	2931
2160	1160
9710	8710
10682	9682
5424	4424
3127	2127
10198	9198
9142	8142
4996	3996
2376	1376
8333	7333
3120	2120
10310	9310
10717	9717
8350	7350
9027	8027
9617	8617
3276	2276
1998	998
10029	9029
7461	6461
3607	2607
6036	5036
9246	8246
6017	5017
8140	7140
10523	9523
6133	5133
4367	3367
3915	2915
1863	863
7297	6297
5074	4074
6924	5924
3330	2330
9498	8498
9050	8050
2528	1528
3991	2991
9398	8398
10255	9255
7675	6675
1517	517
9564	8564
7391	6391
5219	4219
3942	2942
6008	5008
7494	6494
1292	292
1388	388
10307	9307
10250	9250
2775	1775
8552	7552
1619	619
9914	8914
4426	3426
6751	5751
9632	8632
7340	6340
3965	2965
5929	4929
7766	6766
6241	5241
4610	3610
2615	1615
10642	9642
6137	5137
5605	4605
5391	4391
1743	743
2280	1280
5908	4908
6658	5658
5022	4022
6478	5478
9600	8600
6381	5381
2971	1971
6243	5243
6768	5768
2277	1277
5492	4492
4895	3895
6181	5181
6110	5110
10160	9160
9606	8606
8213	7213
8792	7792
2298	1298
7529	6529
10072	9072
9063	8063
9121	8121
3681	2681
10677	9677
8763	7763
5170	4170
1633	633
9505	8505
5912	4912
9264	8264
4412	3412
7922	6922
3286	2286
6241	5241
6521	5521
8666	7666
4564	3564
8115	7115
10786	9786
5840	4840
8958	7958
4680	3680
7372	6372
10420	9420
3839	2839
2330	1330
3984	2984
7982	6982
3627	2627
10512	9512
7053	6053
8041	7041
4985	3985
9734	8734
4069	3069
9099	8099
10255	9255
4701	3701
7603	6603
5166	4166
2965	1965
7367	6367
2087	1087
5250	4250
2607	1607
3959	2959
9267	8267
6170	5170
7425	6425
9052	8052
7362	6362
5383	4383
9083	8083
3733	2733
4802	3802
8274	7274
1414	414
7785	6785
5255	4255
10392	9392
3648	2648
1308	308
7432	6432
7632	6632
6393	5393
10500	9500
5730	4730
5647	4647
10553	9553
2333	1333
6164	5164
2517	1517
5051	4051
7251	6251
3118	2118
6657	5657
6561	5561
1384	384
1827	827
2986	1986
5788	4788
8188	7188
3720	2720
3870	2870
7272	6272
7521	6521
7495	6495
4038	3038
10657	9657
1750	750
3429	2429
3304	2304
2057	1057
6213	5213
6288	5288
3801	2801
2064	1064
7369	6369
8447	7447
1616	616
5053	4053
3610	2610
9484	8484
9103	8103
6212	5212
1601	601
4760	3760
1773	773
1985	985
1938	938
10110	9110
3124	2124
5477	4477
2829	1829
2345	1345
1748	748
5701	4701
8840	7840
4785	3785
5357	4357
9589	8589
3566	2566
4012	3012
6997	5997
5130	4130
5651	4651
6149	5149
6193	5193
2020	1020
3595	2595
3161	2161
2424	1424
2556	1556
1644	644
10527	9527
7768	6768
2245	1245
10638	9638
4892	3892
9581	8581
1575	575
10353	9353
1704	704
6051	5051
2181	1181
3048	2048
3150	2150
3233	2233
7239	6239
3287	2287
3941	2941
5827	4827
5852	4852
6952	5952
8175	7175
9981	8981
7955	6955
3323	2323
1525	525
8974	7974
2269	1269
3685	2685
6749	5749
3825	2825
4329	3329
6275	5275
10592	9592
5573	4573
2264	1264
10835	9835
10505	9505
9190	8190
10187	9187
1208	208
4240	3240
1367	367
9607	8607
2742	1742
9951	8951
5846	4846
5028	4028
2891	1891
7024	6024
6231	5231
5194	4194
10551	9551
1563	563
2148	1148
9225	8225
2087	1087
6473	5473
10494	9494
4772	3772
2222	1222
9670	8670
4452	3452
3848	2848
9261	8261
5376	4376
5112	4112
9095	8095
4880	3880
9653	8653
4633	3633
5087	4087
2893	1893
1351	351
3693	2693
10986	9986
10301	9301
4890	3890
5013	4013
2191	1191
10914	9914
6595	5595
6384	5384
10464	9464
7157	6157
