500	2228377
8031	7031
4273	3273
6582	5582
1198	198
10956	9956
9477	8477
2563	1563
3418	2418
3216	2216
4008	3008
10047	9047
4024	3024
5200	4200
5788	4788
2027	1027
3077	2077
2859	1859
1493	493
9083	8083
8278	7278
3225	2225
7862	6862
6267	5267
1433	433
8523	7523
1242	242
7002	6002
3276	2276
8798	7798
10773	9773
10774	9774
2181	1181
10398	9398
6355	5355
2378	1378
10353	9353
1183	183
10292	9292
9122	8122
3399	2399
3299	2299
4520	3520
6422	5422
3850	2850
9307	8307
3800	2800
2279	1279
1165	165
10644	9644
6713	5713
4795	3795
2868	1868
9926	8926
10061	9061
9652	8652
7448	6448
10302	9302
2006	1006
6076	5076
4452	3452
1778	778
5849	4849
1984	984
7527	6527
7556	6556
3361	2361
3231	2231
7738	6738
9004	8004
1353	353
6488	5488
7654	6654
1224	224
8261	7261
6855	5855
5883	4883
1060	60
4485	3485
6047	5047
10703	9703
10198	9198
6193	5193
8923	7923
9123	8123
1606	606
7574	6574
1923	923
10907	9907
8579	7579
6998	5998
10710	9710
5709	4709
8198	7198
1693	693
2235	1235
4753	3753
10405	9405
10818	9818
1491	491
4760	3760
7522	6522
3330	2330
7765	6765
7745	6745
10591	9591
3620	2620
2627	1627
10650	9650
7104	6104
4026	3026
6705	5705
2653	1653
9218	8218
10979	9979
7128	6128
9823	8823
3904	2904
4402	3402
6082	5082
1483	483
10399	9399
5791	4791
2543	1543
7596	6596
2836	1836
10129	9129
7701	6701
8592	7592
9946	8946
4543	3543
8704	7704
6467	5467
6872	5872
5468	4468
3212	2212
6462	5462
8087	7087
1190	190
6112	5112
10543	9543
4215	3215
8168	7168
2195	1195
2433	1433
8146	7146
8322	7322
1255	255
1049	49
1723	723
6336	5336
7883	6883
7473	6473
7479	6479
5777	4777
10421	9421
5666	4666
4906	3906
7121	6121
9609	8609
10203	9203
7015	6015
7312	6312
2022	1022
2886	1886
1780	780
10585	9585
8348	7348
8866	7866
10774	9774
9811	8811
8408	7408
3989	2989
6978	5978
5955	4955
1773	773
10475	9475
9628	8628
2027	1027
10523	9523
6703	5703
3715	2715
7406	6406
3175	2175
10193	9193
2182	1182
8947	7947
1210	210
2439	1439
1419	419
9818	8818
7994	6994
7433	6433
6130	5130
9015	8015
9319	8319
6909	5909
8599	7599
3018	2018
1126	126
4724	3724
1828	828
4886	3886
7712	6712
4157	3157
9840	8840
8484	7484
3631	2631
8467	7467
5863	4863
3153	2153
4169	3169
8577	7577
5910	4910
2696	1696
4121	3121
3444	2444
10642	9642
4330	3330
4882	3882
7413	6413
9499	8499
1875	875
3845	2845
4628	3628
6241	5241
8515	7515
6888	5888
3839	2839
10532	9532
7014	6014
7563	6563
7711	6711
10899	9899
10626	9626
10867	9867
9738	8738
4462	3462
3497	2497
3556	2556
9324	8324
5650	4650
3077	2077
3252	2252
6911	5911
4772	3772
6372	5372
9354	8354
10765	9765
6053	5053
9588	8588
7177	6177
4551	3551
6814	5814
6374	5374
8179	7179
2055	1055
10240	9240
4066	3066
1245	245
9772	8772
6431	5431
4159	3159
2834	1834
6329	5329
10137	9137
2701	1701
1418	418
3598	2598
5197	4197
10326	9326
8273	7273
6198	5198
2402	1402
10524	9524
2109	1109
6173	5173
2247	1247
6814	5814
2289	1289
7299	6299
5401	4401
4818	3818
10849	9849
7567	6567
6543	5543
4379	3379
4973	3973
5782	4782
3797	2797
1569	569
10905	9905
9227	8227
1080	80
2739	1739
10908	9908
10216	9216
4439	3439
1325	325
9165	8165
8635	7635
10650	9650
6437	5437
10185	9185
2051	1051
2312	1312
1293	293
3575	2575
3558	2558
7106	6106
1216	216
6208	5208
7859	6859
5033	4033
6056	5056
10777	9777
10575	9575
5787	4787
4749	3749
1708	708
8583	7583
1669	669
1613	613
3161	2161
1748	748
3351	2351
3068	2068
10963	9963
3141	2141
9745	8745
5479	4479
7127	6127
5746	4746
10915	9915
6311	5311
6797	5797
8578	7578
2955	1955
5723	4723
1135	135
5413	4413
5938	4938
6342	5342
2271	1271
6322	5322
7750	6750
8399	7399
5896	4896
8888	7888
2147	1147
6604	5604
2822	1822
2815	1815
3568	2568
4982	3982
9915	8915
2270	1270
3402	2402
9877	8877
4410	3410
2146	1146
4356	3356
6888	5888
6891	5891
10622	9622
2199	1199
9039	8039
8200	7200
10505	9505
10114	9114
4686	3686
4917	3917
1403	403
6380	5380
2539	1539
6725	5725
9481	8481
9937	8937
7972	6972
7368	6368
1083	83
9927	8927
9189	8189
9250	8250
2494	1494
9522	8522
8164	7164
3763	2763
1923	923
3392	2392
3524	2524
9420	8420
3099	2099
9412	8412
1663	663
9073	8073
6962	5962
9701	8701
6272	5272
6466	5466
5166	4166
6309	5309
10383	9383
5569	4569
1688	688
1921	921
1293	293
6520	5520
10858	9858
4616	3616
2887	1887
7292	6292
3543	2543
7427	6427
1893	893
5036	4036
2301	1301
5408	4408
4151	3151
3223	2223
4152	3152
6674	5674
7995	6995
6250	5250
1437	437
8657	7657
4322	3322
3750	2750
3709	2709
5945	4945
9216	8216
7875	6875
1254	254
4950	3950
2443	1443
8293	7293
2222	1222
9087	8087
10165	9165
2079	1079
9054	8054
2051	1051
4723	3723
1596	596
4830	3830
1967	967
5632	4632
6130	5130
6375	5375
5134	4134
4704	3704
5878	4878
7159	6159
1698	698
1127	127
7596	6596
9354	8354
10801	9801
10345	9345
2063	1063
2097	1097
4912	3912
5289	4289
8702	7702
8861	7861
3083	2083
5995	4995
6435	5435
7521	6521
5159	4159
3865	2865
5574	4574
2561	1561
7587	6587
6170	5170
2742	1742
4906	3906
7153	6153
4223	3223
6632	5632
1286	286
7927	6927
1509	509
3796	2796
4976	3976
1635	635
10391	9391
9682	8682
7787	6787
6088	5088
7096	6096
8884	7884
6351	5351
1384	384
6585	5585
10564	9564
3466	2466
7931	6931
5998	4998
9986	8986
8441	7441
