500	1255287
6565	5565
4141	3141
3692	2692
7551	6551
3764	2764
9702	8702
3877	2877
9449	8449
10547	9547
9095	8095
1671	671
3662	2662
10713	9713
7996	6996
4937	3937
10063	9063
6663	5663
6048	5048
3128	2128
4824	3824
4450	3450
1705	705
4193	3193
4392	3392
5781	4781
9221	8221
10603	9603
5573	4573
9258	8258
7331	6331
5246	4246
4822	3822
10472	9472
7937	6937
7724	6724
9587	8587
2990	1990
10601	9601
4387	3387
2536	1536
8695	7695
5057	4057
5198	4198
8407	7407
8404	7404
5486	4486
3822	2822
10419	9419
6885	5885
5949	4949
4242	3242
10334	9334
3005	2005
7434	6434
10077	9077
4138	3138
2006	1006
6032	5032
8710	7710
10263	9263
2362	1362
2955	1955
4085	3085
8185	7185
6244	5244
7160	6160
6771	5771
8233	7233
3112	2112
10157	9157
6121	5121
7158	6158
10565	9565
10318	9318
10917	9917
7969	6969
1155	155
3738	2738
7387	6387
3391	2391
5038	4038
10628	9628
9077	8077
3394	2394
7061	6061
4505	3505
6531	5531
4418	3418
9536	8536
10593	9593
3681	2681
7250	6250
2547	1547
3117	2117
4434	3434
4142	3142
5628	4628
6557	5557
7727	6727
7740	6740
5713	4713
2847	1847
3897	2897
5278	4278
8516	7516
3813	2813
8598	7598
5022	4022
2902	1902
4984	3984
7412	6412
6939	5939
4611	3611
1840	840
9333	8333
7023	6023
5345	4345
1215	215
10440	9440
3880	2880
10807	9807
9472	8472
10129	9129
8706	7706
1588	588
9915	8915
1847	847
6216	5216
5471	4471
4925	3925
9307	8307
6535	5535
3123	2123
2203	1203
7164	6164
10638	9638
5016	4016
4761	3761
1011	11
6917	5917
8744	7744
7423	6423
9208	8208
8706	7706
8262	7262
3892	2892
4728	3728
8958	7958
4106	3106
10520	9520
1838	838
10265	9265
8991	7991
7318	6318
7970	6970
5931	4931
2584	1584
5168	4168
7498	6498
3406	2406
9093	8093
5804	4804
8941	7941
1215	215
3358	2358
5104	4104
7205	6205
3725	2725
5217	4217
7215	6215
5994	4994
2960	1960
9989	8989
4201	3201
7018	6018
3603	2603
3444	2444
10745	9745
1560	560
2901	1901
10264	9264
8749	7749
2165	1165
4607	3607
1419	419
9134	8134
9537	8537
3002	2002
9654	8654
2386	1386
5408	4408
7746	6746
3541	2541
9700	8700
4312	3312
5898	4898
10155	9155
6868	5868
8623	7623
4371	3371
3083	2083
3616	2616
2683	1683
8423	7423
3168	2168
8700	7700
1025	25
5611	4611
8444	7444
7937	6937
7511	6511
4060	3060
5685	4685
5028	4028
4018	3018
2455	1455
9513	8513
8906	7906
4457	3457
8166	7166
10291	9291
5216	4216
1263	263
2831	1831
3915	2915
4575	3575
4080	3080
3069	2069
6794	5794
1702	702
6440	5440
5228	4228
4317	3317
8122	7122
2651	1651
6484	5484
2173	1173
9027	8027
7446	6446
5968	4968
5963	4963
10309	9309
9027	8027
7000	6000
4336	3336
8396	7396
8454	7454
2848	1848
6301	5301
8262	7262
6366	5366
5591	4591
2477	1477
6628	5628
3773	2773
1743	743
6554	5554
6853	5853
3812	2812
2348	1348
3906	2906
5603	4603
6575	5575
7223	6223
9076	8076
8225	7225
9058	8058
10248	9248
2604	1604
1856	856
5215	4215
3918	2918
1164	164
9594	8594
9917	8917
10851	9851
6989	5989
3723	2723
9050	8050
2290	1290
7336	6336
4415	3415
3232	2232
8813	7813
10043	9043
2357	1357
9555	8555
5596	4596
4561	3561
8718	7718
3295	2295
7466	6466
3320	2320
8870	7870
3688	2688
1395	395
2446	1446
8098	7098
6994	5994
4049	3049
8953	7953
1209	209
6967	5967
5468	4468
6154	5154
2235	1235
5318	4318
2142	1142
1309	309
9719	8719
9783	8783
7645	6645
3134	2134
8367	7367
1809	809
8528	7528
9723	8723
6715	5715
9475	8475
3283	2283
4433	3433
1770	770
9748	8748
3104	2104
9639	8639
8788	7788
9851	8851
1084	84
2237	1237
5844	4844
10485	9485
6541	5541
2404	1404
6451	5451
1008	8
7557	6557
7685	6685
1677	677
8699	7699
4346	3346
10395	9395
3833	2833
10990	9990
8880	7880
1199	199
8150	7150
6407	5407
6273	5273
3864	2864
4882	3882
8555	7555
3648	2648
2003	1003
3655	2655
2104	1104
10641	9641
7794	6794
10954	9954
7076	6076
9030	8030
2149	1149
6560	5560
4570	3570
3553	2553
8362	7362
10929	9929
10109	9109
1399	399
1605	605
4159	3159
4744	3744
7351	6351
6992	5992
1085	85
1583	583
3542	2542
8234	7234
6989	5989
8815	7815
7449	6449
7222	6222
2721	1721
6449	5449
8224	7224
1727	727
3904	2904
4216	3216
8520	7520
3857	2857
6644	5644
6549	5549
5005	4005
8555	7555
6470	5470
3909	2909
5917	4917
6398	5398
3018	2018
6315	5315
3354	2354
6176	5176
6410	5410
6057	5057
8519	7519
6494	5494
6639	5639
7413	6413
10079	9079
8979	7979
5227	4227
2879	1879
5201	4201
3299	2299
8327	7327
8776	7776
4026	3026
1230	230
8344	7344
7897	6897
10438	9438
3987	2987
9798	8798
10795	9795
1541	541
5267	4267
3703	2703
2809	1809
7017	6017
5720	4720
8123	7123
5722	4722
7248	6248
3532	2532
7130	6130
1118	118
5377	4377
9120	8120
7530	6530
4455	3455
7099	6099
8108	7108
6334	5334
7651	6651
6759	5759
10012	9012
1778	778
9784	8784
6594	5594
9121	8121
3032	2032
2383	1383
8459	7459
1829	829
2177	1177
5352	4352
2448	1448
1232	232
7160	6160
4816	3816
2303	1303
4283	3283
5889	4889
8550	7550
3166	2166
2019	1019
5020	4020
3895	2895
10138	9138
7901	6901
7349	6349
2588	1588
5009	4009
9034	8034
9238	8238
7119	6119
4398	3398
6368	5368
2254	1254
6343	5343
4488	3488
4285	3285
7725	6725
8299	7299
5114	4114
5254	4254
2650	1650
2913	1913
5485	4485
8809	7809
6728	5728
6787	5787
8443	7443
1616	616
10689	9689
6961	5961
8986	7986
4708	3708
9855	8855
8124	7124
7960	6960
