500	632907
8435	7435
6991	5991
8461	7461
9281	8281
8314	7314
1811	811
10192	9192
1287	287
9467	8467
3498	2498
3115	2115
9465	8465
9342	8342
3911	2911
10084	9084
2454	1454
6826	5826
2106	1106
10682	9682
6305	5305
2224	1224
8640	7640
2933	1933
10490	9490
6483	5483
2037	1037
6048	5048
9569	8569
8895	7895
8292	7292
5137	4137
2681	1681
4282	3282
2598	1598
10961	9961
1596	596
9760	8760
6504	5504
8234	7234
8226	7226
9001	8001
6700	5700
3043	2043
3694	2694
5963	4963
2126	1126
5147	4147
1788	788
3231	2231
1180	180
7092	6092
4454	3454
8820	7820
5377	4377
10295	9295
10654	9654
2765	1765
5342	4342
9223	8223
10660	9660
8985	7985
3359	2359
8692	7692
8619	7619
1308	308
5005	4005
5566	4566
6420	5420
10508	9508
2799	1799
3645	2645
4861	3861
8499	7499
5687	4687
7554	6554
9813	8813
3164	2164
1701	701
10600	9600
1746	746
1880	880
3044	2044
1551	551
9699	8699
7420	6420
10846	9846
9353	8353
9184	8184
1539	539
3927	2927
5195	4195
9524	8524
6285	5285
2887	1887
7142	6142
2945	1945
3243	2243
1707	707
8364	7364
2750	1750
9857	8857
7360	6360
6610	5610
3707	2707
8399	7399
9516	8516
2519	1519
6914	5914
10216	9216
8471	7471
7660	6660
7447	6447
10514	9514
8210	7210
6146	5146
3285	2285
4407	3407
10850	9850
1468	468
4946	3946
3776	2776
2015	1015
9821	8821
5412	4412
3901	2901
2314	1314
7356	6356
2495	1495
9372	8372
1071	71
4244	3244
4580	3580
7431	6431
6206	5206
7287	6287
1181	181
4721	3721
5157	4157
7094	6094
10288	9288
8979	7979
3753	2753
6734	5734
8492	7492
7315	6315
8231	7231
7128	6128
7073	6073
8080	7080
7596	6596
7370	6370
7207	6207
8610	7610
6190	5190
1619	619
7862	6862
3855	2855
4326	3326
9356	8356
2226	1226
10749	9749
8951	7951
5806	4806
3531	2531
10508	9508
8444	7444
3711	2711
10580	9580
8952	7952
6156	5156
9867	8867
6931	5931
5261	4261
1953	953
10774	9774
1575	575
9183	8183
6902	5902
7647	6647
2615	1615
9849	8849
4017	3017
8821	7821
3810	2810
5558	4558
5791	4791
7023	6023
8413	7413
5469	4469
5378	4378
5990	4990
1569	569
9680	8680
7147	6147
4099	3099
5540	4540
10942	9942
3161	2161
5119	4119
8894	7894
8316	7316
10338	9338
4824	3824
2576	1576
7642	6642
4597	3597
9502	8502
5824	4824
6850	5850
2501	1501
3790	2790
5698	4698
1869	869
7963	6963
8507	7507
6426	5426
9105	8105
4529	3529
10190	9190
9925	8925
5258	4258
1532	532
10493	9493
10290	9290
4030	3030
9943	8943
4829	3829
3972	2972
2103	1103
5299	4299
8217	7217
5771	4771
10988	9988
8392	7392
7346	6346
7629	6629
8340	7340
2200	1200
8805	7805
4190	3190
3700	2700
1594	594
8887	7887
4568	3568
4908	3908
6394	5394
6345	5345
3013	2013
6274	5274
1887	887
1937	937
10532	9532
8770	7770
7782	6782
9821	8821
1799	799
6724	5724
10001	9001
1122	122
7827	6827
4299	3299
4690	3690
8949	7949
4287	3287
2081	1081
5294	4294
7267	6267
9421	8421
2845	1845
1423	423
2610	1610
5544	4544
8369	7369
6848	5848
5463	4463
2276	1276
8593	7593
10808	9808
4288	3288
3867	2867
8046	7046
1577	577
9750	8750
5815	4815
8358	7358
8570	7570
6613	5613
4081	3081
3922	2922
3087	2087
7259	6259
7220	6220
6776	5776
5207	4207
6858	5858
7857	6857
5853	4853
3125	2125
2629	1629
7697	6697
3547	2547
10590	9590
2241	1241
7267	6267
6437	5437
3055	2055
8543	7543
4030	3030
2862	1862
8182	7182
3248	2248
6259	5259
8758	7758
1997	997
1073	73
2467	1467
5918	4918
3038	2038
1900	900
8839	7839
5124	4124
8158	7158
1410	410
7251	6251
8717	7717
7268	6268
10459	9459
3569	2569
5744	4744
2087	1087
6617	5617
4642	3642
8028	7028
7857	6857
10909	9909
3465	2465
6264	5264
4803	3803
2846	1846
8125	7125
1984	984
1445	445
3384	2384
6094	5094
8793	7793
9808	8808
7560	6560
3710	2710
1845	845
8459	7459
7900	6900
2320	1320
1969	969
8309	7309
8571	7571
9685	8685
4576	3576
8029	7029
8605	7605
5671	4671
5468	4468
4221	3221
9313	8313
2495	1495
7430	6430
5573	4573
1311	311
2693	1693
9375	8375
9508	8508
6169	5169
10358	9358
9952	8952
4904	3904
1803	803
7744	6744
3712	2712
8363	7363
6805	5805
10908	9908
2173	1173
3704	2704
2228	1228
9493	8493
1013	13
9798	8798
4529	3529
10940	9940
3178	2178
2133	1133
5611	4611
7645	6645
5354	4354
10275	9275
5492	4492
8135	7135
4847	3847
5802	4802
9827	8827
9573	8573
4310	3310
1347	347
5282	4282
9613	8613
5251	4251
6085	5085
6357	5357
4314	3314
3447	2447
8513	7513
4221	3221
10971	9971
1217	217
1800	800
9464	8464
7581	6581
10597	9597
2992	1992
3872	2872
2775	1775
10477	9477
8482	7482
5771	4771
1182	182
4108	3108
10262	9262
8316	7316
4306	3306
5064	4064
3494	2494
2878	1878
4725	3725
3840	2840
7160	6160
3337	2337
4442	3442
2244	1244
5045	4045
4107	3107
1042	42
8910	7910
3680	2680
7364	6364
9126	8126
4479	3479
5827	4827
2058	1058
10428	9428
4171	3171
4929	3929
2202	1202
3647	2647
8763	7763
3324	2324
3828	2828
1870	870
8938	7938
7495	6495
1528	528
9353	8353
9988	8988
9757	8757
3077	2077
9179	8179
5916	4916
1765	765
2621	1621
3511	2511
2162	1162
5727	4727
9904	8904
10071	9071
8406	7406
6268	5268
4548	3548
8237	7237
7446	6446
5605	4605
7664	6664
10616	9616
5885	4885
5217	4217
9614	8614
3647	2647
7540	6540
8793	7793
10869	9869
5477	4477
5287	4287
1396	396
3829	2829
10626	9626
10152	9152
2257	1257
8805	7805
1420	420
3022	2022
6777	5777
10282	9282
10535	9535
