500	1251727
7835	6835
7317	6317
7793	6793
3023	2023
8464	7464
2198	1198
6625	5625
9885	8885
8750	7750
10917	9917
10378	9378
2472	1472
7983	6983
1229	229
3501	2501
5416	4416
9917	8917
1892	892
3195	2195
9898	8898
6762	5762
2978	1978
3434	2434
10139	9139
4234	3234
9079	8079
5467	4467
6276	5276
6025	5025
7021	6021
5585	4585
2860	1860
9689	8689
8729	7729
1234	234
3504	2504
9927	8927
6858	5858
8740	7740
4028	3028
3126	2126
8118	7118
1851	851
10108	9108
4698	3698
4352	3352
10876	9876
9966	8966
1595	595
3070	2070
8863	7863
3708	2708
1399	399
1297	297
2846	1846
4632	3632
5727	4727
3664	2664
6260	5260
10752	9752
6037	5037
10844	9844
8963	7963
1077	77
8573	7573
9196	8196
3581	2581
3851	2851
5053	4053
1320	320
3230	2230
3530	2530
8437	7437
4080	3080
8990	7990
8487	7487
7431	6431
8865	7865
7452	6452
4377	3377
7286	6286
1667	667
7084	6084
7685	6685
1963	963
5282	4282
7668	6668
3041	2041
4297	3297
2927	1927
9144	8144
9333	8333
2771	1771
7106	6106
9410	8410
6695	5695
5301	4301
1990	990
5897	4897
5705	4705
8661	7661
8126	7126
8235	7235
2450	1450
1205	205
2576	1576
9936	8936
3988	2988
10440	9440
2739	1739
7364	6364
6725	5725
3405	2405
9800	8800
9761	8761
10719	9719
4081	3081
6429	5429
2760	1760
7377	6377
8355	7355
10903	9903
2062	1062
6477	5477
3361	2361
10471	9471
8523	7523
4013	3013
7812	6812
3419	2419
8718	7718
5472	4472
6896	5896
2304	1304
6921	5921
7101	6101
3879	2879
2208	1208
10088	9088
9670	8670
3947	2947
2803	1803
1746	746
2703	1703
1602	602
10507	9507
2422	1422
1034	34
2287	1287
10533	9533
3763	2763
5993	4993
6787	5787
4824	3824
7822	6822
9147	8147
10646	9646
5344	4344
2160	1160
3809	2809
4115	3115
6229	5229
4632	3632
10010	9010
7532	6532
10553	9553
6110	5110
6762	5762
8112	7112
1549	549
5431	4431
7410	6410
9704	8704
2528	1528
9113	8113
10305	9305
8386	7386
10534	9534
10339	9339
9672	8672
10066	9066
3101	2101
1017	17
5852	4852
3276	2276
7838	6838
10351	9351
2921	1921
8533	7533
1510	510
5729	4729
1647	647
3090	2090
9360	8360
10657	9657
9621	8621
5264	4264
2118	1118
1734	734
8728	7728
9019	8019
2516	1516
5137	4137
7722	6722
4043	3043
3249	2249
3378	2378
7781	6781
9134	8134
9068	8068
6452	5452
4551	3551
7520	6520
6468	5468
5755	4755
9795	8795
9657	8657
5105	4105
8067	7067
7190	6190
1966	966
9147	8147
4188	3188
4055	3055
7507	6507
10196	9196
9027	8027
8122	7122
7666	6666
9760	8760
5849	4849
5684	4684
7627	6627
6338	5338
8757	7757
7021	6021
4938	3938
1134	134
3801	2801
3072	2072
9202	8202
5605	4605
6622	5622
5721	4721
7424	6424
1376	376
10868	9868
6081	5081
1832	832
7934	6934
8622	7622
2797	1797
6081	5081
1809	809
5851	4851
8939	7939
7357	6357
3877	2877
2412	1412
4022	3022
8988	7988
3613	2613
8705	7705
1966	966
8950	7950
6461	5461
4339	3339
2887	1887
2946	1946
7139	6139
1310	310
7499	6499
1743	743
6932	5932
8572	7572
4519	3519
3659	2659
8439	7439
9599	8599
4491	3491
1724	724
3572	2572
6287	5287
3156	2156
10732	9732
7490	6490
7446	6446
7088	6088
6718	5718
8858	7858
10109	9109
1058	58
1470	470
4165	3165
2023	1023
5771	4771
5977	4977
5361	4361
7657	6657
7923	6923
7852	6852
7967	6967
10773	9773
4946	3946
10250	9250
8344	7344
8464	7464
2908	1908
2134	1134
3414	2414
2750	1750
2858	1858
5985	4985
4389	3389
1365	365
2069	1069
10878	9878
7811	6811
8156	7156
6595	5595
2020	1020
3617	2617
6652	5652
8841	7841
6781	5781
4027	3027
3611	2611
8110	7110
4739	3739
6619	5619
1384	384
1590	590
3585	2585
1156	156
5536	4536
9186	8186
8500	7500
2999	1999
7446	6446
5985	4985
5413	4413
9195	8195
7842	6842
6749	5749
2583	1583
4559	3559
7817	6817
2460	1460
1369	369
1325	325
4407	3407
8740	7740
3941	2941
6410	5410
6580	5580
6073	5073
9436	8436
9190	8190
9534	8534
9527	8527
4808	3808
9917	8917
10116	9116
3745	2745
6425	5425
4651	3651
1930	930
3924	2924
3002	2002
8375	7375
5260	4260
7414	6414
2922	1922
2102	1102
9514	8514
4504	3504
2012	1012
6331	5331
2316	1316
8732	7732
3007	2007
2074	1074
6471	5471
5947	4947
7483	6483
2050	1050
7371	6371
2271	1271
10239	9239
5905	4905
10797	9797
10398	9398
1173	173
6264	5264
3142	2142
6597	5597
9915	8915
10424	9424
5872	4872
8268	7268
4150	3150
10132	9132
4681	3681
6071	5071
7585	6585
9546	8546
5927	4927
8596	7596
4876	3876
3594	2594
6327	5327
3234	2234
4667	3667
1797	797
4532	3532
7501	6501
9198	8198
10903	9903
5123	4123
4788	3788
2159	1159
1271	271
4185	3185
2331	1331
6535	5535
2679	1679
4280	3280
1801	801
2102	1102
9151	8151
9068	8068
1603	603
4634	3634
9100	8100
6674	5674
1218	218
7645	6645
7952	6952
8813	7813
7873	6873
10545	9545
10491	9491
10106	9106
4211	3211
1287	287
3638	2638
10711	9711
9484	8484
9892	8892
1186	186
3271	2271
1050	50
1456	456
2808	1808
8732	7732
6990	5990
4486	3486
8363	7363
4142	3142
1939	939
6514	5514
2209	1209
2541	1541
10147	9147
6660	5660
4566	3566
10365	9365
9657	8657
1517	517
4529	3529
6529	5529
1061	61
4020	3020
1986	986
10623	9623
10658	9658
10975	9975
6686	5686
5494	4494
9866	8866
6871	5871
4116	3116
6267	5267
7326	6326
2275	1275
10351	9351
9668	8668
5760	4760
7713	6713
2809	1809
3050	2050
9578	8578
10370	9370
10943	9943
8725	7725
6029	5029
10860	9860
4441	3441
4685	3685
7729	6729
