500	623547
1909	909
4000	3000
2514	1514
2958	1958
3996	2996
6153	5153
2048	1048
2722	1722
8595	7595
1331	331
10204	9204
6964	5964
5117	4117
1213	213
10902	9902
1973	973
9245	8245
6313	5313
8205	7205
9242	8242
9661	8661
7037	6037
10758	9758
8424	7424
10950	9950
10687	9687
10385	9385
5151	4151
2994	1994
8940	7940
9583	8583
3902	2902
8291	7291
1096	96
2211	1211
7639	6639
2600	1600
3259	2259
9360	8360
10194	9194
3589	2589
4915	3915
2510	1510
7705	6705
5127	4127
2411	1411
5029	4029
9723	8723
7723	6723
2233	1233
7965	6965
2736	1736
4622	3622
7722	6722
10159	9159
10923	9923
3760	2760
5895	4895
5073	4073
2105	1105
3834	2834
3655	2655
5006	4006
7477	6477
10102	9102
6216	5216
4115	3115
1702	702
4826	3826
8826	7826
7247	6247
3766	2766
2740	1740
5108	4108
6823	5823
6866	5866
6518	5518
10851	9851
1940	940
3241	2241
8436	7436
8904	7904
1328	328
8409	7409
1977	977
10486	9486
8331	7331
1088	88
1732	732
2403	1403
2192	1192
10918	9918
5057	4057
6197	5197
7394	6394
10510	9510
7765	6765
10508	9508
7563	6563
7942	6942
8333	7333
3810	2810
10708	9708
6424	5424
7917	6917
6530	5530
8641	7641
9787	8787
2732	1732
9580	8580
8379	7379
10167	9167
3836	2836
8706	7706
7575	6575
1164	164
4543	3543
1257	257
1252	252
5274	4274
2659	1659
8795	7795
5191	4191
3067	2067
10344	9344
1584	584
2577	1577
3460	2460
7443	6443
9139	8139
10401	9401
1127	127
8300	7300
10108	9108
6550	5550
1569	569
1989	989
4190	3190
10355	9355
3721	2721
9122	8122
7733	6733
2887	1887
8309	7309
1790	790
5814	4814
8472	7472
5332	4332
6070	5070
5075	4075
5957	4957
4081	3081
9222	8222
10148	9148
2499	1499
8565	7565
7083	6083
4075	3075
1024	24
3526	2526
8566	7566
10424	9424
10004	9004
2217	1217
5884	4884
5554	4554
2785	1785
3224	2224
5095	4095
8491	7491
5944	4944
9568	8568
5223	4223
4183	3183
6876	5876
6012	5012
8996	7996
10700	9700
6695	5695
10417	9417
4774	3774
1652	652
9849	8849
2995	1995
10799	9799
1348	348
6911	5911
3233	2233
10774	9774
6934	5934
2110	1110
8339	7339
2710	1710
1114	114
9556	8556
3945	2945
2019	1019
7692	6692
6168	5168
6113	5113
5183	4183
7464	6464
1033	33
9405	8405
10646	9646
6908	5908
10769	9769
4993	3993
6607	5607
6463	5463
4409	3409
6733	5733
7114	6114
9610	8610
5079	4079
3264	2264
9957	8957
10990	9990
5497	4497
9730	8730
3275	2275
2958	1958
7069	6069
1336	336
3071	2071
1976	976
10632	9632
4089	3089
8667	7667
5800	4800
9202	8202
2849	1849
2263	1263
9234	8234
7606	6606
8260	7260
1493	493
3726	2726
2252	1252
3452	2452
5540	4540
2012	1012
9184	8184
1654	654
10621	9621
9614	8614
10269	9269
9577	8577
5955	4955
1117	117
8307	7307
8230	7230
3075	2075
10727	9727
4917	3917
5145	4145
8054	7054
4549	3549
4586	3586
5720	4720
5700	4700
9139	8139
3921	2921
6962	5962
3724	2724
6878	5878
4221	3221
4216	3216
5955	4955
1824	824
6667	5667
10494	9494
2835	1835
1202	202
7499	6499
2456	1456
6168	5168
6768	5768
7384	6384
1122	122
3236	2236
1042	42
4703	3703
1662	662
10768	9768
4972	3972
2159	1159
7821	6821
8520	7520
5744	4744
8893	7893
3219	2219
3882	2882
8165	7165
5532	4532
6605	5605
10394	9394
5104	4104
6172	5172
5348	4348
5927	4927
8191	7191
4841	3841
4113	3113
8392	7392
1340	340
1920	920
9911	8911
3459	2459
8304	7304
6385	5385
2046	1046
8345	7345
10087	9087
2708	1708
4465	3465
4058	3058
3866	2866
7637	6637
7929	6929
8609	7609
1881	881
10147	9147
7842	6842
5397	4397
1030	30
3446	2446
4790	3790
5133	4133
8617	7617
5489	4489
6411	5411
5807	4807
5682	4682
5876	4876
9551	8551
2373	1373
6795	5795
4813	3813
1183	183
10450	9450
10197	9197
2228	1228
4147	3147
5636	4636
10287	9287
7611	6611
8693	7693
3152	2152
10599	9599
1974	974
7112	6112
1480	480
7472	6472
3953	2953
5876	4876
7502	6502
2750	1750
6018	5018
7986	6986
6719	5719
10506	9506
9749	8749
7877	6877
1539	539
4624	3624
2779	1779
2911	1911
10418	9418
6592	5592
3093	2093
9868	8868
5788	4788
10673	9673
3014	2014
6775	5775
9959	8959
5976	4976
4468	3468
2111	1111
5574	4574
1793	793
4574	3574
2405	1405
8264	7264
3879	2879
7281	6281
4765	3765
5628	4628
8650	7650
1751	751
7698	6698
4507	3507
10499	9499
4575	3575
5046	4046
10474	9474
6353	5353
3308	2308
9891	8891
8296	7296
5401	4401
5110	4110
9436	8436
5073	4073
3475	2475
5210	4210
4031	3031
4802	3802
5029	4029
1493	493
9376	8376
5821	4821
5067	4067
10780	9780
3085	2085
7945	6945
3412	2412
3201	2201
8924	7924
7413	6413
3951	2951
5622	4622
10920	9920
9801	8801
5548	4548
1317	317
9274	8274
7252	6252
3624	2624
4517	3517
4548	3548
4376	3376
4978	3978
2983	1983
8448	7448
7453	6453
7192	6192
7831	6831
1254	254
1221	221
8323	7323
5981	4981
2393	1393
8741	7741
2113	1113
4477	3477
2037	1037
10876	9876
6678	5678
9961	8961
7289	6289
5980	4980
10934	9934
3560	2560
1133	133
1833	833
10228	9228
5758	4758
8084	7084
2851	1851
9274	8274
1631	631
6227	5227
3252	2252
9965	8965
10026	9026
6056	5056
6157	5157
6856	5856
2661	1661
2729	1729
10531	9531
7642	6642
10473	9473
8271	7271
5106	4106
3950	2950
9308	8308
4981	3981
5979	4979
4620	3620
7621	6621
7310	6310
10905	9905
6532	5532
7442	6442
1737	737
5759	4759
2200	1200
5172	4172
7610	6610
6825	5825
5803	4803
9188	8188
9076	8076
4767	3767
8213	7213
4131	3131
6275	5275
