500	2212512
9571	8571
10571	9571
2995	1995
1955	955
7931	6931
10781	9781
8709	7709
7868	6868
7605	6605
5896	4896
3629	2629
10527	9527
3566	2566
1053	53
5536	4536
7548	6548
7650	6650
2544	1544
2509	1509
5164	4164
3245	2245
4561	3561
8750	7750
4529	3529
10508	9508
10394	9394
3228	2228
3956	2956
7421	6421
3112	2112
2410	1410
5991	4991
2682	1682
10756	9756
3297	2297
5964	4964
10537	9537
1005	5
9183	8183
3493	2493
2252	1252
1811	811
3019	2019
4817	3817
1864	864
7555	6555
7717	6717
8513	7513
5450	4450
9225	8225
9028	8028
7694	6694
2785	1785
6777	5777
7574	6574
8645	7645
6170	5170
9802	8802
1600	600
2591	1591
1913	913
3009	2009
3933	2933
9946	8946
9117	8117
6230	5230
1261	261
8653	7653
2586	1586
9443	8443
7497	6497
3838	2838
6606	5606
9516	8516
4006	3006
7469	6469
2422	1422
10722	9722
4981	3981
6871	5871
5298	4298
3009	2009
9917	8917
7083	6083
5137	4137
6490	5490
4727	3727
6659	5659
1643	643
1678	678
8249	7249
8907	7907
10039	9039
7533	6533
4204	3204
8155	7155
9114	8114
4464	3464
5807	4807
10700	9700
9259	8259
2303	1303
9889	8889
4864	3864
7170	6170
9246	8246
1332	332
8591	7591
5320	4320
1664	664
10814	9814
9617	8617
10024	9024
9730	8730
5699	4699
4161	3161
1571	571
5777	4777
9819	8819
8566	7566
6455	5455
3419	2419
6472	5472
5493	4493
6303	5303
9676	8676
2647	1647
4417	3417
3139	2139
3805	2805
10468	9468
1397	397
1459	459
9356	8356
5260	4260
3981	2981
3953	2953
1943	943
1571	571
8272	7272
2607	1607
7736	6736
6889	5889
1630	630
6465	5465
7939	6939
1142	142
3388	2388
2716	1716
6312	5312
10953	9953
8170	7170
8730	7730
6424	5424
9014	8014
10385	9385
1451	451
7012	6012
3801	2801
3590	2590
9816	8816
3268	2268
10338	9338
6626	5626
7975	6975
10950	9950
9606	8606
10927	9927
1892	892
6529	5529
4551	3551
9850	8850
3264	2264
10439	9439
10480	9480
5081	4081
7377	6377
6973	5973
7468	6468
9092	8092
2285	1285
3772	2772
2613	1613
10014	9014
5547	4547
10626	9626
5750	4750
5998	4998
6637	5637
8550	7550
4939	3939
1804	804
7169	6169
10628	9628
3782	2782
10495	9495
10577	9577
8739	7739
10422	9422
7821	6821
4267	3267
3972	2972
6670	5670
2883	1883
9762	8762
2501	1501
3315	2315
6138	5138
4826	3826
6134	5134
10582	9582
6110	5110
8905	7905
2194	1194
1475	475
3451	2451
1820	820
6225	5225
4800	3800
3808	2808
3774	2774
8738	7738
4612	3612
6295	5295
4718	3718
3745	2745
5789	4789
10646	9646
1483	483
1562	562
7466	6466
4750	3750
10885	9885
9488	8488
2984	1984
9646	8646
7340	6340
5298	4298
1136	136
1165	165
6783	5783
10717	9717
6274	5274
4687	3687
8262	7262
6749	5749
3489	2489
5433	4433
8325	7325
3641	2641
8241	7241
1098	98
7730	6730
8204	7204
2744	1744
1447	447
10948	9948
7533	6533
1093	93
1430	430
8094	7094
7558	6558
1531	531
4331	3331
2397	1397
9866	8866
2976	1976
5089	4089
10515	9515
9463	8463
5253	4253
6297	5297
9179	8179
6879	5879
6335	5335
2793	1793
8979	7979
8824	7824
7225	6225
6303	5303
1464	464
10817	9817
2752	1752
4545	3545
4372	3372
4496	3496
4992	3992
4319	3319
7380	6380
5084	4084
1101	101
4473	3473
7993	6993
7983	6983
4155	3155
5742	4742
6849	5849
6131	5131
9830	8830
6363	5363
4593	3593
10434	9434
1660	660
9124	8124
6312	5312
6994	5994
7268	6268
10642	9642
1169	169
3492	2492
5944	4944
7984	6984
9661	8661
4048	3048
1529	529
3032	2032
3895	2895
1872	872
2703	1703
10274	9274
5955	4955
2803	1803
10098	9098
9299	8299
6137	5137
3253	2253
4040	3040
1985	985
4735	3735
2869	1869
3700	2700
8327	7327
8655	7655
10711	9711
2802	1802
3966	2966
6704	5704
9069	8069
9960	8960
3225	2225
7913	6913
1255	255
6560	5560
6573	5573
4302	3302
3440	2440
8604	7604
7196	6196
4311	3311
10306	9306
2821	1821
9265	8265
8460	7460
1919	919
3916	2916
3597	2597
4171	3171
6955	5955
4581	3581
7905	6905
5176	4176
3632	2632
1583	583
2830	1830
3342	2342
9737	8737
2147	1147
5398	4398
7805	6805
7458	6458
7622	6622
1069	69
7713	6713
9533	8533
6641	5641
1014	14
1973	973
10597	9597
3562	2562
5283	4283
6254	5254
5382	4382
9900	8900
3714	2714
2652	1652
2815	1815
2662	1662
5822	4822
5121	4121
2594	1594
9078	8078
9296	8296
5226	4226
9661	8661
7477	6477
7567	6567
4749	3749
4976	3976
1964	964
7905	6905
1433	433
4937	3937
7974	6974
8145	7145
3470	2470
9966	8966
4511	3511
4442	3442
9562	8562
7072	6072
5076	4076
1168	168
7805	6805
3975	2975
3881	2881
9457	8457
2141	1141
1894	894
10630	9630
6262	5262
3487	2487
8708	7708
4557	3557
7712	6712
3720	2720
7386	6386
10631	9631
7468	6468
1361	361
1594	594
4372	3372
1793	793
1883	883
7697	6697
8938	7938
4352	3352
6663	5663
8800	7800
4145	3145
1576	576
1223	223
8220	7220
1743	743
8027	7027
7547	6547
10975	9975
2835	1835
8687	7687
1868	868
2465	1465
3948	2948
4355	3355
6524	5524
3857	2857
7418	6418
5595	4595
10242	9242
7048	6048
2062	1062
6954	5954
7642	6642
1785	785
7746	6746
4876	3876
8482	7482
2035	1035
8227	7227
10496	9496
9834	8834
7723	6723
1071	71
10056	9056
4942	3942
8166	7166
3435	2435
7840	6840
8140	7140
5269	4269
5527	4527
5360	4360
3085	2085
4826	3826
5066	4066
4960	3960
7682	6682
1483	483
9554	8554
3275	2275
7531	6531
6967	5967
9228	8228
10524	9524
4104	3104
2326	1326
4399	3399
1585	585
9712	8712
7977	6977
7432	6432
8546	7546
