500	633641
2365	1365
5654	4654
9408	8408
7836	6836
1870	870
8427	7427
8751	7751
1727	727
7190	6190
6053	5053
9438	8438
2118	1118
2509	1509
4623	3623
5297	4297
8807	7807
4941	3941
8970	7970
4374	3374
5708	4708
1884	884
1495	495
5227	4227
6863	5863
8135	7135
1329	329
1159	159
5612	4612
5409	4409
7982	6982
10644	9644
3126	2126
2636	1636
5404	4404
9961	8961
9857	8857
2830	1830
7711	6711
6935	5935
9019	8019
2763	1763
5373	4373
6489	5489
10623	9623
8995	7995
10785	9785
8430	7430
2935	1935
8755	7755
1803	803
3995	2995
5990	4990
8649	7649
4573	3573
8204	7204
5784	4784
4901	3901
8362	7362
6747	5747
9309	8309
5344	4344
2743	1743
7786	6786
3331	2331
7146	6146
6747	5747
8539	7539
8975	7975
9809	8809
4473	3473
3345	2345
7924	6924
8845	7845
8833	7833
7546	6546
6840	5840
4970	3970
4975	3975
5126	4126
9076	8076
2130	1130
4472	3472
4065	3065
9778	8778
8044	7044
1268	268
10913	9913
1944	944
8629	7629
3012	2012
6605	5605
9324	8324
4754	3754
3390	2390
8006	7006
10899	9899
5488	4488
5544	4544
5225	4225
4297	3297
9017	8017
7569	6569
7572	6572
3213	2213
1754	754
4117	3117
9052	8052
5723	4723
8092	7092
9530	8530
10150	9150
5573	4573
9353	8353
3214	2214
10702	9702
6397	5397
9833	8833
10615	9615
3692	2692
3813	2813
2626	1626
5648	4648
2137	1137
2731	1731
4390	3390
5494	4494
8981	7981
8877	7877
10038	9038
3205	2205
8525	7525
4406	3406
9773	8773
5096	4096
6618	5618
6878	5878
8213	7213
1022	22
7952	6952
1656	656
5903	4903
7101	6101
2580	1580
4255	3255
9314	8314
2281	1281
6003	5003
4498	3498
1895	895
5047	4047
7311	6311
9872	8872
9694	8694
4799	3799
7954	6954
9435	8435
9292	8292
5934	4934
7312	6312
4681	3681
8138	7138
1188	188
4438	3438
3263	2263
5284	4284
10056	9056
9140	8140
8848	7848
6429	5429
6092	5092
5855	4855
1331	331
2192	1192
7434	6434
4585	3585
6858	5858
8714	7714
9588	8588
10355	9355
5961	4961
3634	2634
3017	2017
1184	184
8679	7679
6815	5815
8138	7138
7114	6114
5107	4107
3071	2071
9777	8777
5139	4139
10209	9209
9964	8964
8577	7577
2471	1471
10599	9599
3984	2984
6962	5962
4798	3798
5764	4764
2053	1053
9652	8652
6094	5094
9597	8597
2437	1437
6030	5030
1806	806
10151	9151
10969	9969
1160	160
1463	463
9954	8954
3177	2177
1646	646
7633	6633
5343	4343
8783	7783
10098	9098
5801	4801
10854	9854
8874	7874
9940	8940
6414	5414
4189	3189
3868	2868
4236	3236
10140	9140
3203	2203
10197	9197
3937	2937
7966	6966
7602	6602
8941	7941
3059	2059
2550	1550
10377	9377
4440	3440
3355	2355
5879	4879
4409	3409
9866	8866
6341	5341
3362	2362
8394	7394
6987	5987
6346	5346
2737	1737
1121	121
1795	795
7537	6537
7326	6326
6020	5020
2828	1828
2739	1739
9209	8209
5695	4695
5974	4974
4700	3700
7897	6897
1523	523
7636	6636
4862	3862
8124	7124
5576	4576
3272	2272
9673	8673
1305	305
6712	5712
8379	7379
6183	5183
6472	5472
7244	6244
1524	524
5185	4185
4638	3638
3862	2862
10531	9531
6374	5374
10334	9334
1325	325
2910	1910
6660	5660
2697	1697
4738	3738
8398	7398
10905	9905
5784	4784
9724	8724
10956	9956
2681	1681
10246	9246
7591	6591
2894	1894
7369	6369
8519	7519
1518	518
2393	1393
8823	7823
3581	2581
9771	8771
10357	9357
9052	8052
6014	5014
7232	6232
3236	2236
6003	5003
6445	5445
9118	8118
1376	376
5779	4779
5795	4795
9638	8638
1438	438
7491	6491
9727	8727
5187	4187
3747	2747
4510	3510
3910	2910
3702	2702
2542	1542
3155	2155
6644	5644
10788	9788
5875	4875
4162	3162
1305	305
3619	2619
8336	7336
10237	9237
2389	1389
7693	6693
8288	7288
3755	2755
3924	2924
10523	9523
8757	7757
9369	8369
4993	3993
5485	4485
4147	3147
9787	8787
10474	9474
10936	9936
6277	5277
9200	8200
5122	4122
9023	8023
9061	8061
8032	7032
8076	7076
6955	5955
6538	5538
3719	2719
3094	2094
1413	413
6881	5881
9750	8750
4031	3031
10568	9568
8986	7986
1772	772
7260	6260
6273	5273
10878	9878
6536	5536
2147	1147
4986	3986
1256	256
6139	5139
5822	4822
10754	9754
1277	277
5295	4295
10689	9689
6553	5553
3494	2494
1162	162
10927	9927
7907	6907
4545	3545
8002	7002
10213	9213
10083	9083
10721	9721
2306	1306
6847	5847
2953	1953
1055	55
6229	5229
2520	1520
5392	4392
7000	6000
5132	4132
10664	9664
3229	2229
10667	9667
8162	7162
3567	2567
7274	6274
9653	8653
8388	7388
7027	6027
9929	8929
2683	1683
6715	5715
1834	834
1528	528
3228	2228
8112	7112
8434	7434
6773	5773
5114	4114
3998	2998
5855	4855
1186	186
5303	4303
1701	701
3138	2138
1709	709
6929	5929
1009	9
6100	5100
9281	8281
5140	4140
2115	1115
7861	6861
1158	158
5629	4629
10427	9427
3783	2783
4281	3281
7815	6815
9809	8809
9561	8561
5849	4849
1875	875
6746	5746
6376	5376
4103	3103
3858	2858
10162	9162
9875	8875
7971	6971
3159	2159
1081	81
4508	3508
3814	2814
8133	7133
6645	5645
10874	9874
10413	9413
3005	2005
2326	1326
8693	7693
3497	2497
9792	8792
1906	906
10006	9006
4420	3420
1332	332
2789	1789
4052	3052
4498	3498
1597	597
2613	1613
9346	8346
2472	1472
4710	3710
1074	74
1926	926
7567	6567
10235	9235
10800	9800
10889	9889
2393	1393
7232	6232
4396	3396
1558	558
4364	3364
6392	5392
1432	432
3776	2776
4749	3749
9109	8109
7821	6821
7245	6245
7900	6900
8726	7726
6250	5250
1320	320
5409	4409
8038	7038
4371	3371
5259	4259
4987	3987
2335	1335
9956	8956
2810	1810
2397	1397
