500	1932305
8181	7181
9126	8126
4367	3367
4823	3823
4879	3879
9803	8803
3869	2869
9861	8861
7383	6383
5279	4279
9933	8933
5814	4814
8671	7671
5869	4869
5545	4545
3736	2736
5645	4645
9286	8286
10386	9386
3788	2788
5026	4026
9271	8271
5148	4148
9469	8469
4120	3120
7491	6491
3897	2897
10668	9668
9160	8160
3713	2713
8403	7403
2692	1692
1838	838
1769	769
6514	5514
2068	1068
6923	5923
5734	4734
7280	6280
3306	2306
10012	9012
6213	5213
8119	7119
4035	3035
7433	6433
2663	1663
6770	5770
2078	1078
7300	6300
2507	1507
4865	3865
1325	325
10777	9777
5364	4364
6145	5145
10248	9248
1855	855
9042	8042
9916	8916
10014	9014
1754	754
3670	2670
8058	7058
8943	7943
4438	3438
9923	8923
6363	5363
6713	5713
4657	3657
2642	1642
9018	8018
10020	9020
4206	3206
2488	1488
3054	2054
10639	9639
4151	3151
5176	4176
8068	7068
6802	5802
6682	5682
8284	7284
3479	2479
2811	1811
2647	1647
8623	7623
2058	1058
3501	2501
6664	5664
7325	6325
8867	7867
3769	2769
9994	8994
5924	4924
8064	7064
9784	8784
4846	3846
3426	2426
5496	4496
4854	3854
1419	419
9865	8865
10226	9226
4625	3625
1352	352
8631	7631
10615	9615
10854	9854
2806	1806
7682	6682
6656	5656
4840	3840
4965	3965
9134	8134
6650	5650
6611	5611
3108	2108
4059	3059
5464	4464
8772	7772
10384	9384
3330	2330
7892	6892
5729	4729
4605	3605
4955	3955
4512	3512
4802	3802
3732	2732
5359	4359
5008	4008
4151	3151
4223	3223
10585	9585
4127	3127
4575	3575
8215	7215
3741	2741
4428	3428
10021	9021
10422	9422
10083	9083
3860	2860
4386	3386
4568	3568
5861	4861
6348	5348
3028	2028
8919	7919
10811	9811
10799	9799
4654	3654
9492	8492
4042	3042
9383	8383
9448	8448
4349	3349
9246	8246
9602	8602
7080	6080
3605	2605
9961	8961
6582	5582
3179	2179
9545	8545
6060	5060
6753	5753
6759	5759
8800	7800
10181	9181
5779	4779
4573	3573
5615	4615
4990	3990
4310	3310
5535	4535
9850	8850
9658	8658
7562	6562
4121	3121
5820	4820
3712	2712
4126	3126
4312	3312
3105	2105
2508	1508
2759	1759
6453	5453
7106	6106
7712	6712
8885	7885
9710	8710
6672	5672
10818	9818
1888	888
5216	4216
5878	4878
3993	2993
10975	9975
10029	9029
9525	8525
2105	1105
3602	2602
10491	9491
2447	1447
6911	5911
1377	377
7648	6648
1920	920
7938	6938
10768	9768
6740	5740
7001	6001
3894	2894
10051	9051
5458	4458
1753	753
8161	7161
10910	9910
7858	6858
1225	225
5146	4146
2919	1919
6896	5896
4964	3964
10159	9159
7464	6464
9841	8841
3151	2151
3790	2790
5221	4221
1675	675
4894	3894
7822	6822
7517	6517
2692	1692
10085	9085
7894	6894
9340	8340
1004	4
1183	183
9107	8107
6743	5743
3536	2536
8352	7352
2145	1145
7993	6993
5457	4457
5658	4658
7902	6902
2314	1314
5882	4882
8400	7400
10585	9585
8129	7129
2363	1363
9743	8743
4592	3592
7555	6555
8245	7245
7381	6381
1775	775
5271	4271
7627	6627
4949	3949
1787	787
9318	8318
4033	3033
8680	7680
7657	6657
10388	9388
5215	4215
2116	1116
6131	5131
7750	6750
9467	8467
3627	2627
4742	3742
10275	9275
8284	7284
7995	6995
7941	6941
9517	8517
5394	4394
7525	6525
6646	5646
6756	5756
2619	1619
10237	9237
9662	8662
9863	8863
6618	5618
10437	9437
10485	9485
9596	8596
4385	3385
1271	271
7913	6913
3769	2769
5303	4303
10922	9922
3156	2156
9517	8517
2037	1037
4638	3638
2618	1618
6855	5855
7265	6265
6359	5359
6130	5130
10900	9900
3353	2353
3070	2070
9417	8417
4099	3099
9594	8594
5062	4062
6206	5206
7564	6564
10650	9650
4868	3868
6426	5426
2619	1619
4304	3304
5910	4910
1214	214
4040	3040
2532	1532
4479	3479
3160	2160
3186	2186
4400	3400
5315	4315
8054	7054
5436	4436
5305	4305
9671	8671
1290	290
7921	6921
1381	381
2771	1771
4172	3172
10086	9086
4840	3840
2588	1588
3184	2184
9785	8785
3001	2001
8389	7389
2700	1700
9003	8003
2256	1256
8125	7125
10621	9621
1911	911
9386	8386
10835	9835
1302	302
7270	6270
4313	3313
9813	8813
5807	4807
4064	3064
4128	3128
2861	1861
8499	7499
4784	3784
7883	6883
5140	4140
1704	704
8264	7264
3263	2263
4875	3875
7349	6349
7102	6102
2815	1815
5884	4884
2239	1239
1167	167
9624	8624
3938	2938
9169	8169
7232	6232
7415	6415
8790	7790
8142	7142
2152	1152
4976	3976
4796	3796
4773	3773
4640	3640
3608	2608
9580	8580
7703	6703
3087	2087
1440	440
1553	553
6870	5870
8322	7322
2044	1044
3925	2925
1937	937
4306	3306
4152	3152
4637	3637
6760	5760
5966	4966
9520	8520
7998	6998
6132	5132
8144	7144
7287	6287
10653	9653
4375	3375
10053	9053
4794	3794
7868	6868
1205	205
5121	4121
8015	7015
4977	3977
8760	7760
6975	5975
9908	8908
1814	814
9061	8061
10347	9347
8718	7718
1283	283
4021	3021
9761	8761
4207	3207
1309	309
9419	8419
7358	6358
4946	3946
5178	4178
8675	7675
3465	2465
8527	7527
10159	9159
6960	5960
1165	165
9811	8811
10334	9334
10218	9218
3604	2604
3554	2554
6774	5774
7724	6724
10568	9568
7102	6102
1835	835
6542	5542
6010	5010
9000	8000
10955	9955
5356	4356
6717	5717
7589	6589
4728	3728
1829	829
7147	6147
5037	4037
6599	5599
3505	2505
5334	4334
10776	9776
7531	6531
4150	3150
4654	3654
6689	5689
10110	9110
4819	3819
1851	851
5795	4795
10388	9388
4454	3454
8348	7348
6161	5161
7529	6529
4268	3268
2262	1262
4715	3715
6161	5161
3623	2623
2714	1714
2467	1467
4331	3331
4782	3782
9055	8055
8058	7058
1963	963
5202	4202
8446	7446
7561	6561
4058	3058
2779	1779
3689	2689
10588	9588
