500	2393347
6001	5001
7935	6935
6221	5221
9632	8632
6723	5723
5147	4147
6397	5397
9927	8927
5992	4992
10315	9315
1911	911
10144	9144
5787	4787
9139	8139
5929	4929
6072	5072
2368	1368
4076	3076
1544	544
5624	4624
10195	9195
9602	8602
2121	1121
10796	9796
10254	9254
3856	2856
9712	8712
9143	8143
7517	6517
4463	3463
5206	4206
2517	1517
7749	6749
6779	5779
7501	6501
3472	2472
7277	6277
2897	1897
2398	1398
2268	1268
8563	7563
9660	8660
7764	6764
9701	8701
7798	6798
2692	1692
1125	125
5517	4517
5767	4767
1668	668
10140	9140
1313	313
6621	5621
7613	6613
7460	6460
2226	1226
10468	9468
6171	5171
10368	9368
3336	2336
9634	8634
10926	9926
1205	205
6382	5382
6704	5704
4057	3057
5205	4205
2980	1980
2305	1305
6602	5602
10599	9599
9868	8868
1614	614
7362	6362
4920	3920
4763	3763
9053	8053
5044	4044
9280	8280
10171	9171
2063	1063
4771	3771
10484	9484
7684	6684
7735	6735
6943	5943
5261	4261
3555	2555
2114	1114
4629	3629
5890	4890
7099	6099
4554	3554
2446	1446
8832	7832
6609	5609
5502	4502
3037	2037
8588	7588
6807	5807
4990	3990
4538	3538
2026	1026
5603	4603
10900	9900
5945	4945
9366	8366
5304	4304
6341	5341
3997	2997
4475	3475
7403	6403
7767	6767
10310	9310
10438	9438
10854	9854
2604	1604
4699	3699
3408	2408
10069	9069
8327	7327
8297	7297
6167	5167
8232	7232
6095	5095
3999	2999
10192	9192
6948	5948
2387	1387
4131	3131
9106	8106
6376	5376
7668	6668
10131	9131
10979	9979
7567	6567
1428	428
5696	4696
1871	871
6768	5768
5044	4044
1697	697
9522	8522
8162	7162
7358	6358
8960	7960
8015	7015
8961	7961
2658	1658
10422	9422
8030	7030
6336	5336
4071	3071
9548	8548
9919	8919
5517	4517
8898	7898
9110	8110
1464	464
10284	9284
2240	1240
9570	8570
5660	4660
8907	7907
8700	7700
1990	990
1826	826
5479	4479
3037	2037
2696	1696
1246	246
3432	2432
9744	8744
6120	5120
10593	9593
6101	5101
4079	3079
7608	6608
10413	9413
5736	4736
3381	2381
3794	2794
1071	71
6451	5451
2342	1342
9989	8989
10967	9967
6591	5591
4450	3450
7783	6783
5875	4875
5689	4689
6352	5352
6886	5886
9947	8947
10403	9403
4227	3227
10772	9772
4882	3882
6263	5263
8819	7819
1479	479
5046	4046
3914	2914
6598	5598
4638	3638
5366	4366
9676	8676
7597	6597
4779	3779
4411	3411
9978	8978
7572	6572
10833	9833
1780	780
5265	4265
6173	5173
8099	7099
10856	9856
9622	8622
4881	3881
2082	1082
10662	9662
10232	9232
7967	6967
9609	8609
9634	8634
1193	193
5732	4732
3515	2515
2807	1807
3551	2551
10346	9346
6852	5852
6464	5464
5943	4943
10489	9489
10830	9830
4619	3619
3438	2438
10960	9960
4381	3381
2415	1415
7531	6531
4214	3214
3194	2194
8148	7148
5738	4738
6644	5644
8003	7003
10712	9712
10524	9524
9084	8084
10373	9373
6107	5107
2402	1402
5333	4333
1093	93
8946	7946
10065	9065
9959	8959
10752	9752
8967	7967
9304	8304
2955	1955
4430	3430
4247	3247
8795	7795
10611	9611
7865	6865
1232	232
10570	9570
7597	6597
2646	1646
3453	2453
7162	6162
1192	192
6952	5952
1900	900
6835	5835
10306	9306
1611	611
2711	1711
4741	3741
10983	9983
7817	6817
6142	5142
1668	668
7909	6909
4087	3087
10732	9732
6868	5868
10190	9190
8698	7698
5171	4171
8496	7496
8479	7479
4769	3769
6290	5290
4442	3442
7985	6985
6522	5522
10363	9363
4582	3582
4519	3519
9167	8167
10743	9743
1062	62
5118	4118
1642	642
3249	2249
10775	9775
8604	7604
4959	3959
4515	3515
4939	3939
8127	7127
6008	5008
5606	4606
1388	388
9094	8094
1689	689
7255	6255
4635	3635
5738	4738
7777	6777
2130	1130
9568	8568
7898	6898
3772	2772
3009	2009
4882	3882
5645	4645
8724	7724
4815	3815
5515	4515
6890	5890
4558	3558
5577	4577
7360	6360
1551	551
7825	6825
7134	6134
9155	8155
8135	7135
10649	9649
3093	2093
5261	4261
5656	4656
4050	3050
5648	4648
10102	9102
4738	3738
8254	7254
10088	9088
9475	8475
1383	383
1218	218
8042	7042
4632	3632
10341	9341
6403	5403
8513	7513
4985	3985
4126	3126
2328	1328
9499	8499
6367	5367
2237	1237
10427	9427
2726	1726
2787	1787
7251	6251
8860	7860
7293	6293
10737	9737
4860	3860
5737	4737
1350	350
9515	8515
8786	7786
5997	4997
4968	3968
8875	7875
9603	8603
4056	3056
3701	2701
6337	5337
10625	9625
7095	6095
9968	8968
9965	8965
8849	7849
3832	2832
10301	9301
1974	974
5159	4159
5151	4151
7340	6340
6395	5395
4578	3578
5418	4418
4534	3534
7180	6180
3277	2277
7178	6178
6917	5917
3488	2488
1915	915
7266	6266
2002	1002
6052	5052
8614	7614
2322	1322
10279	9279
3568	2568
5377	4377
2979	1979
8904	7904
1353	353
9073	8073
4223	3223
6669	5669
6921	5921
7055	6055
5969	4969
4246	3246
7565	6565
10119	9119
6938	5938
9312	8312
10048	9048
1355	355
2845	1845
6228	5228
9983	8983
5374	4374
2144	1144
8822	7822
6288	5288
4761	3761
6175	5175
7692	6692
2374	1374
7496	6496
6970	5970
1294	294
8224	7224
8948	7948
9197	8197
8576	7576
3373	2373
8772	7772
10596	9596
5645	4645
4826	3826
1916	916
8891	7891
7742	6742
1035	35
1180	180
6053	5053
10082	9082
7886	6886
4249	3249
1661	661
3220	2220
8623	7623
2804	1804
1041	41
3910	2910
2916	1916
6215	5215
6953	5953
10642	9642
2711	1711
2922	1922
10935	9935
6286	5286
10870	9870
5483	4483
10214	9214
9594	8594
3254	2254
9809	8809
4238	3238
3431	2431
10725	9725
8480	7480
10173	9173
7111	6111
8659	7659
5225	4225
6192	5192
1896	896
4826	3826
3205	2205
4115	3115
2448	1448
5008	4008
