500	624266
5792	4792
4355	3355
9951	8951
8785	7785
3828	2828
7221	6221
2890	1890
3129	2129
1880	880
3222	2222
4459	3459
1851	851
9843	8843
10768	9768
1755	755
5374	4374
3562	2562
8843	7843
10133	9133
4761	3761
3015	2015
3094	2094
6937	5937
4169	3169
1281	281
5013	4013
4287	3287
4845	3845
4495	3495
5914	4914
4265	3265
5638	4638
9268	8268
3215	2215
3422	2422
8447	7447
5788	4788
1663	663
10575	9575
6667	5667
3885	2885
10385	9385
7518	6518
9079	8079
10153	9153
4624	3624
3452	2452
2714	1714
8819	7819
8936	7936
2826	1826
7185	6185
7381	6381
8762	7762
6705	5705
4013	3013
9126	8126
9991	8991
7858	6858
2621	1621
1256	256
1122	122
7258	6258
5876	4876
9689	8689
6032	5032
3322	2322
4476	3476
6694	5694
9249	8249
6494	5494
5930	4930
8633	7633
9363	8363
4008	3008
7785	6785
9339	8339
2812	1812
5850	4850
7157	6157
7099	6099
4027	3027
9693	8693
3480	2480
1789	789
5397	4397
6492	5492
6266	5266
10739	9739
9701	8701
4238	3238
10995	9995
6175	5175
10496	9496
5870	4870
4863	3863
1879	879
4543	3543
4690	3690
3924	2924
2791	1791
10183	9183
8854	7854
10424	9424
8546	7546
1861	861
3560	2560
6884	5884
10024	9024
4762	3762
9392	8392
6123	5123
7788	6788
4436	3436
8602	7602
4928	3928
8832	7832
10445	9445
10194	9194
4922	3922
9146	8146
3431	2431
1268	268
10672	9672
9278	8278
2489	1489
4534	3534
6508	5508
6032	5032
4575	3575
9432	8432
7822	6822
3757	2757
7285	6285
3597	2597
7654	6654
4497	3497
2509	1509
9889	8889
3521	2521
6270	5270
4632	3632
4995	3995
3057	2057
8067	7067
2596	1596
3337	2337
2250	1250
8392	7392
2530	1530
6172	5172
2889	1889
1312	312
6439	5439
2560	1560
9590	8590
4280	3280
2445	1445
5097	4097
9311	8311
6019	5019
9880	8880
2484	1484
5128	4128
2516	1516
5081	4081
8133	7133
6013	5013
2941	1941
3374	2374
4885	3885
8210	7210
7005	6005
8879	7879
6618	5618
10424	9424
6826	5826
8954	7954
1673	673
10569	9569
10483	9483
3196	2196
2458	1458
10795	9795
4987	3987
10369	9369
5736	4736
8266	7266
1814	814
6184	5184
6576	5576
3184	2184
5064	4064
8059	7059
3663	2663
6579	5579
8491	7491
10796	9796
7943	6943
10431	9431
9521	8521
8179	7179
3992	2992
5525	4525
2409	1409
9610	8610
1300	300
8234	7234
7563	6563
1973	973
7803	6803
3398	2398
4168	3168
5612	4612
9544	8544
8154	7154
4980	3980
4279	3279
5419	4419
2145	1145
5814	4814
7346	6346
4329	3329
6229	5229
10757	9757
3343	2343
8160	7160
8247	7247
3138	2138
5102	4102
4030	3030
8010	7010
8633	7633
7021	6021
8887	7887
10041	9041
5630	4630
9186	8186
3627	2627
8545	7545
10158	9158
6781	5781
10942	9942
9678	8678
1392	392
9485	8485
6831	5831
1723	723
9115	8115
7602	6602
2868	1868
10280	9280
10299	9299
2548	1548
5509	4509
10055	9055
4890	3890
2668	1668
3654	2654
3380	2380
3121	2121
6683	5683
10389	9389
10753	9753
9055	8055
8275	7275
6146	5146
3685	2685
6461	5461
8772	7772
7581	6581
1970	970
10904	9904
7522	6522
6999	5999
1295	295
2358	1358
2830	1830
8369	7369
6824	5824
5783	4783
10236	9236
6103	5103
5081	4081
1783	783
6963	5963
10488	9488
2025	1025
4982	3982
3141	2141
4404	3404
7103	6103
8823	7823
3792	2792
3207	2207
6877	5877
7419	6419
8352	7352
5913	4913
9231	8231
2475	1475
2493	1493
6552	5552
2378	1378
5366	4366
2551	1551
9024	8024
3075	2075
10732	9732
6393	5393
5250	4250
5514	4514
1980	980
6705	5705
5946	4946
9115	8115
2667	1667
1785	785
10139	9139
6649	5649
3925	2925
3542	2542
9103	8103
8099	7099
2685	1685
1309	309
3976	2976
5455	4455
5013	4013
5240	4240
3685	2685
6487	5487
3085	2085
9237	8237
4217	3217
3802	2802
10787	9787
8592	7592
2229	1229
6870	5870
3984	2984
6478	5478
1383	383
1316	316
2182	1182
2680	1680
9430	8430
10201	9201
9817	8817
8568	7568
5849	4849
2741	1741
7461	6461
3951	2951
9840	8840
5497	4497
10611	9611
9167	8167
9952	8952
4623	3623
3406	2406
2636	1636
6462	5462
1842	842
7224	6224
6030	5030
4644	3644
3362	2362
3621	2621
5872	4872
9231	8231
6605	5605
7701	6701
5965	4965
3272	2272
8883	7883
3997	2997
1701	701
8083	7083
2813	1813
5620	4620
9283	8283
4553	3553
8432	7432
8585	7585
9744	8744
2928	1928
8195	7195
7910	6910
1879	879
1818	818
6668	5668
9867	8867
3631	2631
7509	6509
2442	1442
8660	7660
1152	152
4804	3804
7632	6632
2375	1375
3034	2034
3236	2236
9076	8076
4351	3351
1859	859
3310	2310
7347	6347
2559	1559
6744	5744
9159	8159
3530	2530
1378	378
9063	8063
10961	9961
8962	7962
7807	6807
2889	1889
6156	5156
1068	68
10119	9119
3325	2325
6735	5735
5337	4337
2307	1307
3244	2244
6779	5779
9966	8966
9747	8747
10582	9582
6598	5598
7474	6474
8967	7967
5185	4185
1901	901
2317	1317
6044	5044
4210	3210
5015	4015
3954	2954
6305	5305
9525	8525
6484	5484
6682	5682
3940	2940
2796	1796
4643	3643
10746	9746
1036	36
6150	5150
7165	6165
10155	9155
4827	3827
2900	1900
4491	3491
6133	5133
1495	495
10269	9269
1451	451
10241	9241
6202	5202
7048	6048
3066	2066
4169	3169
7584	6584
3966	2966
1837	837
8979	7979
3527	2527
2204	1204
8285	7285
8831	7831
10728	9728
10120	9120
10864	9864
3667	2667
1915	915
10858	9858
9764	8764
1951	951
2360	1360
5929	4929
7457	6457
6186	5186
7828	6828
10947	9947
1318	318
8322	7322
6568	5568
1768	768
3914	2914
1769	769
4167	3167
5980	4980
1289	289
10751	9751
8945	7945
8478	7478
5081	4081
1472	472
