500	1227955
10173	9173
3883	2883
5255	4255
6058	5058
5125	4125
5474	4474
2173	1173
8007	7007
2853	1853
10896	9896
7561	6561
4655	3655
1411	411
6100	5100
2771	1771
5998	4998
7448	6448
4227	3227
3381	2381
10099	9099
10780	9780
4547	3547
10901	9901
7322	6322
9610	8610
10866	9866
6358	5358
8398	7398
6453	5453
10447	9447
2290	1290
5625	4625
9681	8681
6545	5545
7035	6035
3806	2806
1018	18
8207	7207
10812	9812
9222	8222
4454	3454
3724	2724
9228	8228
4864	3864
8824	7824
10998	9998
9862	8862
1623	623
4224	3224
8594	7594
10721	9721
10355	9355
8492	7492
6974	5974
3029	2029
3453	2453
6839	5839
8386	7386
10850	9850
8643	7643
4185	3185
8492	7492
3268	2268
2865	1865
4036	3036
5654	4654
2022	1022
10405	9405
9212	8212
1833	833
4979	3979
2666	1666
10909	9909
3206	2206
2881	1881
5084	4084
9556	8556
8094	7094
5706	4706
9131	8131
5688	4688
1779	779
8486	7486
9531	8531
7752	6752
10514	9514
1984	984
3590	2590
4251	3251
1833	833
1233	233
3787	2787
5676	4676
9852	8852
5652	4652
8711	7711
10857	9857
3025	2025
4468	3468
9068	8068
10210	9210
8446	7446
7085	6085
10118	9118
7003	6003
5318	4318
4201	3201
5558	4558
2411	1411
5258	4258
3689	2689
7098	6098
6036	5036
7526	6526
1981	981
2787	1787
3391	2391
2964	1964
1729	729
6641	5641
3796	2796
8313	7313
9428	8428
8472	7472
7164	6164
10431	9431
2534	1534
7020	6020
2455	1455
2353	1353
1439	439
1664	664
6150	5150
7524	6524
7133	6133
2153	1153
1841	841
6685	5685
3062	2062
9603	8603
10943	9943
2102	1102
2053	1053
5978	4978
8627	7627
3033	2033
4117	3117
1017	17
4996	3996
4845	3845
3010	2010
4143	3143
2157	1157
1437	437
7966	6966
4672	3672
7219	6219
5852	4852
7043	6043
5025	4025
7204	6204
7481	6481
2041	1041
2354	1354
10356	9356
8173	7173
9858	8858
7548	6548
10210	9210
1919	919
6151	5151
10152	9152
9373	8373
7203	6203
1481	481
6999	5999
9235	8235
4597	3597
3368	2368
9582	8582
8441	7441
1729	729
2724	1724
5949	4949
8517	7517
9690	8690
9620	8620
4735	3735
4541	3541
5662	4662
8759	7759
7096	6096
8495	7495
6151	5151
8449	7449
7850	6850
3324	2324
3658	2658
4398	3398
8885	7885
10929	9929
5900	4900
8036	7036
9301	8301
8454	7454
8516	7516
1651	651
6688	5688
8465	7465
10370	9370
1621	621
2257	1257
1098	98
3344	2344
7206	6206
8614	7614
8385	7385
2177	1177
8700	7700
8277	7277
3191	2191
6459	5459
4373	3373
10685	9685
1609	609
8173	7173
3886	2886
10284	9284
10831	9831
3635	2635
8168	7168
10759	9759
8534	7534
1555	555
5411	4411
5987	4987
5423	4423
6061	5061
8026	7026
2887	1887
1783	783
8646	7646
4143	3143
1880	880
7342	6342
6700	5700
9494	8494
4726	3726
7877	6877
7193	6193
8355	7355
6419	5419
9003	8003
1727	727
6103	5103
5964	4964
8899	7899
5340	4340
1599	599
5081	4081
7975	6975
5119	4119
1191	191
1860	860
5673	4673
5601	4601
3199	2199
6447	5447
7014	6014
6576	5576
8333	7333
7796	6796
4222	3222
1476	476
5027	4027
6915	5915
3527	2527
9872	8872
10640	9640
10403	9403
2417	1417
7994	6994
5821	4821
10419	9419
5072	4072
7275	6275
1734	734
9323	8323
7967	6967
8685	7685
3403	2403
4941	3941
2803	1803
3594	2594
2152	1152
3827	2827
4546	3546
4350	3350
9274	8274
10559	9559
9926	8926
6606	5606
3706	2706
9499	8499
3433	2433
7733	6733
5413	4413
5960	4960
2956	1956
1404	404
1714	714
4372	3372
4750	3750
2887	1887
10143	9143
5173	4173
5513	4513
10876	9876
3495	2495
2479	1479
4912	3912
5898	4898
2771	1771
6714	5714
4843	3843
10275	9275
5893	4893
8388	7388
9976	8976
4166	3166
4299	3299
5253	4253
6123	5123
3356	2356
3751	2751
4908	3908
6440	5440
4515	3515
6219	5219
8396	7396
1271	271
3284	2284
1767	767
1372	372
5170	4170
7261	6261
5544	4544
6035	5035
3489	2489
8039	7039
3865	2865
7400	6400
9288	8288
1988	988
3114	2114
3130	2130
1262	262
4358	3358
6869	5869
10237	9237
7523	6523
6519	5519
4490	3490
2645	1645
5227	4227
3592	2592
2904	1904
10666	9666
3459	2459
8122	7122
4413	3413
3729	2729
10406	9406
1532	532
4100	3100
10927	9927
7792	6792
4995	3995
5961	4961
6632	5632
2033	1033
8826	7826
3032	2032
10320	9320
6165	5165
1497	497
8801	7801
6426	5426
4854	3854
1022	22
2014	1014
1376	376
2892	1892
1855	855
9372	8372
7118	6118
10799	9799
1276	276
3136	2136
3257	2257
4749	3749
2900	1900
2337	1337
4154	3154
9783	8783
1788	788
10433	9433
6575	5575
5782	4782
5393	4393
2206	1206
6815	5815
9570	8570
10589	9589
2486	1486
4734	3734
1085	85
6639	5639
6511	5511
4938	3938
3012	2012
3877	2877
1665	665
4903	3903
4731	3731
6389	5389
7373	6373
4529	3529
3016	2016
9508	8508
3137	2137
6764	5764
7759	6759
4473	3473
6270	5270
6542	5542
1612	612
5702	4702
8468	7468
6394	5394
6446	5446
6025	5025
8560	7560
1368	368
5614	4614
6397	5397
5101	4101
5698	4698
8387	7387
6964	5964
5988	4988
10398	9398
9840	8840
3004	2004
4301	3301
9922	8922
8392	7392
10673	9673
9803	8803
10407	9407
5532	4532
1939	939
2523	1523
8642	7642
1764	764
7792	6792
4183	3183
8727	7727
8845	7845
1650	650
4120	3120
4290	3290
6675	5675
8031	7031
4657	3657
1288	288
3428	2428
5110	4110
2337	1337
10814	9814
7425	6425
3676	2676
10212	9212
6264	5264
5680	4680
9864	8864
1537	537
3071	2071
5888	4888
10339	9339
8830	7830
6771	5771
7630	6630
10352	9352
4412	3412
4745	3745
3495	2495
7595	6595
2471	1471
7691	6691
