500	2196488
4559	3559
6354	5354
1801	801
6080	5080
8095	7095
5706	4706
2232	1232
1318	318
1337	337
8869	7869
4596	3596
8197	7197
1665	665
8571	7571
5183	4183
7407	6407
7252	6252
1970	970
2494	1494
3347	2347
9853	8853
4197	3197
10082	9082
1789	789
3760	2760
2547	1547
8720	7720
5109	4109
7884	6884
2512	1512
2970	1970
7795	6795
7865	6865
10122	9122
2874	1874
4960	3960
1179	179
4106	3106
1629	629
7867	6867
1974	974
5224	4224
5063	4063
8990	7990
9146	8146
9246	8246
5397	4397
5398	4398
6567	5567
3242	2242
4096	3096
1771	771
6438	5438
3178	2178
2559	1559
5549	4549
1076	76
6630	5630
9657	8657
7960	6960
8142	7142
7979	6979
4754	3754
5006	4006
3452	2452
2979	1979
5317	4317
3631	2631
6084	5084
2297	1297
10497	9497
3410	2410
6520	5520
4560	3560
7751	6751
1018	18
9157	8157
2147	1147
5415	4415
4723	3723
4389	3389
4862	3862
5493	4493
6178	5178
3391	2391
3403	2403
10727	9727
3467	2467
9033	8033
5735	4735
6778	5778
2526	1526
9065	8065
6883	5883
2883	1883
1517	517
8861	7861
7200	6200
4147	3147
10297	9297
4848	3848
9995	8995
2706	1706
6720	5720
9906	8906
5808	4808
6737	5737
8062	7062
6955	5955
7503	6503
8136	7136
6695	5695
1364	364
2628	1628
8224	7224
3755	2755
5031	4031
4302	3302
2573	1573
9415	8415
9037	8037
8350	7350
10940	9940
7101	6101
4232	3232
2822	1822
3969	2969
8444	7444
5373	4373
7115	6115
7740	6740
5573	4573
6110	5110
5797	4797
1292	292
5015	4015
10605	9605
7028	6028
8429	7429
6559	5559
3530	2530
5564	4564
8605	7605
3893	2893
3544	2544
5828	4828
2999	1999
3926	2926
9130	8130
4571	3571
2340	1340
3518	2518
8272	7272
8631	7631
9618	8618
7855	6855
6804	5804
8939	7939
5299	4299
7529	6529
5053	4053
2038	1038
2101	1101
6514	5514
3187	2187
2392	1392
6881	5881
2791	1791
8419	7419
10661	9661
4701	3701
7300	6300
5224	4224
2305	1305
6544	5544
4119	3119
3484	2484
8543	7543
7044	6044
1613	613
8465	7465
4735	3735
4130	3130
5737	4737
8717	7717
9100	8100
8943	7943
4521	3521
7038	6038
3241	2241
7401	6401
7442	6442
10631	9631
8501	7501
9308	8308
2817	1817
6244	5244
5188	4188
10959	9959
10014	9014
4848	3848
4659	3659
6313	5313
5423	4423
2315	1315
1856	856
8542	7542
4798	3798
5750	4750
10937	9937
1763	763
9567	8567
4672	3672
1244	244
4303	3303
8740	7740
9343	8343
8597	7597
2260	1260
1732	732
10838	9838
5012	4012
4526	3526
6820	5820
2512	1512
2833	1833
8636	7636
4107	3107
3372	2372
4946	3946
3120	2120
3571	2571
8604	7604
8432	7432
7993	6993
6270	5270
5640	4640
1886	886
6419	5419
6741	5741
1823	823
7181	6181
5307	4307
1846	846
7425	6425
4961	3961
5937	4937
2119	1119
2558	1558
7197	6197
9203	8203
8747	7747
1208	208
9080	8080
4566	3566
9072	8072
10912	9912
8553	7553
2178	1178
9635	8635
2498	1498
4298	3298
2205	1205
6453	5453
8081	7081
5549	4549
1722	722
9072	8072
6435	5435
3492	2492
4813	3813
3609	2609
9673	8673
9119	8119
10806	9806
2449	1449
3080	2080
5742	4742
9919	8919
4637	3637
8290	7290
4473	3473
2383	1383
4850	3850
2552	1552
2300	1300
9273	8273
8815	7815
9852	8852
6802	5802
7449	6449
7701	6701
10099	9099
5005	4005
3153	2153
3532	2532
9554	8554
10226	9226
7955	6955
1340	340
2717	1717
1767	767
10300	9300
7741	6741
6238	5238
6457	5457
5541	4541
4669	3669
1198	198
10812	9812
8305	7305
4840	3840
4284	3284
6039	5039
5041	4041
2188	1188
3690	2690
3313	2313
10002	9002
2541	1541
9114	8114
2803	1803
9241	8241
4565	3565
6807	5807
7745	6745
3448	2448
1712	712
6970	5970
10402	9402
2051	1051
5038	4038
7521	6521
1350	350
1779	779
2758	1758
6806	5806
6319	5319
2778	1778
3356	2356
6130	5130
6434	5434
3547	2547
5766	4766
1472	472
3939	2939
6953	5953
10513	9513
2603	1603
5954	4954
2053	1053
10716	9716
4108	3108
6645	5645
10632	9632
9915	8915
9741	8741
9431	8431
10626	9626
5710	4710
5185	4185
8029	7029
9747	8747
1705	705
4730	3730
6877	5877
9814	8814
6888	5888
8548	7548
1591	591
5595	4595
10029	9029
7024	6024
8141	7141
4794	3794
3847	2847
7431	6431
10746	9746
9711	8711
9033	8033
2052	1052
10763	9763
5100	4100
5159	4159
2759	1759
1084	84
10425	9425
1499	499
9514	8514
6403	5403
2560	1560
3698	2698
9783	8783
7658	6658
10754	9754
3512	2512
3535	2535
5919	4919
5751	4751
7434	6434
2861	1861
10345	9345
6462	5462
5236	4236
3837	2837
10256	9256
4434	3434
10267	9267
6353	5353
3144	2144
8299	7299
3756	2756
9258	8258
2399	1399
4267	3267
1016	16
2482	1482
3691	2691
7866	6866
7347	6347
5445	4445
5777	4777
10045	9045
4227	3227
2435	1435
6150	5150
3091	2091
1321	321
7421	6421
7841	6841
4106	3106
9281	8281
7186	6186
9567	8567
3517	2517
6374	5374
5174	4174
6950	5950
5641	4641
10527	9527
5446	4446
9291	8291
3282	2282
3703	2703
10689	9689
6548	5548
10071	9071
8522	7522
5591	4591
3288	2288
4869	3869
6387	5387
8065	7065
10265	9265
9614	8614
5851	4851
1766	766
8056	7056
6171	5171
8186	7186
4896	3896
9276	8276
6467	5467
7433	6433
4194	3194
5335	4335
9159	8159
8368	7368
7636	6636
3799	2799
4246	3246
2081	1081
2089	1089
2879	1879
1136	136
8130	7130
4779	3779
10206	9206
2003	1003
9369	8369
2493	1493
5871	4871
4755	3755
5909	4909
1487	487
9720	8720
10759	9759
2253	1253
6775	5775
2281	1281
5790	4790
7023	6023
6908	5908
7608	6608
9807	8807
10102	9102
1942	942
7965	6965
3821	2821
4930	3930
