500	1870581
8688	7688
4595	3595
9356	8356
4533	3533
4718	3718
6929	5929
3202	2202
8169	7169
9777	8777
7814	6814
2544	1544
10240	9240
2260	1260
6423	5423
8892	7892
5892	4892
6861	5861
7136	6136
6242	5242
5906	4906
3473	2473
5542	4542
9795	8795
3837	2837
3084	2084
6060	5060
9431	8431
4820	3820
1875	875
1939	939
7703	6703
9563	8563
5534	4534
6058	5058
9447	8447
5603	4603
8339	7339
1649	649
2772	1772
3467	2467
4814	3814
10667	9667
2706	1706
6074	5074
2442	1442
6949	5949
10965	9965
8302	7302
9437	8437
2559	1559
3207	2207
1909	909
7100	6100
8354	7354
4746	3746
9184	8184
3413	2413
9528	8528
3003	2003
4288	3288
10467	9467
6057	5057
9202	8202
1352	352
7466	6466
4000	3000
5954	4954
4804	3804
4648	3648
4077	3077
7270	6270
4814	3814
3744	2744
5327	4327
9887	8887
1537	537
7628	6628
6203	5203
8838	7838
6064	5064
7761	6761
7397	6397
3324	2324
10213	9213
4750	3750
3421	2421
4748	3748
3514	2514
1949	949
3102	2102
3153	2153
7767	6767
8158	7158
1354	354
8118	7118
4623	3623
4354	3354
3071	2071
4779	3779
4353	3353
2500	1500
1048	48
8166	7166
1595	595
1727	727
3404	2404
2131	1131
8354	7354
8607	7607
9968	8968
9769	8769
1719	719
2716	1716
2092	1092
10931	9931
2817	1817
10865	9865
4678	3678
5331	4331
1813	813
6779	5779
3835	2835
8579	7579
3936	2936
4189	3189
2048	1048
3911	2911
3894	2894
10470	9470
7689	6689
3598	2598
1969	969
7736	6736
7116	6116
2563	1563
4814	3814
5871	4871
3693	2693
2167	1167
3477	2477
9013	8013
7287	6287
10548	9548
7080	6080
4731	3731
10478	9478
8897	7897
4595	3595
10508	9508
9579	8579
1759	759
6286	5286
2413	1413
9337	8337
5574	4574
1953	953
6736	5736
8484	7484
4846	3846
6205	5205
1524	524
3796	2796
7174	6174
4611	3611
6263	5263
5088	4088
8425	7425
1133	133
4133	3133
5943	4943
9962	8962
8497	7497
2230	1230
9509	8509
4576	3576
5960	4960
8986	7986
2472	1472
9554	8554
4845	3845
7402	6402
10312	9312
10131	9131
8815	7815
5000	4000
1056	56
9767	8767
10735	9735
4891	3891
9965	8965
2291	1291
5414	4414
9112	8112
4816	3816
9024	8024
4374	3374
8904	7904
6448	5448
4506	3506
8388	7388
1391	391
3467	2467
5884	4884
8972	7972
1975	975
9459	8459
3931	2931
6313	5313
7283	6283
8836	7836
6509	5509
3684	2684
8147	7147
5639	4639
7850	6850
8498	7498
2046	1046
6617	5617
4584	3584
5936	4936
1933	933
2226	1226
10349	9349
10044	9044
6042	5042
4725	3725
3417	2417
3945	2945
6524	5524
3274	2274
7684	6684
3266	2266
2093	1093
2567	1567
1237	237
9419	8419
1025	25
4167	3167
4731	3731
3659	2659
2002	1002
10240	9240
2695	1695
5500	4500
1230	230
9544	8544
9349	8349
2276	1276
5160	4160
9284	8284
3563	2563
2444	1444
10510	9510
2912	1912
1487	487
5551	4551
6636	5636
10255	9255
4847	3847
8511	7511
8881	7881
1530	530
10777	9777
9973	8973
3096	2096
1013	13
8391	7391
9472	8472
4180	3180
8474	7474
8483	7483
1533	533
4065	3065
10177	9177
2385	1385
10646	9646
8720	7720
10733	9733
8273	7273
9232	8232
5369	4369
10836	9836
10675	9675
4878	3878
9099	8099
7514	6514
9428	8428
1086	86
3120	2120
9626	8626
8596	7596
11000	10000
10155	9155
8372	7372
6324	5324
8602	7602
8385	7385
3715	2715
3425	2425
7916	6916
7540	6540
10907	9907
4800	3800
10604	9604
10083	9083
6184	5184
6601	5601
7803	6803
2269	1269
3874	2874
6034	5034
6637	5637
3709	2709
2060	1060
6866	5866
1807	807
8573	7573
1645	645
1892	892
7045	6045
10270	9270
5839	4839
3396	2396
5776	4776
3211	2211
8720	7720
3377	2377
6947	5947
7786	6786
5801	4801
3862	2862
4325	3325
2060	1060
7661	6661
10280	9280
1142	142
9197	8197
2232	1232
4296	3296
6817	5817
5105	4105
5681	4681
8805	7805
4165	3165
6741	5741
4670	3670
4971	3971
10665	9665
1666	666
2214	1214
6709	5709
10935	9935
7053	6053
9105	8105
2062	1062
5615	4615
3176	2176
4438	3438
1561	561
9961	8961
5590	4590
10774	9774
9637	8637
6649	5649
3786	2786
5268	4268
3143	2143
1982	982
6499	5499
6438	5438
4150	3150
6956	5956
1119	119
1954	954
10120	9120
3211	2211
1975	975
10443	9443
9227	8227
2640	1640
8008	7008
4936	3936
8926	7926
10412	9412
9392	8392
9987	8987
5026	4026
7919	6919
3424	2424
5586	4586
3231	2231
4366	3366
1711	711
1867	867
6366	5366
4497	3497
2486	1486
4860	3860
5478	4478
7984	6984
10298	9298
4980	3980
10291	9291
6768	5768
5933	4933
9411	8411
5330	4330
6908	5908
8853	7853
3556	2556
4899	3899
5860	4860
3843	2843
2825	1825
5272	4272
8586	7586
1811	811
5649	4649
5504	4504
10587	9587
10235	9235
7734	6734
10304	9304
10945	9945
4952	3952
5669	4669
10793	9793
6437	5437
9529	8529
5271	4271
9773	8773
5178	4178
9250	8250
9063	8063
7297	6297
10534	9534
3825	2825
1626	626
2793	1793
1677	677
10533	9533
6692	5692
2889	1889
3376	2376
8516	7516
7160	6160
7313	6313
5678	4678
1808	808
1817	817
5264	4264
7394	6394
4902	3902
4567	3567
3691	2691
8854	7854
5588	4588
3483	2483
10642	9642
10468	9468
4105	3105
5766	4766
4645	3645
8706	7706
10181	9181
7293	6293
8240	7240
3005	2005
7918	6918
6384	5384
10034	9034
3802	2802
2075	1075
1922	922
6177	5177
5942	4942
8081	7081
2490	1490
10620	9620
5240	4240
9658	8658
1235	235
7986	6986
3559	2559
4802	3802
10676	9676
7764	6764
5741	4741
9510	8510
3758	2758
5208	4208
2615	1615
4875	3875
8852	7852
6672	5672
4055	3055
5144	4144
10263	9263
2412	1412
8413	7413
