500	2297004
10469	9469
2488	1488
2444	1444
8433	7433
2736	1736
6964	5964
5989	4989
10922	9922
1308	308
10216	9216
4848	3848
7566	6566
1155	155
5713	4713
9515	8515
2653	1653
4214	3214
10592	9592
10009	9009
10333	9333
8490	7490
10462	9462
4007	3007
4969	3969
10778	9778
10037	9037
9182	8182
3005	2005
2562	1562
2844	1844
2886	1886
2030	1030
4331	3331
10681	9681
5815	4815
2418	1418
6644	5644
10803	9803
2339	1339
6951	5951
6370	5370
2538	1538
3517	2517
6525	5525
3602	2602
8383	7383
4529	3529
3167	2167
7975	6975
3538	2538
2499	1499
1816	816
9351	8351
5505	4505
2137	1137
5480	4480
4541	3541
10318	9318
7484	6484
2454	1454
8513	7513
9369	8369
3484	2484
1843	843
9049	8049
4650	3650
9613	8613
4692	3692
10804	9804
10951	9951
6994	5994
6174	5174
8841	7841
5862	4862
8050	7050
7794	6794
3245	2245
7930	6930
9961	8961
6571	5571
10467	9467
7811	6811
3738	2738
5169	4169
2316	1316
4874	3874
6000	5000
2208	1208
4192	3192
2483	1483
3662	2662
1704	704
7203	6203
2497	1497
8899	7899
1603	603
2498	1498
7511	6511
1646	646
2301	1301
3813	2813
7640	6640
7474	6474
8005	7005
8853	7853
10875	9875
4799	3799
1097	97
7805	6805
10111	9111
3019	2019
3623	2623
6921	5921
5757	4757
4144	3144
4588	3588
9630	8630
9143	8143
5796	4796
9173	8173
6978	5978
4809	3809
6229	5229
3180	2180
2657	1657
4127	3127
10135	9135
4154	3154
6989	5989
10780	9780
1806	806
9801	8801
3771	2771
4632	3632
3158	2158
1624	624
4506	3506
6956	5956
8072	7072
7662	6662
2418	1418
10091	9091
10285	9285
8338	7338
1199	199
3428	2428
1926	926
6180	5180
7922	6922
3073	2073
4353	3353
3899	2899
3233	2233
9581	8581
2431	1431
4889	3889
9059	8059
7917	6917
4394	3394
5047	4047
4048	3048
5199	4199
10199	9199
6819	5819
8830	7830
2356	1356
7442	6442
8688	7688
4663	3663
4513	3513
5349	4349
6080	5080
9955	8955
10985	9985
3418	2418
10153	9153
3412	2412
10695	9695
1685	685
6686	5686
2767	1767
5037	4037
5936	4936
1351	351
9969	8969
3718	2718
1591	591
4379	3379
10634	9634
4984	3984
8425	7425
3682	2682
5534	4534
3975	2975
5852	4852
9716	8716
5331	4331
8645	7645
7403	6403
5345	4345
2157	1157
8103	7103
10425	9425
7464	6464
8088	7088
9194	8194
2968	1968
6851	5851
8888	7888
3652	2652
2536	1536
7006	6006
4040	3040
3824	2824
3708	2708
9360	8360
6541	5541
4298	3298
2738	1738
2527	1527
4633	3633
10162	9162
1560	560
9166	8166
9489	8489
6411	5411
7881	6881
10171	9171
4055	3055
10635	9635
4515	3515
1563	563
7738	6738
10291	9291
4378	3378
4825	3825
8484	7484
6346	5346
10675	9675
2723	1723
5349	4349
8563	7563
5080	4080
8389	7389
1386	386
7787	6787
6748	5748
6926	5926
7436	6436
8486	7486
4804	3804
1068	68
3999	2999
5363	4363
9234	8234
8839	7839
10773	9773
2466	1466
8009	7009
10179	9179
8453	7453
1524	524
10742	9742
5190	4190
10814	9814
4119	3119
5366	4366
4650	3650
5816	4816
5040	4040
2724	1724
10165	9165
2602	1602
6804	5804
3905	2905
9339	8339
9942	8942
6004	5004
5265	4265
6378	5378
9841	8841
5420	4420
2797	1797
9192	8192
9783	8783
7382	6382
7030	6030
5907	4907
8848	7848
4039	3039
5086	4086
2652	1652
10914	9914
4827	3827
6841	5841
10727	9727
4297	3297
7558	6558
10728	9728
9113	8113
1597	597
2452	1452
4629	3629
9551	8551
4607	3607
7533	6533
7889	6889
9900	8900
8888	7888
8505	7505
1629	629
7729	6729
2925	1925
3426	2426
5920	4920
8059	7059
9807	8807
8301	7301
2965	1965
4006	3006
1339	339
7050	6050
2009	1009
1252	252
10876	9876
7849	6849
7331	6331
10525	9525
10758	9758
3410	2410
8637	7637
1355	355
1213	213
2265	1265
6257	5257
4819	3819
5149	4149
9497	8497
10071	9071
3036	2036
3354	2354
7051	6051
6116	5116
1630	630
9476	8476
7387	6387
8688	7688
4635	3635
4688	3688
10652	9652
3992	2992
1378	378
3054	2054
5001	4001
7982	6982
9281	8281
8201	7201
10664	9664
8805	7805
7959	6959
3073	2073
2793	1793
4665	3665
3286	2286
4057	3057
6273	5273
3456	2456
4557	3557
1121	121
8878	7878
2945	1945
3474	2474
4929	3929
8060	7060
10455	9455
9756	8756
10799	9799
4494	3494
9742	8742
4486	3486
10498	9498
9086	8086
1215	215
2551	1551
9438	8438
8196	7196
10831	9831
6638	5638
7859	6859
8636	7636
9948	8948
6284	5284
6780	5780
9964	8964
4921	3921
6189	5189
5236	4236
7376	6376
9745	8745
1709	709
1606	606
1689	689
10534	9534
5534	4534
5101	4101
9989	8989
10641	9641
4899	3899
3482	2482
9383	8383
4736	3736
2979	1979
7468	6468
4950	3950
10881	9881
5905	4905
8498	7498
10712	9712
7894	6894
1708	708
4699	3699
3194	2194
6991	5991
10478	9478
2157	1157
10911	9911
5666	4666
2745	1745
3639	2639
10763	9763
3453	2453
4244	3244
7803	6803
2986	1986
5129	4129
8255	7255
8326	7326
4769	3769
2153	1153
7160	6160
9503	8503
2240	1240
5490	4490
2322	1322
2542	1542
5371	4371
7226	6226
10039	9039
1434	434
10472	9472
10746	9746
5132	4132
2665	1665
3089	2089
10961	9961
10173	9173
2999	1999
1979	979
1917	917
1989	989
8093	7093
10721	9721
1584	584
4895	3895
2707	1707
2064	1064
2150	1150
6384	5384
2185	1185
9654	8654
2543	1543
10687	9687
10894	9894
7033	6033
2009	1009
2435	1435
7755	6755
4586	3586
7825	6825
8188	7188
10409	9409
7570	6570
2319	1319
2073	1073
9658	8658
8631	7631
7598	6598
8009	7009
5961	4961
8514	7514
5349	4349
3053	2053
8235	7235
2285	1285
6948	5948
6293	5293
3348	2348
4449	3449
8028	7028
4532	3532
