500	1923542
5674	4674
6428	5428
10969	9969
3158	2158
4175	3175
3066	2066
4022	3022
6063	5063
9980	8980
2756	1756
9098	8098
7089	6089
9784	8784
5586	4586
3716	2716
3675	2675
6024	5024
1416	416
1183	183
1409	409
4722	3722
5640	4640
6062	5062
5511	4511
4777	3777
7703	6703
9770	8770
10126	9126
5769	4769
8333	7333
1083	83
10442	9442
10112	9112
7404	6404
8951	7951
9639	8639
9469	8469
1972	972
4701	3701
8448	7448
3728	2728
9150	8150
10888	9888
2511	1511
3735	2735
3603	2603
1538	538
5110	4110
4019	3019
1720	720
5518	4518
4092	3092
6359	5359
6932	5932
8602	7602
10135	9135
3634	2634
3724	2724
5612	4612
4754	3754
1056	56
5695	4695
4195	3195
6520	5520
8450	7450
2146	1146
5158	4158
6918	5918
9469	8469
5210	4210
10717	9717
8548	7548
3359	2359
10605	9605
10059	9059
2446	1446
3207	2207
6948	5948
2907	1907
2577	1577
7667	6667
7425	6425
5668	4668
9377	8377
9708	8708
9622	8622
4863	3863
2341	1341
2345	1345
9474	8474
2447	1447
8752	7752
10520	9520
5641	4641
10623	9623
7969	6969
3138	2138
4780	3780
10238	9238
7959	6959
5341	4341
9955	8955
5506	4506
7700	6700
9559	8559
10916	9916
5497	4497
1765	765
6863	5863
7403	6403
9694	8694
3529	2529
10179	9179
4361	3361
1905	905
8886	7886
9334	8334
5767	4767
6579	5579
7030	6030
10593	9593
8025	7025
4782	3782
10112	9112
9017	8017
10756	9756
3433	2433
7507	6507
4536	3536
2670	1670
4465	3465
8876	7876
1624	624
8970	7970
1927	927
6534	5534
8886	7886
2775	1775
7299	6299
1100	100
9178	8178
2344	1344
3629	2629
4708	3708
5704	4704
4533	3533
8946	7946
4038	3038
5652	4652
4524	3524
10067	9067
5244	4244
7900	6900
10200	9200
10707	9707
5916	4916
9956	8956
3139	2139
8774	7774
9843	8843
4809	3809
2238	1238
4070	3070
1784	784
6560	5560
1349	349
7318	6318
10797	9797
3123	2123
9968	8968
10896	9896
7652	6652
1311	311
3524	2524
7712	6712
2366	1366
3409	2409
5657	4657
5403	4403
4412	3412
5532	4532
10822	9822
8655	7655
2431	1431
6373	5373
4713	3713
3698	2698
1680	680
6852	5852
1472	472
6874	5874
7012	6012
9061	8061
9944	8944
7795	6795
10972	9972
6644	5644
10464	9464
10768	9768
5118	4118
9431	8431
7016	6016
8122	7122
9741	8741
5891	4891
4833	3833
1107	107
4651	3651
9489	8489
1861	861
8062	7062
4020	3020
8034	7034
2068	1068
1802	802
3407	2407
5781	4781
10851	9851
10438	9438
1632	632
1322	322
6312	5312
3995	2995
5735	4735
1607	607
10789	9789
5706	4706
7250	6250
6605	5605
1826	826
1367	367
5035	4035
4193	3193
8488	7488
10128	9128
9083	8083
8672	7672
6586	5586
2734	1734
7160	6160
7446	6446
9795	8795
6531	5531
10832	9832
7215	6215
3684	2684
9590	8590
1995	995
3535	2535
9027	8027
8978	7978
10208	9208
4338	3338
1972	972
4942	3942
4944	3944
8112	7112
6000	5000
1193	193
3716	2716
3177	2177
7912	6912
7751	6751
6369	5369
1751	751
3230	2230
10803	9803
9423	8423
8815	7815
2536	1536
5582	4582
1612	612
7683	6683
7465	6465
7795	6795
3897	2897
10148	9148
6384	5384
4891	3891
2682	1682
4411	3411
2868	1868
8242	7242
7748	6748
10191	9191
2183	1183
1692	692
7302	6302
3534	2534
8236	7236
10018	9018
2062	1062
5147	4147
3120	2120
3782	2782
2250	1250
1701	701
3585	2585
10672	9672
9515	8515
5120	4120
1605	605
6478	5478
8154	7154
8069	7069
3273	2273
1050	50
3569	2569
8656	7656
1292	292
1602	602
8418	7418
9511	8511
8843	7843
5166	4166
8701	7701
6378	5378
2209	1209
5003	4003
5263	4263
9444	8444
10372	9372
6325	5325
9943	8943
8843	7843
9106	8106
1192	192
9543	8543
1690	690
7215	6215
4409	3409
2162	1162
7819	6819
9886	8886
9315	8315
4888	3888
8510	7510
9365	8365
3808	2808
2518	1518
6008	5008
4409	3409
9935	8935
4519	3519
2252	1252
4100	3100
2219	1219
7629	6629
1660	660
2573	1573
1891	891
6456	5456
8296	7296
3567	2567
1750	750
6138	5138
1673	673
8293	7293
1032	32
8714	7714
4507	3507
4440	3440
6227	5227
1325	325
9678	8678
4542	3542
1564	564
7187	6187
9258	8258
4371	3371
5056	4056
4265	3265
4132	3132
3991	2991
4135	3135
5383	4383
3442	2442
1706	706
8363	7363
10454	9454
3278	2278
5605	4605
5909	4909
6926	5926
8172	7172
6658	5658
2063	1063
5196	4196
3950	2950
8447	7447
9261	8261
3808	2808
1886	886
4488	3488
10484	9484
10563	9563
8029	7029
1048	48
3102	2102
2638	1638
10770	9770
3509	2509
2254	1254
10253	9253
6499	5499
5389	4389
4635	3635
5293	4293
6094	5094
8349	7349
4746	3746
4723	3723
9306	8306
9654	8654
10648	9648
6477	5477
1663	663
8063	7063
7024	6024
10964	9964
5509	4509
5284	4284
3771	2771
2746	1746
5123	4123
3254	2254
2309	1309
8503	7503
9653	8653
10762	9762
10140	9140
9423	8423
3270	2270
1394	394
8675	7675
5121	4121
5782	4782
8662	7662
5765	4765
7227	6227
2362	1362
9510	8510
10949	9949
10667	9667
4515	3515
6949	5949
2495	1495
5177	4177
10363	9363
8518	7518
5140	4140
4871	3871
9154	8154
7910	6910
6616	5616
3276	2276
6515	5515
4276	3276
10779	9779
5168	4168
10389	9389
6270	5270
9942	8942
9011	8011
6663	5663
3968	2968
3131	2131
7796	6796
7981	6981
7895	6895
10374	9374
9343	8343
2756	1756
6675	5675
5361	4361
6270	5270
2623	1623
6856	5856
10446	9446
1985	985
10725	9725
10937	9937
2207	1207
5230	4230
4198	3198
7822	6822
3858	2858
9712	8712
7450	6450
9988	8988
10231	9231
6838	5838
5257	4257
9172	8172
1200	200
7272	6272
8492	7492
9682	8682
10419	9419
5472	4472
