500	2348662
7066	6066
2362	1362
4556	3556
5296	4296
2497	1497
8037	7037
9074	8074
8054	7054
9039	8039
7442	6442
5899	4899
3910	2910
7549	6549
10807	9807
10748	9748
2620	1620
6918	5918
8352	7352
4747	3747
8198	7198
3142	2142
7121	6121
10458	9458
9749	8749
5927	4927
9559	8559
7043	6043
9244	8244
8731	7731
7324	6324
1710	710
1148	148
8685	7685
5265	4265
5443	4443
6534	5534
2301	1301
3517	2517
3587	2587
6692	5692
6310	5310
4837	3837
9601	8601
2858	1858
10996	9996
5700	4700
10830	9830
6913	5913
3052	2052
4576	3576
10462	9462
1545	545
10696	9696
9919	8919
10293	9293
1974	974
4829	3829
2687	1687
10217	9217
2559	1559
9010	8010
7279	6279
2706	1706
6695	5695
7895	6895
7149	6149
8580	7580
9196	8196
6017	5017
7518	6518
4887	3887
1326	326
1355	355
9839	8839
3184	2184
1350	350
10890	9890
3013	2013
3614	2614
2941	1941
2940	1940
3075	2075
9837	8837
2635	1635
1994	994
9130	8130
3608	2608
5822	4822
7168	6168
9177	8177
3733	2733
5178	4178
5455	4455
5438	4438
7224	6224
2349	1349
7938	6938
4803	3803
6896	5896
2954	1954
1320	320
7134	6134
3280	2280
8026	7026
2324	1324
1815	815
8375	7375
2214	1214
10179	9179
10988	9988
10506	9506
2118	1118
9415	8415
9343	8343
3752	2752
10408	9408
3824	2824
2711	1711
1581	581
9991	8991
10887	9887
4313	3313
10520	9520
1693	693
5103	4103
6743	5743
3042	2042
8392	7392
6897	5897
8937	7937
10346	9346
3569	2569
1423	423
8977	7977
10594	9594
2746	1746
6143	5143
4321	3321
3959	2959
5321	4321
10660	9660
9817	8817
2790	1790
9074	8074
8159	7159
1893	893
4833	3833
10982	9982
3603	2603
5414	4414
6324	5324
9842	8842
5078	4078
5844	4844
10534	9534
9180	8180
7938	6938
2575	1575
6572	5572
3835	2835
6864	5864
2269	1269
6403	5403
7286	6286
10245	9245
5996	4996
9031	8031
5387	4387
5668	4668
8342	7342
6059	5059
5328	4328
7158	6158
7848	6848
3401	2401
10668	9668
8740	7740
3586	2586
7001	6001
7694	6694
7999	6999
2324	1324
6535	5535
8428	7428
7167	6167
6069	5069
6608	5608
4105	3105
3995	2995
8531	7531
3291	2291
6210	5210
6151	5151
8693	7693
2495	1495
5395	4395
10040	9040
6878	5878
6133	5133
4708	3708
10571	9571
7543	6543
9035	8035
6728	5728
4390	3390
7787	6787
6395	5395
8481	7481
10372	9372
2395	1395
1526	526
3722	2722
10070	9070
7061	6061
1150	150
2589	1589
8481	7481
3109	2109
5693	4693
7827	6827
6991	5991
4335	3335
3037	2037
2141	1141
2027	1027
10883	9883
2887	1887
7418	6418
3112	2112
8019	7019
7477	6477
2682	1682
4561	3561
5511	4511
8409	7409
4302	3302
8650	7650
10155	9155
8134	7134
4373	3373
7901	6901
8659	7659
7095	6095
6971	5971
1071	71
3596	2596
8559	7559
8551	7551
2056	1056
9603	8603
1730	730
8046	7046
2937	1937
3766	2766
9186	8186
10315	9315
10000	9000
1072	72
3084	2084
2112	1112
4442	3442
9561	8561
3793	2793
4354	3354
4071	3071
7554	6554
4007	3007
8072	7072
3060	2060
1140	140
1445	445
9961	8961
5150	4150
3891	2891
5931	4931
5221	4221
2838	1838
9841	8841
9123	8123
3893	2893
8443	7443
9852	8852
10938	9938
6731	5731
8969	7969
5475	4475
6045	5045
7969	6969
5546	4546
8128	7128
5432	4432
5339	4339
6688	5688
4576	3576
8692	7692
6111	5111
7481	6481
8050	7050
9534	8534
9541	8541
4541	3541
9978	8978
4853	3853
8690	7690
9220	8220
6135	5135
2910	1910
1057	57
4975	3975
1033	33
3949	2949
2417	1417
6236	5236
3886	2886
8147	7147
4205	3205
8360	7360
9543	8543
7525	6525
9257	8257
3022	2022
8308	7308
9947	8947
5062	4062
1883	883
3990	2990
10172	9172
4716	3716
1039	39
8705	7705
3256	2256
4579	3579
4035	3035
7108	6108
2269	1269
8606	7606
2242	1242
10530	9530
8663	7663
2568	1568
10562	9562
1611	611
3984	2984
2150	1150
10849	9849
7482	6482
5354	4354
4560	3560
2376	1376
8230	7230
9169	8169
4397	3397
5537	4537
8115	7115
8458	7458
2771	1771
1105	105
3981	2981
6486	5486
7495	6495
8038	7038
8741	7741
1074	74
7424	6424
1200	200
8694	7694
5029	4029
8793	7793
8223	7223
9043	8043
10360	9360
4137	3137
6006	5006
9695	8695
5286	4286
5854	4854
2528	1528
9639	8639
5765	4765
3903	2903
3220	2220
10285	9285
7300	6300
7756	6756
7400	6400
1109	109
9526	8526
3856	2856
10442	9442
1364	364
10350	9350
3831	2831
9104	8104
10423	9423
10254	9254
5656	4656
8116	7116
10634	9634
3448	2448
1691	691
8677	7677
9160	8160
4827	3827
3682	2682
7854	6854
9112	8112
4887	3887
9382	8382
4102	3102
9651	8651
8636	7636
6321	5321
8936	7936
1287	287
9428	8428
1687	687
7748	6748
4305	3305
4542	3542
7189	6189
4668	3668
10243	9243
10019	9019
9124	8124
9666	8666
5624	4624
3779	2779
3133	2133
5257	4257
2578	1578
10175	9175
2933	1933
7089	6089
4001	3001
5614	4614
10295	9295
8464	7464
9500	8500
5028	4028
1565	565
4503	3503
2663	1663
3237	2237
8790	7790
2950	1950
8016	7016
9476	8476
9697	8697
1321	321
9369	8369
2237	1237
1340	340
8611	7611
1255	255
9463	8463
3628	2628
5878	4878
8593	7593
2113	1113
6486	5486
6523	5523
1287	287
8419	7419
8963	7963
10640	9640
9384	8384
8257	7257
8103	7103
7884	6884
8636	7636
5020	4020
7738	6738
10299	9299
7256	6256
5527	4527
8600	7600
10624	9624
10354	9354
3648	2648
7296	6296
8722	7722
4884	3884
7635	6635
6332	5332
1490	490
2450	1450
5312	4312
6367	5367
6394	5394
6424	5424
1852	852
8268	7268
3062	2062
5622	4622
6231	5231
2701	1701
4006	3006
9839	8839
9804	8804
7241	6241
