500	1236061
3587	2587
9313	8313
10080	9080
1297	297
8101	7101
5472	4472
1768	768
10946	9946
9971	8971
8728	7728
6151	5151
5892	4892
8772	7772
1698	698
6594	5594
7375	6375
5327	4327
3649	2649
8714	7714
8403	7403
8976	7976
1770	770
2364	1364
3779	2779
3646	2646
7110	6110
9701	8701
1623	623
9089	8089
1566	566
6409	5409
1675	675
9878	8878
5488	4488
1972	972
3330	2330
6311	5311
9091	8091
3276	2276
5281	4281
3170	2170
8426	7426
6525	5525
7294	6294
5475	4475
2118	1118
3668	2668
6153	5153
1118	118
1381	381
9908	8908
9093	8093
8502	7502
1271	271
1871	871
7499	6499
3733	2733
6923	5923
8121	7121
8173	7173
7488	6488
3529	2529
8848	7848
2717	1717
4368	3368
6171	5171
5047	4047
9678	8678
10613	9613
3674	2674
10311	9311
2782	1782
1099	99
5835	4835
9075	8075
1925	925
3304	2304
1742	742
7078	6078
3421	2421
8474	7474
5985	4985
7865	6865
2328	1328
2607	1607
8736	7736
8826	7826
5339	4339
1010	10
5947	4947
2512	1512
7498	6498
4827	3827
6711	5711
5566	4566
4547	3547
1881	881
9612	8612
3224	2224
1493	493
8637	7637
8886	7886
9626	8626
8735	7735
3720	2720
7701	6701
6012	5012
6023	5023
4794	3794
2089	1089
8443	7443
2268	1268
3425	2425
5308	4308
9947	8947
5031	4031
9395	8395
7772	6772
9370	8370
9404	8404
9070	8070
7233	6233
2253	1253
2897	1897
2943	1943
6819	5819
6443	5443
10175	9175
1782	782
5018	4018
7019	6019
5771	4771
2904	1904
5644	4644
3505	2505
1975	975
8696	7696
4868	3868
6998	5998
8842	7842
5956	4956
10792	9792
6461	5461
8380	7380
1451	451
5407	4407
8763	7763
6197	5197
2178	1178
3484	2484
10953	9953
10248	9248
9716	8716
2205	1205
8496	7496
8010	7010
4375	3375
3938	2938
3536	2536
1509	509
4307	3307
9554	8554
6279	5279
6210	5210
4197	3197
5135	4135
7185	6185
8245	7245
9003	8003
9534	8534
6086	5086
10310	9310
5677	4677
1546	546
4042	3042
6128	5128
5952	4952
1804	804
7676	6676
3481	2481
10639	9639
7628	6628
9080	8080
9354	8354
5185	4185
6575	5575
2715	1715
4911	3911
5864	4864
5250	4250
1771	771
9171	8171
3803	2803
3401	2401
10732	9732
3351	2351
3888	2888
3268	2268
6947	5947
8242	7242
1801	801
2032	1032
7551	6551
2830	1830
8929	7929
6944	5944
4309	3309
10232	9232
4099	3099
10984	9984
2713	1713
3737	2737
7612	6612
10792	9792
8442	7442
8148	7148
6367	5367
10156	9156
2058	1058
1230	230
4405	3405
9181	8181
5752	4752
3559	2559
1581	581
5484	4484
2262	1262
4468	3468
7751	6751
8208	7208
8061	7061
4904	3904
9240	8240
4612	3612
6733	5733
3520	2520
6907	5907
10041	9041
2752	1752
10006	9006
6376	5376
4464	3464
2742	1742
9339	8339
10607	9607
10184	9184
6486	5486
2325	1325
5691	4691
3896	2896
8907	7907
9096	8096
2076	1076
3658	2658
8006	7006
9008	8008
8141	7141
9267	8267
8828	7828
1244	244
6475	5475
5888	4888
5147	4147
1066	66
5851	4851
7231	6231
3585	2585
8110	7110
6271	5271
5336	4336
7115	6115
1646	646
5151	4151
5208	4208
6337	5337
1110	110
10743	9743
1822	822
2434	1434
5434	4434
1069	69
10340	9340
9881	8881
2144	1144
2998	1998
6886	5886
6504	5504
6490	5490
5153	4153
10683	9683
6733	5733
6979	5979
5570	4570
7231	6231
7044	6044
6773	5773
3461	2461
5980	4980
3882	2882
5083	4083
6668	5668
6348	5348
2081	1081
10818	9818
10555	9555
7417	6417
10927	9927
10298	9298
8238	7238
8713	7713
1083	83
8307	7307
8052	7052
9963	8963
5802	4802
6401	5401
5848	4848
7657	6657
1891	891
6352	5352
7339	6339
3975	2975
8682	7682
8261	7261
10206	9206
4725	3725
10385	9385
2666	1666
6057	5057
3266	2266
6749	5749
1724	724
8613	7613
7829	6829
1541	541
4519	3519
4245	3245
7820	6820
10168	9168
7834	6834
1884	884
10250	9250
1492	492
8935	7935
9212	8212
6294	5294
10688	9688
10412	9412
9302	8302
7930	6930
5763	4763
5641	4641
10904	9904
9797	8797
9253	8253
6461	5461
3521	2521
8637	7637
8127	7127
8577	7577
10902	9902
10227	9227
5652	4652
4866	3866
7055	6055
2545	1545
4736	3736
6651	5651
9364	8364
3904	2904
9836	8836
6599	5599
3153	2153
10328	9328
10885	9885
1365	365
1973	973
10572	9572
7128	6128
10274	9274
7501	6501
8242	7242
1266	266
3757	2757
7038	6038
9518	8518
9217	8217
9559	8559
7154	6154
2695	1695
3487	2487
3407	2407
1921	921
8139	7139
7272	6272
4327	3327
6035	5035
1008	8
6329	5329
4398	3398
10263	9263
5165	4165
6348	5348
2415	1415
4492	3492
6232	5232
9131	8131
5464	4464
5804	4804
5258	4258
1089	89
8656	7656
2500	1500
1355	355
7764	6764
8537	7537
9872	8872
5981	4981
3447	2447
6026	5026
4027	3027
2286	1286
4784	3784
4948	3948
5776	4776
1056	56
4626	3626
10810	9810
7415	6415
6307	5307
10559	9559
3029	2029
10471	9471
5906	4906
4443	3443
10314	9314
1137	137
8926	7926
1129	129
2292	1292
9535	8535
1217	217
9948	8948
1034	34
1571	571
6711	5711
4923	3923
6795	5795
8043	7043
3721	2721
8172	7172
1070	70
1358	358
1955	955
1369	369
2485	1485
8362	7362
1346	346
2294	1294
1128	128
6652	5652
8204	7204
3156	2156
2474	1474
9461	8461
2951	1951
1787	787
9598	8598
7228	6228
1915	915
10889	9889
5762	4762
8484	7484
6188	5188
2148	1148
5406	4406
8251	7251
2422	1422
1200	200
5293	4293
5142	4142
4723	3723
1714	714
1852	852
5678	4678
2082	1082
3336	2336
9391	8391
8780	7780
10982	9982
9519	8519
4431	3431
8185	7185
8026	7026
5905	4905
6646	5646
6328	5328
3043	2043
1595	595
2555	1555
