500	254900
5130	4130
5532	4532
8367	7367
2084	1084
1612	612
2385	1385
6486	5486
6385	5385
1390	390
10140	9140
6581	5581
3925	2925
10795	9795
8157	7157
2087	1087
1553	553
10788	9788
8089	7089
5253	4253
2782	1782
6266	5266
3729	2729
3663	2663
10429	9429
2957	1957
9585	8585
4472	3472
2374	1374
5318	4318
7582	6582
2223	1223
5799	4799
8466	7466
9589	8589
6882	5882
5429	4429
7326	6326
8719	7719
7165	6165
4067	3067
7858	6858
2746	1746
6991	5991
7652	6652
9902	8902
4429	3429
8205	7205
6042	5042
1517	517
8809	7809
4175	3175
3135	2135
1537	537
6837	5837
2563	1563
3494	2494
1773	773
2386	1386
1219	219
2442	1442
5320	4320
8794	7794
7240	6240
9137	8137
7382	6382
3121	2121
3565	2565
10059	9059
10839	9839
9729	8729
3125	2125
7697	6697
7826	6826
5467	4467
4348	3348
3080	2080
8895	7895
7904	6904
8121	7121
5764	4764
5713	4713
7647	6647
7898	6898
2601	1601
3483	2483
5812	4812
1446	446
10607	9607
3549	2549
8017	7017
2049	1049
4220	3220
5810	4810
8288	7288
2356	1356
8543	7543
10409	9409
4920	3920
7602	6602
6599	5599
10001	9001
6078	5078
3295	2295
6826	5826
10545	9545
2995	1995
8905	7905
4791	3791
9898	8898
2377	1377
9554	8554
4610	3610
9023	8023
2803	1803
2563	1563
7857	6857
7614	6614
3008	2008
7464	6464
6515	5515
10024	9024
8512	7512
9734	8734
4833	3833
5799	4799
1090	90
8728	7728
1559	559
5009	4009
5329	4329
7158	6158
4009	3009
6758	5758
5804	4804
6187	5187
6302	5302
7798	6798
4091	3091
10093	9093
3048	2048
5468	4468
4998	3998
3009	2009
3490	2490
6801	5801
4571	3571
10347	9347
9766	8766
2931	1931
3162	2162
5280	4280
1954	954
10673	9673
4014	3014
2139	1139
1823	823
10455	9455
6218	5218
8734	7734
10815	9815
6898	5898
1243	243
10176	9176
2655	1655
6046	5046
5362	4362
7957	6957
9196	8196
8452	7452
3401	2401
7595	6595
9271	8271
3750	2750
9603	8603
1761	761
9550	8550
9526	8526
7459	6459
4668	3668
1456	456
5972	4972
8947	7947
8761	7761
5644	4644
8312	7312
6251	5251
2818	1818
4118	3118
1468	468
6903	5903
3933	2933
7365	6365
7145	6145
3108	2108
9020	8020
8543	7543
7469	6469
2328	1328
3090	2090
1272	272
1080	80
9684	8684
9543	8543
3829	2829
8286	7286
6655	5655
8731	7731
3163	2163
3113	2113
2398	1398
3618	2618
8084	7084
6696	5696
1379	379
9079	8079
10360	9360
6629	5629
7248	6248
3477	2477
7097	6097
9503	8503
6409	5409
9813	8813
5647	4647
4868	3868
7832	6832
9541	8541
7688	6688
9159	8159
1630	630
7960	6960
5590	4590
10313	9313
6502	5502
8419	7419
3951	2951
8508	7508
6149	5149
6113	5113
10620	9620
3898	2898
5083	4083
4055	3055
5945	4945
1813	813
8485	7485
5304	4304
3793	2793
1084	84
4133	3133
6241	5241
9586	8586
5893	4893
5054	4054
10585	9585
9761	8761
1885	885
9125	8125
6448	5448
6396	5396
9755	8755
3407	2407
10985	9985
5419	4419
5260	4260
4755	3755
4721	3721
2767	1767
6255	5255
6186	5186
8738	7738
9152	8152
10268	9268
8144	7144
10449	9449
7432	6432
1980	980
4752	3752
10224	9224
2064	1064
4236	3236
5465	4465
7001	6001
9129	8129
5870	4870
6585	5585
7889	6889
3106	2106
4710	3710
3336	2336
8501	7501
9816	8816
2095	1095
4838	3838
10586	9586
2706	1706
8592	7592
4307	3307
4473	3473
3847	2847
9492	8492
8562	7562
8350	7350
5111	4111
2058	1058
7798	6798
7894	6894
3037	2037
7902	6902
3469	2469
10452	9452
1137	137
4285	3285
6453	5453
5617	4617
9154	8154
2037	1037
2505	1505
1260	260
2098	1098
1193	193
5112	4112
10913	9913
2287	1287
8949	7949
10499	9499
3992	2992
2893	1893
10157	9157
3816	2816
2091	1091
5000	4000
7730	6730
9440	8440
5462	4462
5139	4139
2590	1590
2355	1355
7175	6175
5843	4843
4823	3823
2979	1979
2331	1331
8108	7108
4783	3783
6948	5948
6261	5261
2171	1171
8452	7452
2872	1872
3269	2269
4996	3996
6984	5984
9533	8533
6282	5282
1284	284
5383	4383
5626	4626
3176	2176
10891	9891
4793	3793
4266	3266
4890	3890
1522	522
9058	8058
9351	8351
5660	4660
6999	5999
7057	6057
8187	7187
1841	841
10880	9880
6517	5517
9523	8523
4339	3339
10299	9299
5470	4470
5951	4951
1469	469
9274	8274
7823	6823
10089	9089
3269	2269
3806	2806
4974	3974
4903	3903
4089	3089
5708	4708
9528	8528
2617	1617
5599	4599
3320	2320
5882	4882
9488	8488
10194	9194
10291	9291
4191	3191
4853	3853
6289	5289
10247	9247
8391	7391
3481	2481
6478	5478
3907	2907
2004	1004
9816	8816
9557	8557
2825	1825
4767	3767
6378	5378
1098	98
7941	6941
5466	4466
9719	8719
7098	6098
5791	4791
3621	2621
10186	9186
10499	9499
2148	1148
8154	7154
1449	449
4467	3467
9388	8388
6288	5288
10012	9012
8678	7678
9478	8478
3865	2865
10319	9319
5077	4077
7607	6607
2799	1799
10554	9554
10514	9514
10154	9154
5722	4722
5422	4422
1979	979
5840	4840
10799	9799
2076	1076
2780	1780
5265	4265
10794	9794
8877	7877
6407	5407
9766	8766
4414	3414
5905	4905
10913	9913
1568	568
2705	1705
10732	9732
9955	8955
7993	6993
9743	8743
3984	2984
6470	5470
8959	7959
3302	2302
10546	9546
5566	4566
5101	4101
6452	5452
1431	431
10606	9606
7525	6525
5852	4852
1584	584
2364	1364
5651	4651
9012	8012
4143	3143
6267	5267
5157	4157
8371	7371
8025	7025
3923	2923
8136	7136
2930	1930
3835	2835
8703	7703
10986	9986
9918	8918
4009	3009
7978	6978
8661	7661
6993	5993
3448	2448
2971	1971
5646	4646
9345	8345
3888	2888
9746	8746
1148	148
10670	9670
9352	8352
7672	6672
1874	874
