500	258501
7009	6009
2331	1331
6229	5229
7046	6046
1210	210
10982	9982
10687	9687
5067	4067
3894	2894
8254	7254
6919	5919
8836	7836
5556	4556
6878	5878
2936	1936
3265	2265
1251	251
4298	3298
10956	9956
1962	962
10586	9586
2517	1517
3317	2317
1626	626
7027	6027
9161	8161
9960	8960
2410	1410
4180	3180
8859	7859
4346	3346
6540	5540
10190	9190
9574	8574
2585	1585
10399	9399
5907	4907
2271	1271
4465	3465
8800	7800
5876	4876
6736	5736
2987	1987
10432	9432
2613	1613
1275	275
9048	8048
9215	8215
4572	3572
5355	4355
6528	5528
10509	9509
6871	5871
5196	4196
7486	6486
2897	1897
3357	2357
6445	5445
10659	9659
2888	1888
4304	3304
4004	3004
8427	7427
9845	8845
8930	7930
6364	5364
9243	8243
10188	9188
3986	2986
9059	8059
4340	3340
8862	7862
4794	3794
6326	5326
4645	3645
2759	1759
6600	5600
2692	1692
10973	9973
6523	5523
7046	6046
6501	5501
6031	5031
9269	8269
7048	6048
2516	1516
7517	6517
9404	8404
4313	3313
3527	2527
7643	6643
7616	6616
2883	1883
1422	422
6460	5460
10812	9812
6785	5785
1054	54
6351	5351
9770	8770
9112	8112
9690	8690
3983	2983
2906	1906
5016	4016
7627	6627
1016	16
6967	5967
9318	8318
10988	9988
2490	1490
1716	716
2840	1840
3872	2872
6336	5336
8888	7888
1740	740
2852	1852
3643	2643
5052	4052
5379	4379
10286	9286
8019	7019
7261	6261
7059	6059
3478	2478
3424	2424
2843	1843
9883	8883
8774	7774
7964	6964
7994	6994
3816	2816
10947	9947
6251	5251
4183	3183
3925	2925
6266	5266
10149	9149
8595	7595
2606	1606
7990	6990
9310	8310
10797	9797
7214	6214
10997	9997
8684	7684
7953	6953
2848	1848
7679	6679
8356	7356
3578	2578
3316	2316
5374	4374
9838	8838
9374	8374
4203	3203
8613	7613
1216	216
3085	2085
2739	1739
4531	3531
6430	5430
5554	4554
10829	9829
1681	681
5088	4088
3754	2754
3298	2298
4236	3236
1348	348
1255	255
7578	6578
6009	5009
1052	52
10143	9143
6005	5005
5087	4087
7095	6095
4204	3204
1765	765
10802	9802
6782	5782
4080	3080
5175	4175
1971	971
2453	1453
8377	7377
5936	4936
9020	8020
6813	5813
7674	6674
8903	7903
2242	1242
8579	7579
8731	7731
9274	8274
2666	1666
1484	484
7924	6924
2253	1253
8183	7183
8178	7178
5182	4182
3191	2191
8229	7229
4324	3324
4547	3547
2316	1316
10418	9418
7751	6751
9432	8432
10219	9219
9884	8884
2512	1512
10745	9745
10854	9854
10316	9316
4473	3473
5789	4789
8336	7336
6637	5637
8814	7814
6238	5238
7879	6879
6392	5392
10320	9320
2504	1504
8057	7057
7156	6156
5779	4779
5662	4662
4338	3338
2957	1957
9843	8843
2881	1881
6537	5537
3167	2167
6427	5427
4204	3204
8936	7936
9529	8529
2636	1636
4507	3507
8412	7412
10499	9499
4251	3251
4618	3618
9814	8814
7724	6724
9406	8406
3501	2501
3360	2360
7220	6220
5090	4090
6590	5590
8963	7963
4410	3410
4446	3446
6020	5020
10565	9565
9224	8224
10681	9681
3902	2902
7532	6532
5875	4875
2134	1134
9421	8421
8041	7041
7561	6561
8976	7976
5977	4977
2441	1441
6963	5963
9483	8483
6205	5205
6461	5461
9085	8085
9822	8822
1627	627
2160	1160
4579	3579
4127	3127
10872	9872
7150	6150
8217	7217
2813	1813
5113	4113
7978	6978
2610	1610
6484	5484
7542	6542
7186	6186
2516	1516
10443	9443
10069	9069
7390	6390
7929	6929
8489	7489
4431	3431
10841	9841
6465	5465
5759	4759
2281	1281
2427	1427
10593	9593
7485	6485
4240	3240
5029	4029
6306	5306
4866	3866
6189	5189
9885	8885
4344	3344
2412	1412
6034	5034
7912	6912
4224	3224
6498	5498
4889	3889
5834	4834
1981	981
1430	430
8371	7371
3496	2496
7225	6225
7439	6439
9886	8886
4153	3153
4928	3928
9668	8668
3993	2993
6744	5744
4426	3426
1625	625
4522	3522
10370	9370
8110	7110
4113	3113
4398	3398
9767	8767
4330	3330
5938	4938
5003	4003
7674	6674
7349	6349
6389	5389
10937	9937
6925	5925
1886	886
4826	3826
8110	7110
9219	8219
1607	607
5480	4480
1714	714
4183	3183
1918	918
10599	9599
3687	2687
2197	1197
5618	4618
6679	5679
4292	3292
5395	4395
3656	2656
4166	3166
4764	3764
10765	9765
7278	6278
4514	3514
5883	4883
10608	9608
9451	8451
6238	5238
3633	2633
2152	1152
1626	626
3569	2569
8076	7076
8863	7863
3746	2746
1537	537
7081	6081
10705	9705
6016	5016
7795	6795
3887	2887
3285	2285
3745	2745
6574	5574
4482	3482
4715	3715
8604	7604
4125	3125
9109	8109
1259	259
7290	6290
9225	8225
7375	6375
9920	8920
2738	1738
8610	7610
9527	8527
7540	6540
3847	2847
8511	7511
8691	7691
4472	3472
7431	6431
2118	1118
8686	7686
10177	9177
2654	1654
4767	3767
9881	8881
7669	6669
7913	6913
9119	8119
6306	5306
7009	6009
4692	3692
6139	5139
10723	9723
8648	7648
9263	8263
8832	7832
8906	7906
1905	905
7056	6056
1633	633
10824	9824
5145	4145
9242	8242
5702	4702
1684	684
2088	1088
3212	2212
5727	4727
1911	911
9642	8642
6844	5844
9596	8596
5170	4170
8498	7498
9714	8714
10402	9402
1518	518
2978	1978
8521	7521
6823	5823
5339	4339
8564	7564
1961	961
5061	4061
6211	5211
6576	5576
9244	8244
10469	9469
7480	6480
1651	651
1101	101
3655	2655
5795	4795
9342	8342
8356	7356
2831	1831
6781	5781
6919	5919
7557	6557
7691	6691
5560	4560
3400	2400
2638	1638
6082	5082
7249	6249
7704	6704
5483	4483
7767	6767
6033	5033
3003	2003
9941	8941
10371	9371
6919	5919
10902	9902
10784	9784
2129	1129
2829	1829
5379	4379
1597	597
9308	8308
2382	1382
8049	7049
1962	962
3528	2528
6390	5390
5669	4669
5358	4358
2170	1170
1587	587
