500	1219855
8764	7764
4838	3838
2690	1690
10405	9405
6050	5050
5511	4511
9868	8868
6145	5145
5524	4524
1669	669
10149	9149
1144	144
8101	7101
1554	554
2185	1185
7691	6691
7216	6216
8829	7829
1658	658
1192	192
3786	2786
9621	8621
4825	3825
9834	8834
4679	3679
10187	9187
4678	3678
5561	4561
6267	5267
3036	2036
5723	4723
4030	3030
3225	2225
7413	6413
9786	8786
8274	7274
8275	7275
5006	4006
3418	2418
2798	1798
5674	4674
2566	1566
2942	1942
2774	1774
9472	8472
4126	3126
5817	4817
2039	1039
8306	7306
6474	5474
8582	7582
7443	6443
1446	446
2407	1407
6277	5277
5125	4125
7945	6945
6306	5306
6037	5037
3212	2212
4693	3693
10760	9760
2593	1593
6917	5917
3524	2524
7731	6731
4190	3190
10798	9798
1736	736
2959	1959
8948	7948
2761	1761
10877	9877
10889	9889
4535	3535
9348	8348
10366	9366
5703	4703
6738	5738
4023	3023
7528	6528
4320	3320
10466	9466
7974	6974
5726	4726
2094	1094
8450	7450
9022	8022
7399	6399
9838	8838
1233	233
1092	92
5949	4949
9178	8178
3360	2360
8472	7472
5908	4908
2902	1902
4622	3622
6643	5643
4860	3860
2569	1569
8403	7403
4736	3736
8809	7809
8289	7289
9435	8435
8174	7174
9343	8343
5173	4173
1196	196
5871	4871
4844	3844
7013	6013
9196	8196
9569	8569
8106	7106
2997	1997
7590	6590
4505	3505
1834	834
4175	3175
10948	9948
6783	5783
2352	1352
9659	8659
4254	3254
7259	6259
1560	560
4227	3227
9253	8253
5420	4420
5795	4795
3007	2007
5507	4507
3603	2603
10296	9296
3942	2942
7128	6128
8638	7638
4466	3466
3676	2676
9860	8860
8309	7309
9688	8688
8055	7055
3229	2229
6794	5794
10051	9051
6170	5170
6650	5650
7237	6237
5696	4696
2949	1949
3019	2019
3399	2399
1607	607
2624	1624
6009	5009
2167	1167
5851	4851
4261	3261
2938	1938
6997	5997
6268	5268
7444	6444
5952	4952
1915	915
6737	5737
8431	7431
5904	4904
6554	5554
1106	106
4764	3764
3862	2862
9794	8794
8170	7170
2442	1442
1939	939
3573	2573
3964	2964
3940	2940
9809	8809
8659	7659
5888	4888
8179	7179
1058	58
6494	5494
6154	5154
6066	5066
4012	3012
7356	6356
5679	4679
5949	4949
3353	2353
7298	6298
2393	1393
4656	3656
4564	3564
8129	7129
2086	1086
9467	8467
3683	2683
2192	1192
9582	8582
2896	1896
7337	6337
3104	2104
4338	3338
4627	3627
2028	1028
3653	2653
7566	6566
7188	6188
1311	311
2453	1453
4366	3366
7720	6720
4298	3298
9519	8519
9138	8138
7310	6310
2227	1227
3816	2816
2258	1258
10931	9931
6465	5465
3650	2650
4586	3586
10028	9028
7131	6131
5671	4671
4846	3846
6165	5165
3214	2214
9780	8780
8060	7060
5902	4902
1883	883
7749	6749
9528	8528
2910	1910
6753	5753
6093	5093
9097	8097
7064	6064
3897	2897
8814	7814
3783	2783
7195	6195
3684	2684
8272	7272
3504	2504
4910	3910
1087	87
4761	3761
4840	3840
6551	5551
3763	2763
4777	3777
1930	930
6245	5245
9448	8448
5776	4776
1409	409
8013	7013
4555	3555
4820	3820
2915	1915
1789	789
7921	6921
1442	442
10050	9050
3673	2673
2887	1887
4498	3498
6088	5088
5783	4783
2311	1311
5223	4223
1977	977
1346	346
2494	1494
4480	3480
1608	608
2581	1581
4593	3593
1799	799
4483	3483
3707	2707
5576	4576
1765	765
5303	4303
10375	9375
6540	5540
5711	4711
7387	6387
6446	5446
5882	4882
9301	8301
3586	2586
9154	8154
6095	5095
2635	1635
1827	827
7981	6981
2484	1484
6914	5914
2763	1763
10146	9146
1136	136
10092	9092
10491	9491
2630	1630
9923	8923
1098	98
10562	9562
9867	8867
1897	897
10396	9396
2573	1573
2824	1824
1160	160
3227	2227
2198	1198
3051	2051
7937	6937
8584	7584
4848	3848
9171	8171
3237	2237
7433	6433
7324	6324
4683	3683
5419	4419
4502	3502
8015	7015
6902	5902
10416	9416
9777	8777
6047	5047
6903	5903
5220	4220
1890	890
4884	3884
4143	3143
8339	7339
10797	9797
3009	2009
5587	4587
6545	5545
4582	3582
7410	6410
6704	5704
3160	2160
8607	7607
5107	4107
6449	5449
2543	1543
8954	7954
4619	3619
4779	3779
1739	739
7294	6294
4813	3813
6157	5157
10796	9796
1827	827
8411	7411
6563	5563
6955	5955
9809	8809
8817	7817
1175	175
10698	9698
2701	1701
4317	3317
8037	7037
8849	7849
6325	5325
2623	1623
4393	3393
6258	5258
9033	8033
6449	5449
8418	7418
2991	1991
10555	9555
3866	2866
4533	3533
4860	3860
3836	2836
4663	3663
1950	950
10129	9129
8475	7475
3459	2459
6276	5276
9301	8301
10869	9869
1838	838
1608	608
9677	8677
9655	8655
1782	782
5727	4727
7707	6707
5098	4098
2763	1763
1907	907
6774	5774
10737	9737
5300	4300
8384	7384
5121	4121
7100	6100
5801	4801
7112	6112
3006	2006
5018	4018
10644	9644
6865	5865
7853	6853
10659	9659
7815	6815
3333	2333
8133	7133
10273	9273
8609	7609
2786	1786
6493	5493
9446	8446
3393	2393
1521	521
4452	3452
4174	3174
6247	5247
7510	6510
4623	3623
4361	3361
8417	7417
10396	9396
4098	3098
9068	8068
7779	6779
8218	7218
5167	4167
8931	7931
4329	3329
7172	6172
2948	1948
10325	9325
9388	8388
6152	5152
9983	8983
2554	1554
8485	7485
3467	2467
8178	7178
6093	5093
5252	4252
10022	9022
10890	9890
7644	6644
10543	9543
4342	3342
7169	6169
5789	4789
7203	6203
10791	9791
5502	4502
4619	3619
6539	5539
8599	7599
9038	8038
9669	8669
5816	4816
9556	8556
7600	6600
5497	4497
2079	1079
5899	4899
1173	173
6819	5819
1051	51
10155	9155
8372	7372
4887	3887
2621	1621
1902	902
9979	8979
3225	2225
10923	9923
9868	8868
6220	5220
10465	9465
9561	8561
2389	1389
1606	606
5764	4764
