500	1892230
2289	1289
4856	3856
4991	3991
2577	1577
3453	2453
6433	5433
10038	9038
9976	8976
1195	195
7020	6020
2305	1305
10375	9375
4137	3137
7313	6313
4178	3178
6975	5975
10478	9478
7451	6451
2762	1762
10994	9994
7329	6329
9805	8805
10937	9937
9299	8299
6729	5729
6128	5128
5239	4239
10994	9994
3220	2220
1356	356
8494	7494
4508	3508
5212	4212
8836	7836
6085	5085
4016	3016
10620	9620
1474	474
2991	1991
10815	9815
7493	6493
10647	9647
10189	9189
6981	5981
6959	5959
9718	8718
2955	1955
6436	5436
2520	1520
4716	3716
2782	1782
5200	4200
9872	8872
9070	8070
3498	2498
1952	952
10549	9549
4088	3088
8297	7297
2769	1769
4444	3444
2142	1142
6276	5276
8655	7655
9977	8977
7712	6712
1670	670
9597	8597
8185	7185
3660	2660
5763	4763
1029	29
9658	8658
1303	303
7009	6009
5616	4616
10020	9020
5315	4315
7404	6404
7891	6891
9031	8031
5537	4537
2091	1091
4254	3254
3606	2606
10940	9940
5206	4206
3155	2155
4028	3028
8854	7854
1275	275
7471	6471
9996	8996
2902	1902
1477	477
8972	7972
9614	8614
2146	1146
3920	2920
3150	2150
1157	157
8682	7682
9531	8531
6166	5166
5336	4336
1891	891
10781	9781
10707	9707
6206	5206
3536	2536
7598	6598
10588	9588
8072	7072
5040	4040
3841	2841
10678	9678
4979	3979
4398	3398
9184	8184
8006	7006
2252	1252
5810	4810
4476	3476
1247	247
7711	6711
1304	304
5570	4570
2676	1676
2449	1449
8490	7490
4826	3826
8957	7957
2523	1523
9708	8708
4122	3122
6859	5859
10598	9598
10255	9255
6565	5565
2155	1155
2790	1790
9514	8514
1742	742
6214	5214
3553	2553
10935	9935
5891	4891
7532	6532
4332	3332
10426	9426
4537	3537
1935	935
1587	587
4365	3365
2181	1181
8297	7297
4668	3668
6751	5751
9973	8973
2469	1469
10592	9592
10150	9150
6777	5777
8466	7466
5209	4209
6251	5251
4324	3324
4806	3806
5505	4505
6241	5241
2313	1313
3646	2646
4754	3754
3054	2054
8859	7859
7307	6307
2988	1988
10101	9101
10190	9190
2672	1672
5878	4878
10078	9078
3606	2606
6464	5464
9794	8794
1139	139
10113	9113
3462	2462
3241	2241
5437	4437
1282	282
2832	1832
4586	3586
7058	6058
10297	9297
5146	4146
8660	7660
9973	8973
8951	7951
9516	8516
1565	565
10263	9263
2162	1162
5318	4318
8669	7669
6372	5372
7976	6976
7008	6008
5473	4473
3517	2517
8679	7679
6702	5702
2595	1595
1285	285
2166	1166
1388	388
1423	423
1278	278
10201	9201
3663	2663
2066	1066
10482	9482
1846	846
2003	1003
2892	1892
7494	6494
6148	5148
10551	9551
2818	1818
4098	3098
9067	8067
3382	2382
9713	8713
6580	5580
4052	3052
3733	2733
1951	951
7379	6379
9740	8740
2775	1775
9896	8896
3771	2771
8477	7477
7842	6842
4055	3055
5994	4994
8229	7229
10829	9829
2623	1623
3782	2782
9843	8843
3688	2688
3263	2263
7040	6040
4690	3690
1506	506
9885	8885
9837	8837
7409	6409
1703	703
9286	8286
1827	827
4084	3084
7998	6998
7406	6406
3487	2487
7082	6082
4708	3708
9866	8866
5822	4822
2835	1835
8761	7761
8592	7592
10311	9311
5602	4602
7998	6998
5304	4304
9182	8182
4178	3178
6926	5926
1963	963
9372	8372
9613	8613
10578	9578
5411	4411
9654	8654
1083	83
4295	3295
8490	7490
3843	2843
1349	349
6775	5775
4669	3669
4433	3433
10125	9125
7426	6426
6919	5919
6206	5206
7486	6486
2136	1136
7379	6379
9320	8320
9896	8896
1322	322
8630	7630
10849	9849
4671	3671
9285	8285
5383	4383
7848	6848
1562	562
2697	1697
6219	5219
6526	5526
2274	1274
6981	5981
5179	4179
8709	7709
6628	5628
2668	1668
1551	551
6976	5976
8442	7442
1572	572
6760	5760
3918	2918
7997	6997
9031	8031
5476	4476
10834	9834
10166	9166
1854	854
9153	8153
5414	4414
8528	7528
6782	5782
1614	614
2198	1198
1418	418
2348	1348
9046	8046
1979	979
4045	3045
10616	9616
7504	6504
5318	4318
2949	1949
1682	682
9378	8378
4928	3928
9701	8701
6281	5281
10903	9903
3495	2495
6852	5852
3015	2015
6412	5412
10200	9200
7397	6397
10887	9887
10034	9034
6562	5562
8093	7093
8186	7186
7327	6327
5620	4620
10320	9320
4293	3293
6817	5817
10737	9737
5640	4640
1214	214
1716	716
8684	7684
7182	6182
4571	3571
3002	2002
9130	8130
5253	4253
7731	6731
9409	8409
10305	9305
3011	2011
9311	8311
2799	1799
8862	7862
7677	6677
8211	7211
4414	3414
4073	3073
4449	3449
9799	8799
5987	4987
1541	541
6984	5984
2313	1313
6160	5160
2655	1655
1957	957
8329	7329
2392	1392
6597	5597
8542	7542
9459	8459
4280	3280
4723	3723
9381	8381
2633	1633
9204	8204
9985	8985
9364	8364
7612	6612
9290	8290
1374	374
2275	1275
1088	88
5588	4588
5303	4303
8298	7298
5353	4353
8376	7376
1747	747
4151	3151
9714	8714
8639	7639
6486	5486
7378	6378
3799	2799
8141	7141
8335	7335
7479	6479
5884	4884
3931	2931
5020	4020
10694	9694
7210	6210
5095	4095
9074	8074
5195	4195
9650	8650
4411	3411
9910	8910
2614	1614
2700	1700
6635	5635
3888	2888
2787	1787
1222	222
4542	3542
6437	5437
1926	926
1917	917
3535	2535
5076	4076
6982	5982
1173	173
10562	9562
3360	2360
10323	9323
4054	3054
10694	9694
6801	5801
8937	7937
3624	2624
7173	6173
4982	3982
6185	5185
7619	6619
9407	8407
6731	5731
6268	5268
2817	1817
5640	4640
4233	3233
4516	3516
1275	275
7120	6120
2655	1655
7848	6848
10662	9662
8091	7091
8774	7774
7930	6930
10625	9625
9201	8201
3912	2912
7149	6149
5114	4114
6271	5271
6472	5472
8167	7167
2316	1316
8624	7624
2455	1455
4939	3939
1148	148
6436	5436
6475	5475
7766	6766
1195	195
