500	255278
4737	3737
4620	3620
4291	3291
10624	9624
2444	1444
3912	2912
10937	9937
4295	3295
2458	1458
5457	4457
8563	7563
9708	8708
1095	95
4248	3248
2820	1820
8639	7639
7082	6082
6563	5563
10400	9400
5920	4920
3930	2930
5775	4775
9461	8461
3798	2798
8346	7346
8116	7116
8733	7733
5225	4225
4549	3549
8619	7619
7477	6477
4637	3637
8590	7590
7119	6119
10612	9612
6385	5385
10030	9030
10548	9548
9679	8679
1487	487
5005	4005
7241	6241
6547	5547
5099	4099
6841	5841
4718	3718
9089	8089
9274	8274
10280	9280
4840	3840
4193	3193
3209	2209
9615	8615
9005	8005
2358	1358
3312	2312
6121	5121
10090	9090
7536	6536
6021	5021
4060	3060
10364	9364
9657	8657
1650	650
6482	5482
9268	8268
7034	6034
1863	863
8815	7815
2065	1065
2350	1350
9171	8171
8305	7305
7896	6896
9621	8621
10497	9497
1613	613
7710	6710
8771	7771
7244	6244
1549	549
1963	963
5804	4804
6515	5515
6320	5320
7161	6161
8826	7826
7792	6792
2602	1602
1714	714
2812	1812
5662	4662
1077	77
1468	468
2663	1663
2911	1911
6087	5087
8696	7696
3773	2773
10253	9253
6112	5112
1474	474
8424	7424
3417	2417
4721	3721
3396	2396
9265	8265
1685	685
10105	9105
7035	6035
7928	6928
7006	6006
4350	3350
9083	8083
2520	1520
9669	8669
5243	4243
6698	5698
6460	5460
3197	2197
7411	6411
4623	3623
7858	6858
3839	2839
5090	4090
9520	8520
5749	4749
6528	5528
3567	2567
8522	7522
5780	4780
8679	7679
5347	4347
9555	8555
7447	6447
9068	8068
1951	951
5711	4711
9752	8752
7407	6407
8098	7098
6680	5680
9764	8764
1447	447
4762	3762
7636	6636
6467	5467
5357	4357
3333	2333
8278	7278
7553	6553
9743	8743
1900	900
10762	9762
8933	7933
5989	4989
5633	4633
3682	2682
7868	6868
4551	3551
7555	6555
8999	7999
2229	1229
1901	901
7554	6554
5027	4027
9968	8968
4856	3856
6090	5090
8720	7720
1262	262
9539	8539
10751	9751
6378	5378
9985	8985
10864	9864
3013	2013
1803	803
1572	572
1697	697
9080	8080
8124	7124
6791	5791
9979	8979
4237	3237
4723	3723
1319	319
8869	7869
7404	6404
8186	7186
2420	1420
3958	2958
6184	5184
10000	9000
1211	211
2737	1737
10379	9379
6530	5530
2944	1944
5468	4468
10601	9601
9558	8558
4006	3006
10351	9351
4935	3935
9342	8342
6567	5567
3299	2299
10144	9144
7138	6138
3995	2995
8223	7223
10614	9614
9785	8785
3553	2553
3850	2850
3507	2507
3871	2871
8071	7071
6263	5263
1056	56
5842	4842
5572	4572
6239	5239
4841	3841
5782	4782
4328	3328
10571	9571
1312	312
6271	5271
1390	390
10912	9912
1180	180
10747	9747
6615	5615
5114	4114
9088	8088
8533	7533
3764	2764
4583	3583
4670	3670
6758	5758
8157	7157
10635	9635
5542	4542
10709	9709
9837	8837
4401	3401
3579	2579
3259	2259
9663	8663
9986	8986
8100	7100
4234	3234
5225	4225
8292	7292
5368	4368
4904	3904
7863	6863
5679	4679
6526	5526
8252	7252
1942	942
6706	5706
7999	6999
3908	2908
7171	6171
2438	1438
1440	440
9935	8935
6021	5021
1462	462
2044	1044
9529	8529
7448	6448
6586	5586
9238	8238
2636	1636
6338	5338
8168	7168
4894	3894
5000	4000
7154	6154
1993	993
4585	3585
7730	6730
9285	8285
8952	7952
7985	6985
2499	1499
9982	8982
3510	2510
9750	8750
7276	6276
5567	4567
3100	2100
10183	9183
8090	7090
4538	3538
6975	5975
7024	6024
5910	4910
3788	2788
8067	7067
4438	3438
6587	5587
10004	9004
2675	1675
8223	7223
1693	693
6195	5195
2116	1116
5692	4692
2348	1348
3109	2109
5629	4629
5429	4429
7745	6745
3580	2580
2413	1413
9243	8243
8914	7914
4922	3922
4344	3344
5189	4189
5841	4841
6444	5444
10723	9723
2930	1930
9981	8981
3049	2049
5305	4305
1242	242
5836	4836
8723	7723
4679	3679
1423	423
4079	3079
2706	1706
8645	7645
4771	3771
7900	6900
6112	5112
5815	4815
5599	4599
8220	7220
10443	9443
10027	9027
1316	316
9374	8374
7791	6791
5910	4910
7287	6287
8064	7064
9254	8254
1475	475
2904	1904
1049	49
7550	6550
1185	185
6381	5381
9598	8598
5489	4489
6622	5622
4434	3434
3212	2212
10300	9300
1208	208
6290	5290
8357	7357
5204	4204
10060	9060
5256	4256
10315	9315
4874	3874
6206	5206
3887	2887
10668	9668
1584	584
4202	3202
9042	8042
8374	7374
9112	8112
5328	4328
5438	4438
3717	2717
2155	1155
3693	2693
10117	9117
8704	7704
3878	2878
5497	4497
7301	6301
4718	3718
7470	6470
10734	9734
6929	5929
6769	5769
7293	6293
8570	7570
4126	3126
1496	496
3982	2982
4733	3733
10811	9811
4207	3207
9939	8939
10049	9049
3875	2875
6874	5874
3250	2250
1916	916
4248	3248
7713	6713
2595	1595
5037	4037
6781	5781
3749	2749
7729	6729
5897	4897
1452	452
6958	5958
6745	5745
7753	6753
10676	9676
3214	2214
3838	2838
6604	5604
5335	4335
10131	9131
10526	9526
4812	3812
6978	5978
3507	2507
8544	7544
3140	2140
6713	5713
3834	2834
2188	1188
5939	4939
9708	8708
4438	3438
3206	2206
9307	8307
7502	6502
4801	3801
3343	2343
3283	2283
7549	6549
6423	5423
4531	3531
8001	7001
2381	1381
10276	9276
1105	105
2056	1056
8841	7841
3942	2942
4011	3011
3175	2175
9424	8424
3536	2536
6986	5986
5402	4402
2394	1394
4530	3530
7541	6541
4459	3459
3715	2715
8729	7729
9397	8397
8774	7774
8518	7518
1603	603
7080	6080
5019	4019
5403	4403
9422	8422
3653	2653
8303	7303
4845	3845
3536	2536
5303	4303
6225	5225
2811	1811
1759	759
3632	2632
10651	9651
4701	3701
6642	5642
9178	8178
3124	2124
5530	4530
5163	4163
3877	2877
6923	5923
5044	4044
10418	9418
10381	9381
7759	6759
