500	1904916
10685	9685
8544	7544
6371	5371
4972	3972
9635	8635
4124	3124
10424	9424
10555	9555
1338	338
7213	6213
8448	7448
8840	7840
9865	8865
6345	5345
3736	2736
1251	251
5344	4344
3968	2968
8177	7177
1163	163
9584	8584
10841	9841
9813	8813
3986	2986
5617	4617
5469	4469
7993	6993
10067	9067
1922	922
7562	6562
10503	9503
1606	606
1457	457
2225	1225
1929	929
10091	9091
5349	4349
7704	6704
5997	4997
2038	1038
3917	2917
3445	2445
6229	5229
9133	8133
5141	4141
8964	7964
9384	8384
9484	8484
8283	7283
6560	5560
5998	4998
6867	5867
2752	1752
4810	3810
9852	8852
7368	6368
5630	4630
3196	2196
2786	1786
6551	5551
6109	5109
2288	1288
3509	2509
2917	1917
9865	8865
4437	3437
2007	1007
10565	9565
7493	6493
3356	2356
7954	6954
10409	9409
5800	4800
3183	2183
8541	7541
6292	5292
7498	6498
6924	5924
4776	3776
4781	3781
8835	7835
9773	8773
10647	9647
10587	9587
9935	8935
5850	4850
3306	2306
4564	3564
4397	3397
5092	4092
6467	5467
5858	4858
2731	1731
8975	7975
7774	6774
7947	6947
8763	7763
8781	7781
7511	6511
5255	4255
1136	136
4465	3465
4663	3663
2287	1287
2999	1999
8556	7556
7578	6578
9496	8496
10831	9831
7705	6705
3276	2276
8666	7666
2830	1830
9274	8274
4604	3604
8116	7116
10475	9475
6909	5909
1679	679
10224	9224
11000	10000
3497	2497
5081	4081
2731	1731
1471	471
1854	854
6029	5029
9234	8234
9634	8634
2540	1540
9840	8840
6121	5121
2356	1356
9855	8855
3759	2759
4354	3354
7410	6410
10337	9337
9201	8201
7240	6240
3393	2393
1477	477
1257	257
1574	574
6102	5102
4860	3860
8689	7689
1929	929
10769	9769
5720	4720
1152	152
7120	6120
8216	7216
5232	4232
5202	4202
8687	7687
6085	5085
10231	9231
3272	2272
4719	3719
8122	7122
2111	1111
6191	5191
9477	8477
10965	9965
8950	7950
9182	8182
3726	2726
4638	3638
7382	6382
9966	8966
7030	6030
4210	3210
6574	5574
7604	6604
9312	8312
10434	9434
5292	4292
10240	9240
6554	5554
10011	9011
10391	9391
2673	1673
3579	2579
10974	9974
3227	2227
1265	265
6058	5058
2457	1457
9888	8888
6128	5128
5930	4930
10998	9998
1319	319
4406	3406
7315	6315
9268	8268
2587	1587
6392	5392
9257	8257
5320	4320
1709	709
5286	4286
8530	7530
7283	6283
8241	7241
3193	2193
6716	5716
8885	7885
8784	7784
2269	1269
4247	3247
4526	3526
10293	9293
6825	5825
4499	3499
2519	1519
7089	6089
9556	8556
10327	9327
2328	1328
4684	3684
5256	4256
2326	1326
1354	354
5013	4013
4992	3992
5973	4973
2951	1951
10383	9383
4229	3229
7271	6271
7444	6444
4866	3866
4800	3800
3726	2726
2107	1107
3344	2344
9441	8441
6343	5343
1127	127
7061	6061
9589	8589
4652	3652
2705	1705
1766	766
8150	7150
4224	3224
4206	3206
3057	2057
9902	8902
5534	4534
3092	2092
10510	9510
3211	2211
3445	2445
4522	3522
7202	6202
4769	3769
6473	5473
2936	1936
7997	6997
9095	8095
9379	8379
1863	863
9246	8246
8456	7456
9321	8321
1589	589
6896	5896
1015	15
1715	715
9308	8308
9603	8603
5366	4366
1013	13
10368	9368
8867	7867
10588	9588
3574	2574
10923	9923
5841	4841
4459	3459
3015	2015
5350	4350
6669	5669
1811	811
5224	4224
9222	8222
5580	4580
10696	9696
7509	6509
2576	1576
5142	4142
5888	4888
9790	8790
3387	2387
9695	8695
4462	3462
3975	2975
1943	943
4476	3476
4689	3689
10250	9250
9431	8431
9054	8054
6614	5614
5150	4150
6920	5920
6201	5201
4075	3075
3194	2194
1042	42
7533	6533
5208	4208
1743	743
3201	2201
6019	5019
5966	4966
1422	422
10598	9598
2013	1013
7931	6931
8525	7525
6154	5154
9170	8170
3667	2667
8540	7540
7864	6864
7128	6128
7866	6866
8806	7806
10604	9604
1554	554
4408	3408
5386	4386
5959	4959
10021	9021
9535	8535
8230	7230
1574	574
2610	1610
10424	9424
7967	6967
9142	8142
10983	9983
8709	7709
7695	6695
6001	5001
10027	9027
8116	7116
1950	950
1039	39
1398	398
9475	8475
2545	1545
5919	4919
2141	1141
6436	5436
9135	8135
4620	3620
3302	2302
6940	5940
10575	9575
3855	2855
6699	5699
4960	3960
8814	7814
5720	4720
3495	2495
2395	1395
6293	5293
1456	456
1818	818
3259	2259
9597	8597
1801	801
7319	6319
6291	5291
3153	2153
6345	5345
9759	8759
4103	3103
2736	1736
6508	5508
8929	7929
4280	3280
1427	427
10069	9069
9715	8715
9561	8561
10040	9040
2016	1016
1852	852
9615	8615
1223	223
7551	6551
3574	2574
5388	4388
8622	7622
2420	1420
6782	5782
10266	9266
2875	1875
3952	2952
8876	7876
1472	472
1104	104
5194	4194
3114	2114
3256	2256
6891	5891
8224	7224
2710	1710
8626	7626
10084	9084
10638	9638
8257	7257
6862	5862
6058	5058
6971	5971
1774	774
5098	4098
4339	3339
2625	1625
3712	2712
4561	3561
5527	4527
6285	5285
5300	4300
9500	8500
4057	3057
1081	81
8765	7765
5931	4931
10384	9384
2992	1992
2754	1754
10487	9487
3538	2538
1220	220
9095	8095
9428	8428
4795	3795
10804	9804
3405	2405
3878	2878
6794	5794
10661	9661
9739	8739
1851	851
2983	1983
10512	9512
5948	4948
2673	1673
8489	7489
5011	4011
2585	1585
9367	8367
6648	5648
6884	5884
7867	6867
9704	8704
6965	5965
1983	983
4634	3634
6348	5348
3975	2975
2740	1740
2187	1187
6512	5512
2959	1959
10281	9281
1291	291
6753	5753
6436	5436
10047	9047
5983	4983
2229	1229
6059	5059
4721	3721
9432	8432
4393	3393
10585	9585
10731	9731
6066	5066
4425	3425
4742	3742
7650	6650
9143	8143
10389	9389
3534	2534
6009	5009
5444	4444
5850	4850
3344	2344
9077	8077
1197	197
6318	5318
10816	9816
