500	2163071
1709	709
6924	5924
5722	4722
7662	6662
6565	5565
3784	2784
9583	8583
2851	1851
9069	8069
5804	4804
7333	6333
8282	7282
4397	3397
5939	4939
3443	2443
7635	6635
8369	7369
3167	2167
5114	4114
7541	6541
9277	8277
9125	8125
8118	7118
10820	9820
10020	9020
1943	943
3024	2024
9487	8487
9742	8742
3384	2384
8993	7993
10450	9450
5659	4659
10066	9066
3463	2463
7575	6575
9201	8201
2046	1046
9425	8425
7270	6270
6849	5849
5757	4757
10903	9903
6598	5598
7047	6047
9697	8697
3232	2232
4416	3416
1863	863
3697	2697
7308	6308
6491	5491
8173	7173
10777	9777
6311	5311
7193	6193
8071	7071
4686	3686
2031	1031
6812	5812
7069	6069
10023	9023
2614	1614
8079	7079
9089	8089
5076	4076
4653	3653
7289	6289
6121	5121
3077	2077
9910	8910
8322	7322
4186	3186
6165	5165
3919	2919
10232	9232
4861	3861
2502	1502
9999	8999
2076	1076
1550	550
6307	5307
7566	6566
8723	7723
2435	1435
9228	8228
4915	3915
9506	8506
2914	1914
5945	4945
5317	4317
5334	4334
1319	319
6930	5930
2413	1413
5759	4759
1006	6
2417	1417
8400	7400
2478	1478
4494	3494
3661	2661
6151	5151
4031	3031
8825	7825
5421	4421
9614	8614
9038	8038
6922	5922
4965	3965
6465	5465
7472	6472
10271	9271
3030	2030
1546	546
1705	705
7610	6610
1812	812
6562	5562
5875	4875
3108	2108
10879	9879
6560	5560
3426	2426
3160	2160
7972	6972
8185	7185
9517	8517
9389	8389
1936	936
7347	6347
9234	8234
4596	3596
2497	1497
8616	7616
2421	1421
6918	5918
3581	2581
6810	5810
9191	8191
7545	6545
2274	1274
2014	1014
3167	2167
10655	9655
2559	1559
10224	9224
7264	6264
3370	2370
5785	4785
8490	7490
5477	4477
2015	1015
4050	3050
4255	3255
4175	3175
7373	6373
7791	6791
9043	8043
5761	4761
8726	7726
5389	4389
10346	9346
2321	1321
3238	2238
4313	3313
10093	9093
5507	4507
6894	5894
2254	1254
3697	2697
3438	2438
3527	2527
1063	63
1957	957
9534	8534
8973	7973
1180	180
2149	1149
7695	6695
5964	4964
9639	8639
8523	7523
6979	5979
2688	1688
1777	777
6505	5505
9060	8060
4919	3919
4547	3547
10173	9173
2644	1644
5288	4288
5870	4870
10317	9317
7525	6525
9183	8183
5761	4761
2031	1031
5076	4076
7015	6015
1079	79
3865	2865
5893	4893
7493	6493
1173	173
4426	3426
5466	4466
1352	352
5575	4575
2160	1160
2668	1668
4213	3213
9682	8682
4998	3998
2252	1252
6811	5811
10502	9502
10311	9311
10729	9729
10400	9400
5835	4835
8725	7725
1039	39
10705	9705
8041	7041
7563	6563
8887	7887
9153	8153
4945	3945
9314	8314
5167	4167
1376	376
8530	7530
10060	9060
7868	6868
8703	7703
3485	2485
8685	7685
5406	4406
4411	3411
6196	5196
7073	6073
7623	6623
1230	230
1070	70
8874	7874
7040	6040
6923	5923
4537	3537
3120	2120
2675	1675
9371	8371
10844	9844
2713	1713
5427	4427
4236	3236
5628	4628
3313	2313
2389	1389
5924	4924
7978	6978
2907	1907
6299	5299
1860	860
1966	966
9519	8519
9562	8562
10803	9803
7203	6203
3967	2967
4213	3213
8751	7751
6392	5392
7188	6188
8980	7980
2813	1813
1413	413
1371	371
8736	7736
1301	301
3490	2490
6762	5762
6024	5024
9686	8686
4826	3826
10450	9450
9273	8273
9453	8453
9115	8115
7013	6013
10729	9729
2444	1444
8920	7920
2379	1379
3303	2303
6237	5237
10897	9897
1864	864
2391	1391
3452	2452
1183	183
1956	956
7554	6554
2926	1926
4495	3495
5533	4533
4738	3738
4907	3907
5903	4903
2473	1473
1560	560
8392	7392
8234	7234
6583	5583
3429	2429
2060	1060
6032	5032
1702	702
6864	5864
4146	3146
4066	3066
2944	1944
1942	942
8337	7337
4323	3323
4244	3244
3574	2574
10571	9571
1460	460
1316	316
9374	8374
1642	642
2271	1271
5927	4927
3567	2567
5765	4765
10459	9459
7304	6304
6024	5024
5361	4361
5129	4129
6583	5583
9105	8105
8714	7714
2165	1165
7885	6885
6125	5125
3548	2548
4938	3938
8341	7341
3046	2046
8004	7004
10284	9284
3987	2987
5340	4340
3606	2606
7230	6230
4265	3265
3177	2177
7689	6689
4581	3581
1550	550
4682	3682
2203	1203
6477	5477
3600	2600
3320	2320
5935	4935
6256	5256
8343	7343
6648	5648
10384	9384
10277	9277
1104	104
4449	3449
7793	6793
7988	6988
9574	8574
10340	9340
1926	926
3266	2266
8737	7737
8929	7929
2549	1549
1723	723
9620	8620
5155	4155
4305	3305
2885	1885
3683	2683
10993	9993
2817	1817
10584	9584
1027	27
10371	9371
6060	5060
3626	2626
2690	1690
7347	6347
5233	4233
6384	5384
9346	8346
4616	3616
2012	1012
9449	8449
4417	3417
8804	7804
2788	1788
9342	8342
4496	3496
3713	2713
1607	607
2232	1232
7993	6993
3155	2155
9307	8307
2965	1965
3661	2661
2611	1611
1201	201
2695	1695
8955	7955
9369	8369
2279	1279
5333	4333
8739	7739
3690	2690
7959	6959
10429	9429
6388	5388
2191	1191
2164	1164
4733	3733
2159	1159
3176	2176
9533	8533
5575	4575
10979	9979
7673	6673
3916	2916
10826	9826
10385	9385
10874	9874
2058	1058
3730	2730
3028	2028
6716	5716
2046	1046
2041	1041
8326	7326
2246	1246
3735	2735
2632	1632
10614	9614
1365	365
6965	5965
8352	7352
4055	3055
10275	9275
4132	3132
5794	4794
7817	6817
5296	4296
9527	8527
5327	4327
7471	6471
4411	3411
6253	5253
3801	2801
1083	83
5520	4520
3627	2627
6820	5820
5393	4393
4684	3684
5901	4901
3773	2773
6751	5751
6946	5946
4813	3813
4076	3076
4543	3543
3899	2899
2059	1059
10508	9508
4264	3264
8023	7023
4211	3211
3670	2670
3649	2649
7343	6343
8463	7463
10466	9466
1638	638
3341	2341
4792	3792
4460	3460
3104	2104
10045	9045
