500	267141
1145	145
2278	1278
7700	6700
6867	5867
7489	6489
8184	7184
3964	2964
1797	797
10050	9050
8467	7467
2531	1531
10207	9207
4967	3967
7753	6753
9344	8344
6712	5712
6386	5386
1597	597
6339	5339
2919	1919
8735	7735
1972	972
6357	5357
8454	7454
6005	5005
8252	7252
5778	4778
3933	2933
4148	3148
7489	6489
9404	8404
10644	9644
8766	7766
6103	5103
6510	5510
1606	606
9639	8639
9473	8473
2402	1402
5040	4040
3292	2292
10284	9284
4246	3246
7258	6258
7036	6036
8941	7941
2970	1970
8774	7774
9538	8538
4660	3660
10692	9692
7272	6272
5631	4631
2400	1400
1078	78
6987	5987
9652	8652
5855	4855
6271	5271
9151	8151
2343	1343
4674	3674
8794	7794
6460	5460
6129	5129
10655	9655
7065	6065
4767	3767
5479	4479
4818	3818
5158	4158
7770	6770
4102	3102
8403	7403
4028	3028
6489	5489
2695	1695
2349	1349
4262	3262
1232	232
6008	5008
3953	2953
3856	2856
6990	5990
5353	4353
3933	2933
2976	1976
4004	3004
8787	7787
8246	7246
2154	1154
6481	5481
8271	7271
6299	5299
1940	940
3399	2399
2305	1305
4356	3356
3517	2517
6783	5783
8173	7173
7674	6674
9905	8905
7626	6626
1428	428
9284	8284
3115	2115
3123	2123
10632	9632
6376	5376
9706	8706
1991	991
9329	8329
2561	1561
7980	6980
10033	9033
1845	845
6307	5307
9388	8388
9631	8631
3552	2552
10541	9541
1463	463
10822	9822
2191	1191
8754	7754
9573	8573
3495	2495
2109	1109
8441	7441
5629	4629
5634	4634
5115	4115
10885	9885
2259	1259
1894	894
9168	8168
4373	3373
10368	9368
5151	4151
6101	5101
9074	8074
6141	5141
10781	9781
10634	9634
9472	8472
9813	8813
7831	6831
4778	3778
8200	7200
6461	5461
3681	2681
4092	3092
3276	2276
3503	2503
5282	4282
1029	29
8427	7427
4128	3128
8490	7490
5867	4867
5108	4108
3123	2123
6333	5333
4993	3993
10733	9733
7227	6227
9512	8512
10458	9458
2946	1946
3663	2663
5558	4558
1019	19
5155	4155
5338	4338
7005	6005
3627	2627
10502	9502
3835	2835
3756	2756
7701	6701
5647	4647
6437	5437
10792	9792
7922	6922
8939	7939
1425	425
7951	6951
2717	1717
10904	9904
1792	792
7583	6583
1363	363
10266	9266
9268	8268
5355	4355
9998	8998
1846	846
10219	9219
5807	4807
3791	2791
2881	1881
10364	9364
3810	2810
7035	6035
1053	53
9814	8814
6013	5013
10554	9554
2648	1648
8769	7769
7254	6254
7294	6294
4205	3205
3397	2397
10568	9568
8495	7495
10173	9173
3870	2870
10211	9211
6428	5428
4661	3661
3145	2145
6791	5791
3926	2926
1412	412
7497	6497
9275	8275
2257	1257
6715	5715
4082	3082
1400	400
8595	7595
9797	8797
4209	3209
10982	9982
9850	8850
9374	8374
2346	1346
9403	8403
7373	6373
10114	9114
2009	1009
10018	9018
9670	8670
10757	9757
9585	8585
7164	6164
6282	5282
2454	1454
2726	1726
1709	709
2466	1466
4871	3871
7499	6499
5391	4391
1634	634
3996	2996
10018	9018
9243	8243
9710	8710
9451	8451
9642	8642
3657	2657
8247	7247
9202	8202
9990	8990
3448	2448
7575	6575
1335	335
8203	7203
10299	9299
6801	5801
9211	8211
9316	8316
5470	4470
5319	4319
7901	6901
7986	6986
10600	9600
5706	4706
9711	8711
7661	6661
7172	6172
3581	2581
4159	3159
7914	6914
4215	3215
3506	2506
3283	2283
2457	1457
8568	7568
1733	733
7450	6450
7576	6576
8980	7980
5651	4651
6565	5565
1427	427
8577	7577
3251	2251
8629	7629
7875	6875
9051	8051
3191	2191
2542	1542
9873	8873
3862	2862
5794	4794
6858	5858
3461	2461
10500	9500
5568	4568
10121	9121
3023	2023
4501	3501
9632	8632
6288	5288
7715	6715
8489	7489
8571	7571
5523	4523
6056	5056
5655	4655
8324	7324
2631	1631
3634	2634
2974	1974
4547	3547
10413	9413
6902	5902
6798	5798
4393	3393
3776	2776
1200	200
6584	5584
5317	4317
10072	9072
9445	8445
6463	5463
5929	4929
8257	7257
5962	4962
6849	5849
3730	2730
4336	3336
10349	9349
8713	7713
5975	4975
7063	6063
6201	5201
9897	8897
7937	6937
1257	257
4552	3552
5260	4260
9239	8239
3537	2537
3585	2585
9138	8138
9301	8301
9486	8486
4935	3935
2694	1694
8613	7613
1486	486
4629	3629
9281	8281
10558	9558
9425	8425
4743	3743
1838	838
3033	2033
6056	5056
7686	6686
5762	4762
9391	8391
7034	6034
3474	2474
10718	9718
9448	8448
5027	4027
9614	8614
2736	1736
1635	635
9517	8517
6995	5995
6225	5225
8406	7406
5931	4931
4362	3362
6706	5706
4416	3416
8296	7296
8399	7399
8380	7380
5134	4134
8379	7379
6661	5661
4691	3691
6803	5803
10403	9403
5528	4528
8836	7836
5459	4459
2214	1214
9949	8949
10201	9201
4599	3599
8775	7775
6270	5270
3047	2047
2801	1801
1236	236
4782	3782
9787	8787
9752	8752
7129	6129
5011	4011
7157	6157
2059	1059
8373	7373
2863	1863
1827	827
2020	1020
6613	5613
9206	8206
6153	5153
3992	2992
4866	3866
9843	8843
6146	5146
10621	9621
10723	9723
10333	9333
1431	431
8288	7288
5634	4634
6983	5983
8238	7238
3408	2408
2253	1253
10284	9284
1560	560
8840	7840
10418	9418
10346	9346
7591	6591
6546	5546
4356	3356
10100	9100
3956	2956
8080	7080
8314	7314
4782	3782
9100	8100
3926	2926
9340	8340
4252	3252
3269	2269
3205	2205
9447	8447
4767	3767
9177	8177
5521	4521
4099	3099
5959	4959
9160	8160
5084	4084
1942	942
6397	5397
7491	6491
9546	8546
5681	4681
4402	3402
3737	2737
1450	450
10099	9099
10327	9327
6995	5995
9807	8807
5778	4778
9950	8950
6886	5886
3091	2091
10084	9084
4985	3985
6017	5017
8423	7423
4589	3589
4637	3637
6979	5979
9387	8387
8403	7403
5156	4156
10259	9259
7854	6854
6466	5466
8418	7418
1937	937
