500	1896495
3188	4454
9518	6193
5036	7271
2897	7499
7224	3769
5919	9640
6801	9841
9720	7455
5097	5566
724	3219
594	7192
2466	1742
9616	2452
1682	6322
4364	1667
6266	2372
5345	1227
1190	2981
1879	2194
6205	4806
5338	9525
1396	3862
805	2629
9307	4056
8130	5248
5256	8657
4062	5943
754	7815
987	3535
7700	8426
5940	3697
7026	2982
1665	5749
3168	9233
5389	7936
91	9129
7137	6826
1461	7217
8922	7468
1529	7419
4387	3081
9180	5522
8293	3368
2176	2833
2164	4835
2961	2595
2801	6018
1961	3207
261	7075
5664	7108
7137	5548
5955	3807
4011	8646
1129	3215
954	7940
3893	6586
2578	8234
4151	6948
2643	9651
1593	3587
9338	5968
9471	7654
9017	189
1772	3197
49	6888
4984	3219
6820	3859
2480	9681
9034	2588
9359	3384
5169	4426
9795	9996
4136	4102
9055	9187
933	2885
7071	2964
6183	2148
2597	4612
9563	5288
4024	8560
6115	9757
2225	9365
8578	5071
9119	552
5532	7537
7124	3087
2948	7420
4571	6834
3808	6562
7801	8150
5797	535
3844	4518
429	7004
8304	7646
5572	7786
5100	1469
5674	5484
6697	8845
2539	7971
4124	3644
7063	6852
4491	4609
9009	802
5384	9497
5909	822
3718	8739
6532	7338
1628	9232
5604	6761
4129	8193
2964	142
8806	2177
5559	7616
1120	9339
1386	7492
5568	8099
493	4479
5509	1597
4779	3049
4367	2729
3728	2487
5997	2213
2160	2887
8020	7282
4539	5226
7711	9178
7482	1578
3096	8893
9239	2671
5402	3508
6472	8110
2061	6151
9562	9473
414	9573
8450	8791
3893	6688
6860	5959
8711	8965
5962	3202
7556	115
1677	8320
1780	1006
5526	5405
5818	9398
8712	6830
4775	7133
4646	1747
8332	2243
4691	8531
7744	5296
2897	8738
2302	9385
1420	6700
4217	171
9194	5126
3266	854
5816	8630
3032	8072
526	9111
8105	5873
5375	8258
3084	7060
6477	9584
7564	3120
5013	3351
3195	6544
7580	6670
5718	7671
2723	8104
2480	8585
9145	9664
5751	7730
6037	359
9453	3967
5147	9481
2504	7796
6474	3061
3289	8902
5544	7100
7751	3765
5576	6521
9582	5010
5955	4878
2688	3393
9083	3674
2781	9832
6886	2464
5848	3840
4850	4647
1347	3463
4418	3490
2737	5096
6930	1538
7321	2779
399	3269
6813	4906
3813	2449
26	6379
9058	3089
2579	8905
2896	1483
340	8198
1592	5002
4214	1452
5916	3941
9564	7129
6026	806
8777	1924
7609	5953
9521	8430
6620	1006
8975	171
212	5892
3990	4630
1657	3228
6097	2571
6664	2476
7093	6861
7221	1751
4289	8193
4483	2333
3141	8713
2050	1000
6081	318
2724	8515
9357	3314
8437	3185
8906	1779
6781	4651
2829	8229
8884	2023
1561	8659
3123	5979
661	3741
9636	4285
8809	5324
4526	3120
2637	7815
9674	5243
28	567
4886	971
2030	493
9751	4814
2785	8245
1987	5194
6825	7288
8927	5202
6697	2088
3469	7517
3498	8860
4725	1801
9320	3240
1266	9951
8938	5692
2805	7967
913	7981
4240	7991
7894	9500
7521	3424
7795	1120
6334	7712
9531	4623
8485	7223
6311	6518
4918	3786
593	1324
9527	5792
7630	739
1791	3650
9002	5002
6056	3322
1755	1078
5448	4974
8746	8173
5573	9862
9518	8912
6824	1588
1483	8186
6074	5051
4640	13
8817	2681
1828	5704
7803	9913
435	4397
7728	7729
6820	5923
9332	2583
4062	4417
8897	4652
5853	3584
8672	8933
563	4748
4401	4652
7594	3143
7372	2197
17	3994
8037	8380
7253	5132
8638	6833
7856	6355
2609	6987
4974	2099
4588	1248
1753	6080
9526	362
4800	1502
3317	8782
5274	6053
701	3157
1164	8961
7723	3546
1316	732
2889	8354
4477	9651
5081	3407
6172	1099
2690	6784
3108	8710
6846	9865
7942	1591
3009	2955
1786	4676
1531	1685
5476	270
2707	1614
2661	9476
4541	5660
955	2519
1367	74
3947	385
6020	3602
7077	2644
8165	892
1848	4593
9372	717
1144	9231
2801	719
9413	7224
4232	626
2858	968
1985	1181
6951	9244
3355	2279
1471	4108
7229	2480
8170	4205
1215	5949
8990	2620
2299	2535
407	4098
3335	4515
3970	8605
525	9800
4180	1005
5717	9428
4294	65
6067	3923
5518	8538
1510	8194
798	3296
2187	5001
2507	1576
3964	7209
9357	3905
1643	9105
9731	8608
3989	3458
1279	3025
5386	1375
9930	2571
6389	514
6326	6728
9648	2661
6866	2236
6398	1048
3205	5111
830	8070
2276	5791
1832	6511
6037	2065
9374	5025
8457	7967
7860	5905
1834	5562
9766	2523
2736	5870
271	5242
3194	913
4273	7734
7881	9730
270	5518
3345	8726
8069	1291
7040	7425
2952	5982
5465	7678
3010	6591
3106	4427
734	3941
7220	4580
4094	9002
1952	6022
1387	9803
9204	8947
7800	4741
7416	9069
2784	8617
2758	9937
1479	1497
6550	4391
2192	4280
9065	8883
1142	3932
5011	6031
7529	3306
9891	227
947	4053
7760	3481
8391	1354
2151	8448
8226	6128
7600	710
480	4526
308	6579
238	42
5093	7558
1989	306
4931	7429
1031	2753
9969	609
7107	5387
2473	6089
8428	4061
825	5038
7495	672
6573	3531
6622	6566
2611	9304
4491	4304
4342	7354
5369	2831
6636	430
6164	7418
9393	9687
333	3752
2934	5281
2352	4591
7199	1350
9551	7514
7189	8954
9250	1585
4129	5049
9919	4517
2123	343
6391	1866
931	6547
2130	9295
1438	5969
1648	4188
2479	3298
1603	9821
9983	8776
6351	3109
4499	451
1359	2833
3240	66
7270	1300
5912	5457
3714	1122
8484	4542
2245	3552
1942	5337
8001	9539
5883	6669
570	707
8945	6718
8896	1812
6554	4784
6685	5637
6393	497
4763	3626
737	1162
5444	4817
5372	8342
3394	2467
280	6030
6081	1303
5791	746
5818	6456
444	8194
7008	369
2767	2295
8707	3584
7191	7541
9476	6647
6159	3884
2020	7738
7020	6704
3990	2800
3171	7794
