500	1934240
4517	9753
7506	1843
6293	7205
9357	3207
2800	7926
9315	9660
6613	9144
8819	5411
2625	5234
9328	6517
8091	9499
4637	6078
4636	5741
6723	3126
7856	5943
2285	1654
1537	1940
1369	9023
1179	6199
3791	7505
8809	5490
9188	3830
7977	4398
8697	8592
6704	467
213	8430
1449	8435
5158	2953
5011	1242
6628	9675
7683	8662
3750	8486
6075	7904
8305	1801
7059	4157
6763	136
2525	2089
3477	7693
8848	5281
1114	9914
1002	9741
5465	8917
1797	7159
1206	9465
2776	5677
9778	1497
3051	3255
3214	1512
3979	7152
8960	9501
5988	6788
7337	4750
870	6966
4501	3129
5871	134
6669	223
5025	5190
179	9840
6835	7185
6026	3338
2666	2593
1743	1273
9371	284
5732	3753
1228	7157
8086	8673
1956	4601
6261	8917
5098	3934
668	2546
1378	3105
1453	572
7395	4539
9320	217
3394	7852
8829	477
7249	5223
6933	8022
2833	4973
8909	3583
4556	1324
8844	9686
2585	2599
3230	3936
1630	2086
1760	8542
9742	6814
9951	7752
9934	1252
872	8551
5255	3477
3805	878
5191	6702
5147	4030
3585	3540
2771	647
8905	7199
4441	3640
9231	2591
1455	431
7756	7727
3463	1603
3175	7270
9463	3751
4551	9680
4524	7071
1481	8107
4932	6293
7536	4405
8691	6733
8829	5879
4918	161
1972	8928
1754	4661
4380	806
4626	3959
2433	9681
3295	2137
6745	1195
6268	9387
3383	180
5604	3285
6705	9415
4619	6450
278	8597
169	4734
4992	5765
1193	5371
4722	4829
9945	6213
1074	3044
1397	2232
1771	428
1291	7447
9109	7418
2723	7407
6964	3909
520	8614
9925	95
2280	8304
4766	9913
1888	8230
1455	2001
1605	2699
6001	6125
3331	705
3645	8868
4009	5694
2886	8259
9743	1711
5144	5309
7724	6378
9586	9909
8495	4812
6049	6060
2664	7065
5414	1457
3581	5388
8807	9778
3389	4731
9671	9342
1862	6416
8251	328
7795	303
2573	3125
2153	8756
7719	5199
6299	480
8807	9905
4720	6960
8844	3147
5311	8504
7639	3064
3906	5056
3946	1245
6148	5746
8631	6616
3994	3680
6029	3029
1305	4210
313	4464
1177	1427
4577	2833
9148	8848
6534	5404
4416	9984
7018	8679
6697	3804
6878	939
5161	7759
4898	1095
7078	666
2275	7423
4757	6166
6896	4640
1076	1797
1640	3369
7179	1577
717	1682
2006	6810
8449	126
9028	4757
340	5172
6425	5761
4629	2602
7736	9213
960	9526
672	2705
6716	3697
7359	7679
92	4665
404	5180
2880	1079
9167	3012
8844	5426
4387	6228
8757	8017
1871	4100
1087	2299
1702	2916
8027	2665
3963	4698
8527	1909
1406	4876
6111	9154
7699	332
7632	6846
2571	7357
2636	1369
877	7806
5722	174
8231	5484
1999	4730
6491	9388
7227	3848
2871	7035
1008	3158
3080	1299
5806	7880
1754	6952
6830	8175
1744	5944
6277	304
9548	8693
8529	8961
5307	7483
865	2399
5944	7489
2401	7956
6260	1511
633	2296
356	2314
473	5750
7617	7636
5080	6172
7334	5929
1452	9376
7682	2774
1522	6033
8229	575
3368	9958
1879	2000
6501	6851
4144	9980
5106	1517
9282	9768
1729	3971
2840	8382
7183	2194
2838	3523
7194	3173
7063	4868
2618	2854
6113	5157
689	9747
6167	64
8453	8941
7126	2078
4575	9120
8559	7303
4192	7180
9401	9157
6798	8923
400	6792
5005	9673
6807	4823
774	9098
3401	6599
9249	5909
9802	4999
9577	2773
4599	8222
7878	5784
8657	3139
5628	4481
7231	8990
3138	7653
7315	5259
2266	2524
2425	8284
8050	1096
6337	3168
4096	2422
6607	9547
7330	3537
1387	6730
1423	9572
5837	4206
2638	3753
5093	1167
789	7773
8050	9281
6348	7244
2768	3259
2064	1344
5043	6694
2675	7608
5821	5615
2043	3510
7822	1245
4618	4963
1217	8105
2337	8391
8661	5512
4178	1426
5928	2123
9897	5164
2614	7666
750	2084
2949	4178
9517	5081
5352	5686
4352	1083
4749	8024
6742	8037
6962	9425
5684	5783
2506	3902
3720	4949
1467	5295
7021	2390
6879	1519
1973	441
5982	7011
3777	5320
5570	8860
4510	7284
9631	1441
4628	9120
5019	7261
4210	2036
9168	8744
1218	2059
428	1783
5365	9530
8233	8604
1649	2280
8175	8778
1206	9826
8864	4833
9112	8639
4722	3741
4116	7095
4611	6183
1008	8650
4295	4010
1467	8029
5219	8882
6599	4476
1647	3099
8932	6898
2198	3743
6735	9495
420	8428
779	5751
187	7698
5882	438
5316	3788
2209	7989
5247	9601
434	3360
7879	3163
3226	7921
8866	894
1759	9340
9497	4768
5603	2432
4099	1159
4087	8937
2474	8087
182	1793
8226	2906
783	1770
2094	3337
1036	650
8224	1012
7871	2176
7255	7478
1629	2716
6640	7583
8629	2746
8791	9720
8261	5307
2727	6641
3760	4167
2425	9537
3357	5702
31	1435
30	6321
1276	8885
7480	7564
3945	354
5820	3464
587	2518
5253	9940
6835	9866
7231	3435
3382	4535
8045	4
894	2156
3112	2173
7327	6795
144	1902
4544	2333
3165	7584
8671	807
5576	9260
4643	5192
2308	5239
1622	178
389	1455
8500	8513
5779	1753
3670	8683
3099	3533
3165	7855
2283	1997
9468	9735
5225	9738
6845	8477
5199	7817
7208	5313
8912	3710
9694	2499
5417	5985
6413	9307
6625	4284
2454	4235
9318	57
5214	395
7361	3295
3805	4331
8538	7086
3834	1416
3209	3684
3656	3170
5937	3755
9588	2553
3060	3957
5916	3535
2244	6001
9853	2873
1133	5034
4464	5589
839	4266
5031	4085
3503	3813
2873	2416
5592	4273
4438	2842
9154	3145
6222	8170
51	4791
8425	8595
2655	9270
349	4914
6268	8305
2933	7021
84	23
3745	8276
7711	6748
445	8779
3784	5928
5013	4905
1731	4296
5174	9112
5923	1016
1935	4864
2629	1967
2309	1549
5197	8833
9220	212
3701	2936
939	9384
507	1028
6311	9590
6192	896
5949	966
1317	9424
693	7112
