500	248295
9557	8139
3752	5960
9214	6176
578	2037
28	3559
4264	2343
4059	6471
6561	9135
7269	2288
3786	8331
2823	4995
1808	7618
4523	9138
9033	1673
8746	3062
7275	6116
2955	6598
2536	9383
9878	8041
4354	6659
8239	6282
333	9471
657	5844
302	8814
9627	6218
1154	895
5320	3936
6615	8607
8125	9137
6210	9154
9051	4784
1532	4560
43	6215
2477	8411
4773	2699
8179	6836
1949	9334
1719	592
2042	4736
3972	399
4713	2599
1502	4966
946	836
2062	919
7614	6053
3415	1256
8251	893
5098	975
2261	2120
8425	6995
5554	504
5972	1321
3856	1630
2912	8827
5336	5271
1670	5557
4313	3715
1201	8815
9452	1875
3765	8446
3819	9571
7801	8668
1716	2434
7613	8986
898	1404
1611	2693
257	9131
8185	1532
373	4527
4648	5540
61	5341
6692	823
9993	3330
2847	9371
4647	7181
6205	1421
630	4925
4669	6880
7970	2895
6480	5879
5175	9589
9696	6569
1138	7604
3586	1968
5573	184
6930	3554
5510	8969
4720	3423
5292	6446
6598	4315
91	6174
3646	6035
6917	4021
5751	2384
6286	2389
4002	9982
1985	1508
8537	5488
4252	4949
1216	4513
3130	5507
1254	2008
9113	3137
7224	9232
4481	8535
4788	1832
1495	5262
5626	3247
6188	6427
7738	7758
29	9929
3754	9005
4963	1466
7909	9682
5161	2322
1079	3802
5128	3285
8446	7688
5642	4211
6310	2907
1834	5783
4844	9519
7012	149
1594	3546
4194	5176
7092	1812
5569	8232
281	7170
3831	3679
1757	1442
8748	3559
2813	5349
8897	3959
5348	8130
4549	926
367	2494
9188	490
7504	7059
4706	8276
2195	9554
9544	185
4754	9360
52	2731
3453	1956
8758	9941
3205	6002
9280	5359
2029	7781
4523	79
9780	8906
1834	8499
1305	6004
2629	7064
2115	9285
4399	7716
2963	1147
1219	96
4675	2779
8267	887
4660	5980
3846	5944
2187	2448
2613	5883
2938	9585
3021	1657
8844	8266
6611	4212
5105	1458
5442	9821
5806	8677
1302	5839
4870	2018
831	2824
5689	6122
9675	271
3453	2317
1655	223
4581	3950
7027	5720
5658	4948
7201	1832
6307	1324
6118	5790
8484	5044
2304	4055
6221	9696
6780	6812
7692	4968
5898	7460
8483	652
1848	3218
1984	6600
5062	3042
1174	6204
5130	3742
3211	8722
5345	1717
3393	124
3306	1631
3264	900
9308	4133
5052	8482
5084	3081
8172	4714
1767	7087
5023	5507
8142	1962
2926	6236
4997	6425
1975	3470
7751	7633
598	6167
7291	7952
8916	1149
9803	6446
8550	8931
9411	2883
3407	4898
2576	6691
2033	217
8066	6580
8293	469
368	2419
1857	5683
1352	3230
6467	1587
5385	4649
8092	379
2228	6481
1501	2940
3938	4338
3068	6602
6008	1380
6539	8372
5478	8746
6221	7604
891	3803
35	4102
4914	8342
5733	1624
7098	545
9421	23
5726	82
9112	1174
2769	6178
1346	101
8885	8097
1345	3720
131	2642
9778	8698
3859	4166
187	6991
7278	1402
502	3492
3949	2402
8630	5733
3233	4764
8757	2655
2265	4903
9532	8354
4879	3440
9895	8438
3622	5172
812	4325
2096	5649
3107	6097
29	4667
518	2961
2130	1063
5294	1467
2657	5186
5532	8079
1724	4021
2447	6991
6114	4940
8188	4058
1195	4220
3243	1999
3073	2172
72	2487
7656	5987
1289	9175
9546	6916
1141	1180
2337	2890
3843	3359
7104	5426
6246	5509
9532	7866
8912	4603
6605	7294
740	9538
4155	3551
5157	2052
5043	3125
5065	3097
5503	9527
1644	4680
8466	7656
5082	582
4189	9898
9765	4887
9412	8940
6959	2783
1039	2546
8173	3606
3909	8051
4355	7493
8404	1724
107	9794
2449	8443
1949	6745
2394	6823
234	8037
5321	8973
8833	7851
8323	5141
6964	609
2014	2851
8538	4222
569	5058
8587	4180
8432	7263
7413	2625
1124	3658
7787	1208
5511	2093
2536	5932
3627	9287
1033	7081
3227	2871
4732	7426
9074	7262
1593	8622
2962	9622
320	8435
5125	6558
8848	3582
5020	844
3063	1127
1524	926
234	6932
5418	212
5515	7278
409	3626
7596	5896
7069	4780
8636	2012
5181	4215
8127	8366
9432	713
6016	9429
951	8222
7080	3295
7754	55
3481	5685
23	6204
1207	180
1118	4827
2320	5816
5062	8327
1258	8458
6117	8329
7990	5477
7488	1644
7183	6272
7590	3974
8891	975
1361	5203
734	9903
8085	9798
5315	7922
5319	1906
7636	5241
6214	302
4535	8756
3892	5221
2512	4143
3994	1916
9833	5637
5220	2178
511	9373
6375	2461
611	6152
9579	8854
5338	7505
2156	9243
1222	2092
1580	5132
2443	9092
9893	9296
6519	5497
2574	6185
3108	4863
1921	507
8937	897
122	573
6822	4117
9632	3705
2521	8439
1756	9302
8157	2361
6504	6367
1640	464
7997	3672
6596	8954
8658	5933
2834	5090
5315	7774
6091	7879
6208	8691
30	6355
1425	2038
4052	3428
1267	6087
7697	6406
3603	9270
7574	6521
7678	5571
6416	1046
656	2474
8583	1274
7470	7078
4217	605
4013	8327
8818	4890
136	8047
4290	1521
569	7788
5744	2003
3557	2871
2906	7823
3227	1688
3835	5407
8591	3086
9080	3887
6604	70
6458	7029
9806	9151
8940	3794
4191	9426
4235	6772
3136	3493
3752	4052
5107	1444
5999	1803
6209	4914
9750	1001
4089	1790
8836	5389
1315	6847
2818	2537
327	7294
8711	5900
89	6626
4315	9477
8159	6841
5185	6439
4665	7542
2833	984
7168	9297
978	915
9791	9530
5506	993
687	8647
2704	3726
6104	7570
2523	1474
7359	6037
2552	5197
3138	1178
3454	4427
7723	3424
8038	2682
5662	5212
3506	3941
8656	9145
3086	664
9650	1918
1702	3940
2694	5624
7622	6148
7703	4936
2827	5142
5464	3196
6190	6265
473	213
1621	6598
7366	6991
9280	3685
2390	9340
4163	8749
5847	6811
977	9693
6566	3523
1487	2199
6480	3528
6079	6999
451	3238
2890	6389
