500	1227885
4886	7374
5989	3000
152	4059
4013	5661
6647	1596
2179	5523
4328	3812
1981	1025
360	5876
2026	7785
196	6791
9598	2455
8755	1236
6647	7999
9900	4423
931	595
557	4983
5215	686
2534	7473
5571	345
4990	138
4513	5779
4911	2374
1850	7727
3368	835
1231	1778
4325	6616
4050	9314
1425	3068
2636	415
507	1676
7837	6028
2687	49
7340	3497
2330	9815
4699	2397
4088	5605
389	8856
8337	9112
7666	8277
421	8409
660	6822
1050	7535
8865	7833
9333	1669
9608	7670
8204	7882
8123	9914
756	5366
5584	6097
13	8439
3356	4672
2189	8501
6239	2091
6235	8241
4326	7850
4478	7687
8380	366
1878	1355
3191	3552
7656	1664
8488	5970
1987	1456
5288	4906
384	2697
689	7143
4626	1074
4474	8233
2685	5465
3397	3039
8094	6536
8253	8267
5728	6972
3291	5334
4583	8954
7481	1725
1866	1137
1324	3627
4562	168
9882	7704
6718	630
5559	4521
9986	2193
1050	7208
8305	1907
9858	8468
6466	5425
4001	3745
6001	7126
5779	9064
681	3101
1627	2946
715	2441
8952	32
2684	3652
4071	3058
9459	4646
736	8552
234	3844
7700	1547
1290	354
8091	5194
5983	4615
3369	4312
8337	7247
4532	4381
6118	2775
1116	1042
3241	7335
1781	484
7747	9175
6017	5897
3488	8874
9077	9637
9545	3865
2117	8724
3376	9998
4033	9743
6047	5123
7193	7595
8399	7660
7466	7352
4408	8127
396	6320
1080	9107
7104	4632
2613	1021
2050	9577
321	5686
4064	9916
3291	3378
1899	3663
2880	8990
3479	4353
445	5761
7450	5693
7631	8732
3368	1409
9175	6735
3113	251
2482	1987
4434	1735
9233	5831
4308	4181
6324	8412
1212	232
5882	1861
6750	4530
6793	549
876	8248
9489	8469
5954	3602
2080	9215
3906	3115
4443	8212
4978	9282
2007	4732
9021	7080
7661	2887
6009	2091
4376	653
1047	5404
4805	9531
7019	763
9552	9584
9981	465
7677	9843
2903	1890
9338	9421
6145	8037
7203	16
9887	8019
5007	283
9531	8887
9589	8506
685	5127
2178	9456
4590	7951
8349	6919
9216	4207
889	5687
9998	8104
6742	6145
9351	4797
6265	3655
5843	5128
7462	6276
6773	687
6960	8982
1393	1597
5836	1522
1180	6310
9660	4430
628	5452
1659	6068
353	1327
7830	7142
4867	4229
7489	8715
7743	2435
2652	5959
8631	3461
3325	6041
7838	3881
2580	3284
3285	5382
3312	599
5701	9068
3882	5523
8334	7441
7603	6249
784	320
8600	8796
3968	5186
3618	9090
476	8492
7936	7831
2674	9406
709	149
303	2590
3258	6860
985	6241
9328	2294
8787	116
6503	3553
7878	5456
421	4458
5278	5558
2044	6628
4627	4683
1537	9422
9087	3127
6205	6463
7199	3902
8098	6743
8877	9421
6324	4934
5456	6241
4115	7102
4074	1676
2594	6218
8665	4439
4929	1507
5030	8037
577	2183
3828	589
3435	4605
974	59
3915	2193
8336	951
1549	3724
7586	2135
8257	4904
4200	4126
3145	8804
750	9655
7081	5489
6842	5151
4350	3099
2414	2313
4753	6374
582	8607
1498	2238
7251	1962
9991	5853
6628	5986
6253	3233
7887	9896
1543	4073
5338	7046
8576	5868
8561	572
2124	9083
5303	2136
4520	9753
3147	4860
8827	6770
8322	4047
932	6960
5927	5706
5626	2979
9536	1638
332	6710
6743	2264
2261	9192
628	8972
1967	4805
9736	4155
7560	4982
7267	233
9795	469
8322	223
3948	7324
8784	5881
6132	4368
6617	3387
4938	1985
4258	1630
2828	9699
1465	1889
2213	8774
3586	8605
8927	9522
9485	6700
3831	5873
4049	2955
8464	9685
3878	6642
6742	559
8164	4679
5295	9864
908	1068
437	5123
4160	152
846	6280
9910	3406
7870	196
5627	5888
8140	3414
2341	4982
8920	8208
6217	996
7783	6149
1106	8499
9285	6453
9441	3208
2560	873
9636	3919
2588	1171
907	9996
7408	5464
7474	3966
3488	475
7639	2118
6974	6238
7300	6859
2440	7389
1550	2580
8912	6144
3405	3821
6307	4317
4380	3632
5720	8610
7133	7469
8721	6875
2276	6320
7529	1820
2646	1974
2442	1208
5933	5539
6855	3120
4059	3379
5288	1591
6146	964
3237	3231
8944	1120
4701	6187
5486	5598
5154	3034
3261	9210
6449	5317
1692	3559
9158	3418
4492	3419
4582	1803
5202	4178
9494	1762
6352	9596
9895	7014
9457	6650
1120	2575
4158	5689
4857	3915
7868	5353
8666	9885
5512	2560
2906	8734
7558	3207
6895	5915
1689	9320
6564	1301
6391	4498
1246	7848
2414	9775
1484	9730
5747	6593
6201	8332
35	1720
3656	136
4560	2271
1285	3089
8422	5910
1503	9772
2008	2992
1810	5753
7411	6717
9095	2371
6482	6593
3956	1599
243	8425
416	6840
8769	1809
8884	2057
5814	6632
8300	2220
2538	9719
1567	1024
6825	2969
6461	5535
3197	6346
6440	1572
8704	4372
7826	9571
4508	9836
2019	9299
4297	7803
6625	321
8063	323
2281	4024
1503	304
8064	9127
4809	3443
4021	9916
6156	1061
1719	165
3961	7296
2764	1387
3925	3771
7434	278
5222	5430
6299	3936
5642	4262
457	7999
6632	2722
3380	4971
1406	4687
7136	8860
7891	4534
1145	7339
4276	1694
4721	1996
9528	2773
3796	200
4797	7277
5142	8416
5388	4223
8704	1478
609	6181
645	719
3106	4823
4294	4989
6907	6086
3329	6721
3058	5105
3368	9281
1435	1786
4690	3926
110	3740
7426	2373
1862	2407
2199	7791
5374	7087
6239	8674
4774	7467
2249	4783
9209	2189
3123	9780
8395	5749
9502	724
6684	1896
9774	7115
3677	897
8842	1006
1303	6854
6115	1070
5166	466
8413	2580
769	7009
1051	2501
5275	7760
8139	9077
5664	5612
7238	8710
1676	4814
5607	3795
472	5704
8060	2005
8396	5421
7507	3567
6710	874
6348	3720
4220	5931
9552	9336
2103	785
8858	3869
2134	1342
338	6508
387	1477
7655	3381
3518	6675
