500	243437
5845	6169
6133	3656
575	7716
6610	8917
9416	7266
7499	5861
1613	5201
263	6734
1498	7696
6907	4277
5810	3942
7642	7486
6516	1755
4980	8871
6006	4876
2194	7543
9738	1724
8437	1338
5989	4666
3388	9105
322	9390
507	1695
7486	1848
7109	3314
8010	9694
2584	9742
1266	7726
1831	9074
1029	788
2300	1447
2715	4160
7233	7982
8367	5860
6764	4851
4073	107
2424	916
6181	6954
5721	7654
9880	7724
479	4290
5447	4681
3518	8548
9593	694
2173	5260
7745	7831
7408	8697
6082	6020
5960	8017
2937	484
7570	5946
3509	7920
6199	1335
9702	5014
8684	3461
792	6558
6047	1042
1844	9106
6420	1555
2229	1549
1787	9916
7043	2693
9134	7831
311	57
3715	2494
3639	1227
3437	3582
5901	4233
7319	6453
6006	7181
2244	5449
7315	2200
534	7108
1147	5051
5067	9264
4095	7417
5754	1604
5822	8119
8835	4792
3677	8470
6053	6506
7497	1143
4400	2036
9090	802
9545	2266
6558	734
3786	2195
2437	5154
2694	3124
8141	3781
708	1347
8978	8388
113	3896
2932	7034
143	7291
1862	307
5596	1349
7734	8124
5140	1220
2793	6076
7523	3622
1671	1268
4688	2350
2869	503
5553	2585
844	5695
5455	9707
5713	6108
9567	5011
1168	9116
5271	8117
4596	7709
1092	9909
9114	6741
3374	7928
5006	9048
5916	6406
4487	498
8122	340
9555	1779
599	5962
4570	7254
9695	8116
2871	5711
6741	3759
8730	2937
5341	3004
1871	7217
5276	1493
761	738
8621	6535
3583	5029
8087	8434
2332	250
2630	5087
5488	9448
3615	6938
9233	7120
8409	4602
694	6412
5915	2054
5584	8492
686	7543
4951	1536
9193	5142
4846	6544
7055	2490
5688	9946
7350	1318
1690	5403
1684	5266
1432	7963
8897	1051
7662	476
9127	7607
3737	4040
8327	6713
5542	4976
9335	9513
1389	6031
6403	7223
6248	7530
307	3548
7475	7785
4498	3537
7993	4862
9508	1518
7038	21
4354	3634
9619	7256
1170	1354
3724	7228
5576	6602
8510	523
2005	2738
2223	1023
9573	3784
9104	1452
582	8364
1909	8440
2783	4520
6318	1912
218	2010
5577	4254
854	6142
5302	1530
418	9327
8408	6139
2170	9197
660	9937
2991	2937
5468	6507
1175	3937
8689	95
7592	1533
5482	8583
2120	7856
4337	8639
4314	3569
4090	8642
6534	3278
9696	6423
5780	807
8473	7672
3936	6361
8542	650
6413	2222
2097	3319
2140	5632
4755	7919
7695	8942
5701	1093
6667	3142
2518	6617
7797	5940
2474	7535
7817	9705
2337	1589
9809	4335
316	8087
3128	1184
8192	8595
1883	8727
8133	4623
3750	7947
9009	6961
2979	2580
7970	6806
8835	7611
8220	3242
115	2371
8791	8146
7831	5559
9401	1836
1508	3663
2735	2035
8659	5636
8064	1333
8791	6108
7892	9125
1674	2135
2340	9190
7464	4857
4152	5618
8791	7857
551	6156
9545	8812
8705	7029
839	5443
9439	6613
1257	507
3478	2411
9811	1429
1328	2755
1635	9314
1118	2181
9406	7463
9352	7880
8246	2804
634	4234
7362	365
4122	3482
6917	8165
5567	8254
9804	719
3324	7178
8463	2637
5876	3173
5771	381
5848	2492
8280	5640
9411	9010
1666	7884
8848	3828
4951	7593
891	7716
9566	8948
3918	5105
3258	4574
1661	7088
2814	7033
2271	113
91	9453
612	7316
5022	1547
1501	9455
5804	3110
3797	860
5165	9457
8981	6646
471	209
8361	801
5146	2229
8593	5571
9960	2416
8047	3755
5980	4421
7148	3040
8580	7431
8704	2422
6417	5445
5210	5214
7663	3365
7408	6360
7730	5486
8975	7655
7040	1476
6226	5116
7596	3168
1799	8556
4878	8550
2853	3875
1383	2910
6266	2348
8822	4869
2938	1687
6817	7653
31	6416
1306	6874
2004	5660
4607	3890
9752	3797
3606	4942
1878	1788
1693	6916
6008	2346
7846	2030
5100	6527
7299	977
8007	4081
8917	4520
2737	5789
1194	347
7153	2184
1628	3778
6050	9124
9501	2407
9361	7585
145	6819
837	4024
3263	2548
5399	4559
3094	9964
3784	8739
7439	7930
2854	4257
7429	446
9028	1874
8264	4460
4898	530
1848	4074
8812	1827
7938	7912
8665	5190
6157	6305
6154	8304
2962	6869
1977	1947
3742	4859
4658	2451
3035	979
4134	3709
8527	7164
7715	5387
1502	5245
3310	3499
286	7319
8334	2408
6647	2954
6750	1153
4453	8054
7967	7498
2219	424
5346	751
500	4735
376	3005
8866	6386
9927	6353
4970	5449
6194	7319
7302	1425
3375	2680
2943	4595
5120	5272
8360	8002
5155	288
6245	7380
9225	2802
6102	921
9633	5453
9098	7182
5177	1574
6826	4133
4191	5551
4997	3406
4213	2066
853	8086
5606	7766
9370	4146
7169	7871
1632	7809
1010	7016
1992	3504
3805	3738
7564	9898
2739	4435
9968	3594
6577	599
2598	6849
7790	6945
3352	3545
9312	7431
3252	2192
9816	5627
6128	2059
2603	2443
3094	324
1421	2879
5507	8381
9365	6262
1194	9077
3808	1746
8882	6068
5317	9344
3629	3798
2664	1709
8890	8121
6612	37
4954	2331
5958	7911
3225	4926
3880	5743
7661	2007
721	4936
8577	5724
3334	555
802	2625
2942	5662
2091	663
726	631
4304	5603
6978	7135
3283	619
7007	3327
8692	4247
9563	9044
7755	9324
8385	180
1901	6143
7069	595
6262	7300
107	8405
314	3805
3140	3119
5144	9380
9889	3360
5645	6790
8277	3316
9673	6163
8969	6588
874	9257
7092	6988
6968	5737
1813	9071
9773	2843
6790	2560
5793	8410
5049	2106
4836	856
9826	5183
6942	4183
1500	1946
2279	2156
4370	4340
4914	6715
498	8205
3768	1655
7935	4874
9272	80
3942	3314
8989	1873
7881	311
8864	3612
5989	1296
2995	219
1766	1296
676	4265
1447	7822
3915	9348
9636	3626
9462	3901
895	6677
1074	6989
5608	1494
9286	5285
1222	9124
4516	6971
7010	5737
2812	712
2982	7968
2485	6312
