500	593587
1444	1653
456	3402
2910	9455
5353	7427
6343	7973
610	7641
288	2
1302	7315
6021	2924
2061	3946
4227	8704
3985	2272
2835	938
8470	1170
1663	1862
1426	3824
7464	8313
985	4767
1353	3146
6754	3471
2696	8378
4550	1686
1759	62
189	1269
937	5569
6540	1380
6393	5067
9577	9815
3343	5447
8219	3259
4847	3930
6183	7686
8537	1978
9051	1138
5484	4571
7713	7297
5299	5658
8866	9721
2515	7623
7648	6134
8267	9079
7039	9702
1158	8194
42	1592
742	8543
4345	4782
5081	6791
6802	4655
3187	5156
4644	7497
8594	5580
3348	5187
6893	1254
7791	1545
2232	2707
6960	7444
3934	7069
4970	658
253	3578
4932	1481
2213	8586
5279	2558
3980	2727
9672	2476
491	2447
325	5054
2400	5324
9327	7776
6110	4905
7832	8758
9172	61
6805	7293
6396	3172
5836	6576
6981	2224
1697	9262
7014	4526
6725	5990
7366	4239
8520	4418
4997	9977
4181	3319
3668	7882
4497	2057
526	1900
5732	8066
4071	960
4623	2618
3358	9249
498	2526
7958	9190
1553	2447
1551	9588
2597	7954
2623	4893
5464	2338
2654	5648
4008	443
1012	7412
7288	7261
3381	6988
4619	4102
6262	4165
3484	211
1644	4107
3525	3032
1214	8316
9312	9204
6921	1869
8448	1734
6064	4289
1890	7909
2480	1789
7520	8021
1447	2590
45	897
9993	5549
8739	5307
4762	3901
4769	8351
6654	5915
4740	409
8298	9202
4522	5949
1573	1162
7290	169
2978	8553
4030	1131
8924	5878
9558	5513
3328	4320
3725	2052
662	7057
1457	1253
9126	8710
2925	525
5486	3021
8596	8898
962	1175
3593	4660
4042	3898
7855	9860
988	8031
5825	2417
1419	8304
562	6623
8769	911
2723	3250
3474	3181
9418	5883
5335	895
7301	1529
2997	3958
9513	4224
9279	5836
5755	1919
3968	4079
2052	3112
7972	3606
3581	7933
4148	2072
8898	3399
1492	9648
9268	5656
1176	2301
3276	5061
4389	5200
4271	9755
2125	2796
8565	3612
9070	5673
3065	9120
3203	3644
6196	910
289	3957
7253	1854
8970	7859
842	5428
5647	574
7175	1068
1246	6837
6530	7297
6983	6997
5354	4928
5790	2468
880	7377
7474	2372
4808	4683
8824	9273
6298	4861
8262	2056
8158	2395
3671	6395
4127	6562
9318	3382
4884	3640
17	3561
9715	4095
8346	5384
6361	8670
6060	4234
511	2221
3014	3176
1631	920
3443	4045
2911	9965
2179	5159
1963	6831
3062	1042
7305	5514
1937	8231
7083	7684
9298	6417
2824	5268
9824	9844
5821	2303
1823	9838
7422	1078
6241	2599
4308	2180
1434	9990
1585	1571
8166	5127
4363	3350
4183	9479
4688	2057
6434	36
772	7388
4799	6358
8261	1475
2536	3297
6489	7814
6009	9388
6897	6348
739	6265
1499	7857
1497	8683
944	6248
3432	8042
8958	479
340	49
1658	7391
9203	5420
4003	3840
5796	5334
6937	7692
2487	603
6910	8131
9852	3484
7014	9306
8128	299
7631	8092
3822	1461
7542	6814
5411	4653
843	4144
2182	3368
5603	5803
5624	3063
2917	1195
6236	3927
5513	6259
1622	4524
1044	7062
7841	1235
5716	9571
6925	2571
216	7214
4726	4983
7714	5308
3900	5778
7674	1762
2910	279
989	9276
4014	5560
1804	164
2180	4856
7938	3503
2857	9569
3619	177
8644	1338
3670	5456
5493	3983
6864	9681
7114	7508
2101	2497
5344	3400
2125	797
6301	8821
2204	1435
8690	8926
9768	2869
2118	2819
1885	475
1291	6543
2409	9250
1373	7110
8417	8169
5749	7509
1956	1123
2285	4635
9891	8110
7767	5372
8986	366
6486	7181
7814	4826
1443	696
746	2627
3152	1892
1220	212
8098	5289
128	5257
281	7824
2063	6993
6157	4348
9616	4734
8884	3805
9695	5389
6711	2492
6318	9207
3462	6152
1869	2443
4950	7896
7987	5370
1373	2061
5610	2606
7012	1614
7712	7144
6019	863
3254	137
7544	808
8713	5033
6558	2316
4877	7288
8616	7323
8239	795
2565	7853
2512	5265
9592	4333
8786	2367
6984	1807
9481	9698
137	7359
6259	613
9692	1987
3595	5526
2770	5724
8558	9332
7300	267
1100	6789
5764	963
5212	9317
9430	7200
4395	9768
355	4139
9423	3056
9814	1127
4161	1612
7093	1717
212	6648
2960	1818
6115	7863
5868	6140
2286	7896
3354	4709
9078	5435
2348	5956
4972	7072
8574	2714
7393	3480
5737	5503
4569	463
3047	1590
9802	228
9139	7847
639	4304
5039	1697
1199	2120
5427	1271
4131	9342
5714	3603
3054	973
2759	7915
9081	7987
1098	9397
4688	2916
4808	1039
2196	2020
4813	7265
5989	1790
4554	4346
7244	6269
1313	7257
8892	2517
8598	1646
7213	9226
7857	1727
1174	9338
4220	8916
7323	9954
9354	5168
8127	605
2342	735
2518	8276
2900	8692
2791	5020
8028	1778
7447	1233
8576	1184
6740	374
7826	2424
3198	6303
6655	5694
227	5482
4360	8977
1204	2715
224	2205
468	3176
3679	7222
9674	7152
876	5672
4135	4833
1958	6946
2389	7037
2364	5133
1193	2800
5110	8462
9579	1516
1612	4461
7853	6344
9672	791
3456	2525
9794	222
3590	9977
4016	8994
5740	3026
1275	2726
1557	2462
8172	2971
7792	6786
5837	8640
5269	4145
6046	8628
5026	2500
4047	2280
3639	1571
3948	776
6318	260
2193	3665
1454	8655
1412	3876
7957	1200
4181	5252
7010	374
5622	4210
4669	7957
2471	1103
349	6979
526	5952
1770	5702
3571	8312
2056	4756
7590	7648
3679	7781
608	108
6466	2803
3785	6209
2188	4096
7330	4750
7739	7887
5274	8228
4514	6455
9300	7040
9751	1145
345	2175
5745	8104
9426	5878
8945	2883
5500	1241
8748	4256
8840	4314
9097	5086
3923	8007
7926	8126
3326	250
181	5749
633	5317
5134	53
1471	6020
990	5798
906	3071
7034	1608
677	8139
8628	8424
4783	8939
1926	2135
8731	6327
5367	5113
4533	8681
8942	2644
