500	620338
352	5239
194	4853
6904	6145
7060	1402
7956	8629
1802	3928
6341	3093
9601	4096
9330	8387
2882	6014
1612	243
4982	8626
2819	7354
9863	3616
3561	3357
3285	5317
6635	6229
398	2285
4792	2232
3179	9289
326	2507
1342	8496
2794	3119
2521	7149
9504	6161
883	5732
6106	2415
6454	3871
1000	3493
9171	5404
4134	6920
9720	1712
7959	3396
2265	2373
536	5300
3015	6079
8750	4960
8037	1291
3459	2249
8843	4672
2255	4580
394	3589
7689	7292
1400	4303
8257	3630
1204	1278
6813	9123
2200	983
3274	4126
2089	5140
4001	6417
748	1349
7521	6477
729	2526
8781	273
1065	1365
1749	9422
2526	2715
8854	8684
9856	8970
6158	8119
922	4824
8849	8940
9465	585
7070	1441
698	1081
8628	8200
6807	694
3315	9590
8869	2695
5012	7550
6742	6862
932	2437
5716	7878
3222	242
3313	9382
9481	7794
7020	9011
466	5637
5944	4149
5513	5500
2800	3577
9758	9807
1361	2616
2354	677
7827	9378
7197	2610
8225	9239
5044	4663
647	6658
3286	7865
2581	5931
6372	2766
2983	3195
2818	2568
2160	2722
6254	3583
1085	2752
7085	4988
1248	5327
6655	8427
992	2883
3390	8088
6443	3850
7257	342
5455	6386
7750	1444
1275	6901
1547	7287
5099	200
852	5172
6719	4229
2462	152
9568	9034
328	6077
6208	4914
8527	8837
6030	2368
9985	4642
8552	2403
557	8122
1650	1688
9143	6888
229	6308
3004	8898
9700	3778
6152	1071
3436	4230
6477	5233
4196	9675
477	8848
3901	1393
7158	4404
8184	9089
1817	5459
3920	5655
2712	8179
194	1440
6926	9907
3956	141
9537	2836
9301	5893
7485	8765
6918	1914
7709	4533
5144	1610
9744	9156
3235	8422
8908	3827
2062	3788
8433	5909
3121	7461
5858	4540
1250	8299
8849	6886
3453	7970
6545	6583
4609	9672
5702	7676
8861	9917
3876	275
5197	3268
3897	6960
68	7148
9206	4081
7865	5449
6030	5289
9074	4519
8210	3257
7525	5784
2843	4685
5202	3608
6067	4675
9852	2600
3860	8345
5649	1292
7758	2328
356	4197
1610	4118
6807	982
1240	1399
9974	7927
2978	7199
225	6917
4150	6213
6679	6045
8685	5229
4960	3652
6762	92
7459	2091
6528	9556
1306	3776
9747	1159
420	4048
1452	2331
7777	9883
196	9089
3542	4446
2955	3719
1888	5645
4169	6316
8719	1210
2071	6548
3984	9462
6719	1631
4789	3780
8848	9411
164	3206
3235	3226
7569	383
6718	5377
133	6078
7681	3360
212	8229
7084	4613
3230	2434
5717	7041
3975	6133
9781	1097
1762	9716
8532	937
364	5336
2946	7935
4138	5703
5828	6874
593	8942
1255	2976
4354	6754
8782	566
2603	1089
2975	456
6835	2496
4880	140
7282	7461
3858	6717
2729	6213
1233	2108
5725	1819
4919	52
810	9461
5367	2940
66	1677
9052	3428
905	3362
8805	2190
7554	4939
1733	2822
6947	1797
2578	462
290	1726
3326	1270
5749	6634
8071	6950
1664	3392
950	1130
6350	533
6765	8956
5742	4142
9719	8993
1982	1024
745	3934
8769	7834
1583	4339
8409	3410
5495	9228
4296	2578
180	3991
1686	376
9360	7666
646	7283
1573	1376
4267	5242
8775	9087
6243	1359
9442	4057
1024	4064
2575	8962
2284	8299
6250	7968
2010	5028
1151	7290
1046	3648
7786	3073
7267	4552
2799	6005
4426	1907
4892	6664
8599	4275
9909	2132
2434	1248
9277	5374
7616	556
1766	9881
3993	8640
3575	5671
9769	4756
6857	9223
1062	8771
8158	4160
1178	127
5283	9193
6812	1457
9016	4725
7379	1865
341	167
1525	2180
1001	8741
7252	9286
2366	1340
4695	6863
6468	7630
4329	6669
996	5729
8793	1366
4805	3407
7000	3256
600	5064
8183	5124
7691	2354
9176	8868
9871	7615
979	4389
6057	9012
1676	997
5323	9487
2258	758
9590	9235
4201	609
4485	6793
5962	5511
5128	5282
8054	7979
1988	2899
2930	1982
8773	4076
7748	4003
4254	4326
4195	6613
9015	3491
1802	5610
8946	6362
3108	6458
2118	7195
8651	9654
8567	9505
1267	9961
5825	4231
1962	4820
1267	5437
9379	4010
6227	6415
5383	4081
1152	3194
8414	7660
6033	796
422	1755
7955	8536
6621	9696
9760	1061
9507	4711
2269	3755
8015	1240
4401	8295
7373	9839
6093	1065
257	1280
5365	2729
7655	8364
9426	6867
1051	2132
4897	3981
6981	1047
3422	6745
5692	9777
5850	5264
3919	4386
6113	9031
5367	3041
1183	5303
6561	4845
1457	8041
2902	3980
4219	3891
7141	2369
2422	6444
1204	9978
3118	2080
314	5770
5960	5461
1827	4205
4064	4128
1837	3130
8413	9629
6912	9907
5110	6958
2628	5379
4876	8250
5015	148
2997	6327
4265	1371
6138	8031
1221	6809
8719	9400
9945	5232
2424	1528
649	7166
3372	7842
9279	9291
2891	8583
4981	4046
8055	5752
7049	9339
7408	8552
5984	2243
8778	7525
8341	4548
5754	4739
799	8049
8197	8578
9299	7149
9640	8782
1131	9905
1882	2337
7938	6584
2484	8979
1157	220
3379	3628
1679	4658
942	2700
1905	8649
6839	3916
2151	5052
9137	740
4052	255
8820	1838
8342	7263
4157	1870
5352	5966
3262	6455
2009	4190
3438	1448
6490	3462
6206	4466
7768	9143
5991	9465
4651	3381
2849	4596
3545	7452
2002	6164
6844	4798
5828	9911
3334	3320
9668	6570
9336	9415
207	8397
9259	1443
2144	5858
3298	520
7049	6482
2987	92
1404	6158
3104	8445
8799	6067
199	1307
5853	4147
6369	7612
8934	6618
6776	9985
1674	1344
2801	9117
2324	3365
2807	5162
226	8991
9208	9316
6442	2631
8037	5827
9911	2472
2714	1242
627	2075
7158	8940
5248	927
7893	1303
9355	3051
3259	206
6986	3132
5818	1451
9411	906
8402	4778
8284	1849
1533	7653
4419	6089
6191	1420
1032	6360
6689	1298
4852	600
7202	5482
7893	7607
9806	8778
4957	834
2827	2046
