500	1989564
9325	4658
7285	664
3873	5224
7490	9721
2935	1682
3344	9612
7702	9300
711	1600
872	657
8268	3554
8463	6522
1203	3110
7009	2662
1345	7898
1977	632
4019	7235
8821	5014
852	9435
9259	2160
9549	7282
8919	9168
3266	4380
8327	6502
5699	2246
6850	6085
2796	554
8097	9216
8365	6578
9950	6467
8211	6734
7292	9463
4317	6977
6441	4864
3380	8409
5130	3951
421	7286
8672	5366
8522	3461
3780	1912
6768	6987
4034	4054
2175	6841
7946	7329
824	3776
9450	8492
6144	8006
8764	5069
5347	3218
9755	5660
6081	3432
2732	6656
2622	8745
4205	6244
7177	9330
2414	6233
191	931
2722	7962
2714	7383
2519	4705
6691	2983
7262	3794
9214	6523
5100	7467
9695	5443
1421	2326
4447	3143
9706	7593
156	7238
3560	2296
5131	3989
7291	1937
1992	5268
9218	1439
9740	2900
506	9463
9904	9862
6971	7443
7143	9747
4344	6184
2161	1295
5446	6272
3223	7682
968	5253
825	3486
7686	518
9118	3661
3912	2489
3797	781
8942	6147
6052	5809
4762	7378
6807	7119
8949	6478
3653	3642
1259	6127
9084	7521
2287	6488
2689	8686
8408	2548
2590	7438
8238	6522
3875	9001
7848	4759
3225	9798
2342	8933
3034	6030
7484	688
3835	9191
7283	7140
4901	8692
8109	2127
7507	2031
6357	3368
1803	1430
8720	8907
4271	3848
3843	1200
908	894
6005	2576
4616	6073
7332	1646
7998	8856
7848	77
2806	7313
451	6614
1272	5238
3473	3692
560	1424
2033	7597
708	567
6540	8486
7500	9392
4712	4983
8828	4255
7876	7114
9700	2855
9562	4895
2269	4965
4831	4499
1528	7263
4881	5296
8942	731
1095	9775
4303	4865
9263	2962
3362	8924
3921	6815
1943	3861
8020	6449
2903	9176
7928	2707
2558	803
8042	2776
1794	8758
5198	454
2136	8580
5126	8214
1551	7271
3512	3981
4422	3091
4277	2608
4038	5246
3581	4939
671	9770
3095	7699
9063	4162
4909	5587
5527	9556
2302	1458
6936	5117
8442	6762
4636	1170
4113	6823
7588	4687
6845	2138
8510	3993
9243	2588
6510	2297
6398	4515
3912	7033
4004	1038
878	4564
824	1851
4702	7542
7136	8576
9750	7245
5768	3275
6760	2585
8498	7271
6543	3586
975	8546
3172	4624
5087	6250
3909	8124
4515	3829
5449	5809
8239	319
9981	4479
4434	8803
7226	1728
5276	624
2015	1804
1923	3826
8929	3671
8852	4097
372	1934
7852	1453
1937	2853
2239	3981
537	7933
6951	871
3149	6513
7232	7593
1088	2868
8878	1822
1755	9325
6067	9180
5045	8389
8382	8290
1620	5320
9367	7619
7952	1305
876	8400
1430	8408
4983	4271
8547	9796
3911	2839
2533	2805
6895	7589
4619	1443
7875	2137
9737	8430
9726	3346
1574	8993
720	9886
5816	6285
51	1333
3443	7562
9340	7801
2300	5970
2767	576
5788	3549
1829	8971
687	8919
9191	8576
9244	2704
7442	8292
5993	2130
3885	8715
487	9755
6273	4415
1494	436
2880	4380
3422	4679
7537	4616
8329	3150
4629	5433
9319	9747
7576	2314
1810	7672
116	6454
9831	1978
7168	6425
2338	4234
3320	1946
864	1740
289	1218
2452	991
377	5175
5040	4684
5702	6511
4810	5182
1821	27
6792	7289
9607	2555
9693	4215
497	4021
8620	6827
7663	9608
8568	384
4961	8018
5805	3459
2049	3440
270	7861
7428	2478
5954	7024
3843	7286
741	6228
4632	2858
7363	8899
1512	1021
1945	9903
5284	3722
3784	2280
5927	7701
6637	5898
3880	9745
2409	8091
5424	9519
2537	5287
383	7291
1250	6990
146	1559
8757	7731
2484	8902
8863	9092
5348	9635
1976	1338
2182	9825
9238	9075
2246	7377
6060	8799
5960	5306
606	9503
7603	8329
8399	5982
9216	7885
9690	6177
2936	8013
5841	6688
4022	6820
1955	6674
8061	3007
8839	1680
6431	6511
908	3912
6447	28
361	5901
6856	9726
1608	388
6917	4458
9545	6218
5763	1014
9800	8950
9886	2532
7092	3900
3191	3945
8720	7675
1097	7898
1066	7311
1499	6659
9577	1665
5829	2752
5279	2141
6227	1811
634	9599
1668	7898
7151	7900
8249	4098
92	6900
1103	7490
6684	426
5070	1515
4901	9116
5970	724
9400	7307
7804	5986
8297	314
3331	8524
8977	4377
9986	3272
6454	409
8901	5921
6517	1762
5593	4502
3727	4713
151	4316
450	5246
3849	7279
1435	239
8217	5681
7739	2255
806	2486
5881	3289
3253	730
6822	7944
4075	2789
1773	6612
6013	7650
5432	4651
8385	2940
2687	2386
5809	1729
4052	17
5498	4898
6323	6398
889	4836
4642	2447
121	7850
3242	3784
125	5275
9304	5988
7068	1892
2818	4982
5144	9740
1545	7642
5695	6654
8805	5994
5723	2808
7387	6183
7945	7377
350	6297
6664	7329
2364	8971
523	975
9707	7773
377	8557
2800	223
5288	9908
2236	4781
7719	4144
1844	4523
3551	9704
7133	2381
8541	6647
2060	4452
4554	8883
4419	213
70	1363
7557	5848
1182	3228
8544	6577
1565	6206
1369	5111
7952	2502
9505	2550
9358	5490
4771	9604
6642	8612
1888	3985
9536	885
624	3551
5144	4486
88	3435
8532	9478
9443	8144
9302	7694
1064	8687
1663	2341
8852	9411
359	6727
2742	8788
2536	9437
8043	5375
4282	1401
7563	9606
3150	4312
7269	369
9446	7177
2713	7186
9047	3038
5072	7706
1341	1882
2255	9928
1603	4027
1959	3935
5408	6442
1766	4661
178	4832
1161	819
6229	1870
9481	7151
2723	9838
5122	7714
26	5167
8641	9534
2605	2813
7754	4854
9078	947
8186	8445
7070	796
5162	6026
9688	9079
1066	4483
3010	3035
5669	5461
3679	8246
5629	2606
793	9569
183	8953
4719	3573
4916	6403
8569	7837
5901	5106
8818	3320
2016	6849
4833	9990
2247	9182
7808	7377
9795	6600
9354	1767
2105	2574
4411	1306
4152	6588
5713	7345
1717	4655
6004	8897
5782	5390
3715	4912
7979	7539
