500	1895472
1611	4836
3433	3540
554	9306
3962	9122
8123	7799
8653	4899
4061	4179
3995	2883
965	6640
8292	612
4057	4943
8547	2089
8008	3071
1544	7513
1539	3341
1968	3915
8157	8726
597	6717
5881	4772
3253	3082
5808	2089
8107	6296
8334	1525
4340	7238
3618	4652
7483	9707
4293	2953
1665	5794
8061	1758
1905	4385
5849	9051
3516	4438
9180	8740
5259	2536
3927	9937
5073	2600
8883	2798
8078	6067
7262	5905
9643	9275
4218	4577
3247	5154
5795	5687
2949	3220
6925	3296
1397	3676
6511	521
1647	2625
4333	5743
9654	3521
3706	4270
8609	6186
1244	2073
1217	4217
5107	9797
1084	3411
3332	4083
8616	7455
397	3011
2071	130
7874	3499
4249	5253
9398	1232
6983	3054
922	7761
4147	1950
3750	9035
4934	4729
7925	5782
4153	9672
1370	5295
8343	5703
4161	5892
7506	2122
6627	7238
1791	7273
9063	3510
909	4027
1403	8428
6410	7437
3762	6130
3597	1956
6783	755
3160	3547
6078	6656
6694	2186
4574	6297
4458	6381
4646	2108
8896	9874
6950	5486
8412	1614
7718	8515
3295	7376
9323	69
3373	4105
9597	4091
3527	1844
4937	7019
7348	6984
6403	5508
3150	5536
2757	265
7164	8868
4057	5502
9597	9227
4437	3992
1507	7580
200	8501
418	2893
5727	8069
8875	4146
8340	2200
3466	1260
8501	9344
6303	8673
5557	706
9955	6422
9957	9705
6008	2948
6406	1244
9403	8322
5783	3200
2497	7672
8787	259
7416	6207
6870	3700
9116	1987
1855	472
792	44
1610	9473
5683	8769
9653	6738
9832	5815
3400	3264
1554	1337
2508	5145
8503	2254
4757	4869
7809	6629
639	9542
6097	8143
7636	9325
5987	6402
443	147
9246	4952
3878	1700
9726	6462
6094	8599
3927	3697
1149	5994
8729	8794
9335	4053
402	9692
519	1094
2463	4921
3203	5131
1739	7203
9713	7883
5828	4478
646	5496
8935	7483
5189	8500
6250	1795
9819	1761
201	3702
8202	5608
7834	7376
9704	9277
1099	4942
5098	50
7902	4786
5246	6357
2052	5919
7004	6521
7117	6529
5059	41
9827	7746
9990	3141
3623	8607
2173	7516
6541	3081
8451	7415
5989	8674
4646	3475
6937	850
2627	2508
9516	4087
4454	5409
8876	4985
2949	6098
1031	7449
4431	7295
6790	3656
7305	2
5002	5664
582	4156
8769	4598
7497	2288
4746	3009
4893	4288
9481	6005
6189	1715
200	1425
782	9400
6471	6200
708	6651
6281	3022
7657	2832
9094	3076
3676	1024
4900	6383
3011	6025
4729	2266
7201	526
57	3476
5938	2074
4827	4969
7235	1927
7070	5329
6435	3577
1190	7423
4660	4604
2102	7394
5551	5340
6419	290
2929	7897
5471	6893
1620	6575
3228	8208
4496	5365
3081	1289
4100	2666
125	6993
5032	3170
8808	1839
4190	3764
3875	3146
2052	829
8644	7777
6939	7736
2098	3392
2797	8027
2371	5950
7297	8904
9208	6670
2857	6763
4490	7343
993	628
657	9673
2666	3300
7984	7413
4883	6377
6194	4981
1652	9617
352	3019
719	6505
1707	8870
866	7201
6215	8357
4604	7554
3802	5630
3260	1713
6054	5413
5866	8684
9376	9115
2236	2862
5276	3627
8906	111
3960	7393
602	9233
263	9729
5342	37
7131	1971
2249	4174
4457	8186
9545	5190
6884	9928
3566	7689
7655	6886
3330	1643
1282	7909
838	8705
4701	6151
5901	7476
3329	7855
3899	5607
2872	9776
327	7966
2676	2877
5992	2135
4551	9081
4644	9265
6998	5754
4198	3182
4176	3330
8932	1004
1263	8585
3828	3223
1869	5212
2860	6068
7752	3687
8037	319
1299	5821
2072	8183
2705	634
4405	4665
8655	9187
3014	3931
6559	1091
9173	8244
727	2714
6394	1615
3358	819
4945	9495
2646	1158
9595	414
7672	1110
244	9541
7544	3051
4001	9991
3844	5170
7512	6801
8680	8635
1371	1421
8391	2541
1789	3100
4696	8055
5200	9831
2612	3897
1623	1657
809	5347
3314	1783
3210	5055
4853	6898
2576	5249
2858	877
3382	8980
7002	6642
887	4112
9890	6821
5889	7080
9282	4952
3351	2609
9137	9966
2374	2991
6262	6042
8461	4881
4113	8836
8971	900
2873	5173
2834	1519
2230	3635
6133	7682
6388	6206
1373	5300
9101	3661
1411	6970
4777	8311
4571	586
8962	8448
9637	1212
1453	4454
7039	1487
5449	2568
721	2310
9755	6055
7230	9177
8075	8983
1453	8602
2806	7798
7346	7112
2521	2599
9591	302
5840	3918
8140	3245
2642	6241
9964	7801
8030	7517
1163	986
4558	6689
4243	9393
9044	6574
1604	9897
6991	7858
7265	9314
7349	4749
5404	4586
1847	9862
3991	6975
6627	7555
4744	2970
5112	5886
9174	597
9897	2005
3613	8041
6438	8352
6380	9699
631	159
5327	552
8843	2620
9411	193
2609	2005
5891	2016
7331	852
963	5435
436	963
7846	9846
5257	4067
6470	4275
4150	2767
1349	8869
792	8826
3380	2968
1690	8057
8362	2572
2996	5264
3366	505
5826	5293
673	5929
2151	4712
492	5747
1927	5728
399	7697
2016	4186
9940	1222
3464	221
2009	3155
9809	2380
4733	7420
5408	9774
1466	4119
4498	1859
9109	5306
5509	5356
1405	3203
1145	8632
6088	8539
4711	1233
9045	4490
407	1675
6457	5069
4280	9282
2376	4430
6109	3214
3567	6266
2329	861
6881	8600
3078	7774
7365	5241
9073	600
4492	364
5057	6537
2794	5657
820	3684
4035	28
5136	6941
2229	1780
191	8729
1376	2211
40	7924
6721	9000
999	9988
6264	835
6169	6237
4662	96
9059	800
6524	6164
5972	629
670	9964
1273	6038
4656	2531
8075	6668
6886	3214
2389	5215
442	2647
6204	6676
531	4409
3347	3699
4743	8491
9594	6807
4039	3362
6253	7012
5429	7738
8970	4800
4372	8750
7320	1760
7583	6251
7276	522
8990	6100
8383	9758
6286	6260
7478	2095
3049	4066
9787	9799
8020	295
9767	2903
891	833
4467	4780
8495	5183
