500	630576
7764	7541
6092	7089
7059	6932
9125	2936
2888	9423
3364	4151
9576	9697
1760	9418
358	497
2614	7885
3968	1923
764	6283
6769	4649
9379	4015
7339	2216
7165	578
8311	8299
2096	7017
6444	6763
4955	823
7972	6784
7869	7156
558	4782
6129	6049
8415	2756
4606	5370
1065	3506
9702	8892
3836	2049
1516	6167
5041	784
2655	7509
3920	4123
7641	7005
8900	1256
8196	2894
4062	6107
280	4897
5808	1037
7632	443
7251	6566
12	9386
5787	9677
894	6249
9314	1731
7451	9390
5617	4663
3418	5460
7694	4369
8893	7256
4827	5210
5992	8252
697	9963
9264	8680
2998	3985
2831	8696
2843	7122
9382	4836
4309	7936
7579	5787
6791	682
7261	8105
4722	2940
118	2936
4060	8510
7117	2442
8787	1705
7738	2076
5577	5972
8960	2353
65	613
2667	9156
897	6347
7796	7991
939	4958
6016	6589
2941	5192
6067	2692
5646	4908
3416	1888
1384	1857
5664	8314
9886	8884
9722	4119
6647	7576
2684	3323
180	3182
9542	796
9303	4907
5692	7633
8269	1951
4292	6581
4499	2297
3003	1337
2862	245
640	8603
3124	3972
9721	89
8128	4950
1068	4729
6333	8324
1735	1722
5180	6710
2052	6707
7627	273
6699	3573
1782	1267
6973	4167
899	8190
4924	8800
2329	3991
9919	2143
3435	6950
2126	5733
4838	135
7119	6241
6708	2435
895	3255
8120	3723
3046	3621
1231	9286
8065	1972
6932	733
921	6726
8860	5338
8195	4534
1647	7877
6356	8675
9212	6310
8532	926
3163	8103
9271	5593
2872	135
2744	5247
5451	2726
1819	1837
6585	1234
3337	4312
750	4515
2583	7873
3659	926
2023	9916
9279	3838
5950	8823
2939	5163
980	8763
2141	3513
270	3796
1879	818
4587	2747
3689	7506
6972	7117
9917	7839
1310	8819
7949	5887
3242	4565
3452	3994
3464	8210
4845	9221
8015	3908
621	3386
4237	7430
8078	3003
229	8633
3410	2962
3028	1709
7241	4267
1850	6046
5444	9622
4483	5958
7974	5488
7444	3014
6221	3204
9526	780
3640	2567
7044	6795
6320	3230
251	1739
2761	2758
8728	3726
3654	9117
2305	5865
8144	2543
1207	9039
7235	3769
2518	7987
9016	8886
6593	3293
7364	9588
4886	3120
5384	1535
266	4442
9405	4035
8911	6780
6770	812
1344	9616
6876	2492
8848	182
5973	4111
7774	5950
2529	2074
9317	2985
9530	8862
235	8973
9246	8418
2943	6084
7798	466
9489	8166
5304	9631
1027	9042
6374	4058
392	4009
3954	760
744	8602
3567	7958
2946	4888
9808	9612
6821	1982
2395	3865
5275	7884
465	4800
5712	1002
4172	5118
9762	4722
1765	4796
2330	7752
1470	6847
9661	4571
4515	2774
4807	265
1336	6150
2398	7656
7003	7891
3196	7164
9304	7994
7634	6776
4444	9457
2900	6689
2060	3112
1909	544
1154	1688
1973	2251
7845	3892
9303	1637
7209	3171
8454	888
5079	4494
9946	6160
5472	9789
3213	2226
1566	3332
8377	3840
4462	6223
6	8487
254	926
1470	4188
488	6674
1932	5895
1186	942
9382	5240
1953	5764
2154	9458
4244	4156
1662	2209
40	1405
1251	6753
6784	3192
2213	4113
5676	1585
1669	365
4873	4284
5118	2679
5885	6908
6051	5379
8634	4818
364	1191
8174	1666
2381	8837
7147	5582
2351	4080
829	7254
4935	8652
3467	7746
1966	5751
4502	3722
7335	5737
3712	6820
8374	1347
9309	2949
4918	4338
5172	9296
6678	2014
9658	1285
4412	7042
244	5744
1926	9140
4279	6835
9920	4073
801	5473
4056	8838
5458	5601
8776	4171
5258	8085
4395	1388
7026	9769
9745	597
3686	7815
235	9638
4494	6809
3130	3899
5853	4344
4856	5235
1846	5315
6165	6884
914	6003
1276	564
4601	2087
4067	8629
5072	1050
4484	3542
7227	1050
3265	6628
6116	7014
8134	4466
3728	9547
7111	5870
7804	4232
2366	1993
2952	505
2847	2311
5053	577
3217	7363
5832	5873
7136	2077
1683	776
5335	4879
51	379
5661	6373
9847	8000
99	5067
2856	5049
4677	3201
4555	2255
4061	3358
8383	7202
1576	3826
8305	9299
1232	1988
9663	1228
5365	5329
402	6602
6209	2870
9035	9138
8496	6867
1770	6469
7716	5241
7766	5936
3350	3633
9852	1479
4617	1286
2446	7221
826	706
4697	4689
1361	2737
3268	7533
6180	4635
9408	287
8586	2631
6703	7624
2888	8411
792	1456
1925	8322
6694	2190
9765	2508
1488	1033
745	7752
6135	9143
5713	4854
2738	2892
8278	6155
9313	9644
7021	9347
2769	5160
4032	1381
8878	8030
6600	7161
5359	3367
4354	2144
2665	9011
2400	734
8273	8652
9635	4165
111	651
5911	1745
1974	8600
8501	4797
5411	2824
2352	3816
180	9869
4097	819
266	6002
5151	2555
5982	4823
8590	4845
8562	6326
6920	9008
56	3211
4045	942
107	3661
6263	4841
1418	4486
5649	2174
2747	4418
9020	3411
2452	7874
1571	9665
6740	8836
7139	8576
1629	7564
6359	4467
2922	35
3637	7113
3357	9936
9115	7182
1410	4275
4594	9414
9815	2162
7795	4843
4788	7534
2144	6510
7438	7195
277	1576
217	5161
7027	6985
5118	7413
783	6103
4246	4179
269	7244
2745	4638
559	5908
7512	7410
4040	1482
3234	7500
3905	460
4255	8201
9558	1407
1237	5714
613	1666
4081	3682
2031	7681
5436	8774
302	4802
843	279
2731	7855
4588	3855
4338	9306
2361	6828
2196	328
5934	8107
6616	814
7892	7251
9231	4740
9073	2009
53	8467
615	9768
725	5619
9577	5259
8951	6096
6139	3042
1697	3978
8680	5102
8855	6778
3218	7022
7125	5190
2463	9512
7626	3207
1720	5238
8221	801
8294	6768
8899	1661
7657	7238
7366	6025
1321	7499
2479	8563
8695	4842
1525	4535
9788	3817
3958	6704
4622	762
2897	5718
7014	3561
5803	2970
3456	6823
3412	5444
2760	9406
1653	9307
8349	4645
4689	9461
5154	8977
5804	8005
