500	2152288
4467	2910
3029	1581
7716	544
7040	1358
8268	8980
4720	7091
2628	7950
1775	6146
1716	2426
3609	7830
3776	106
573	7248
2265	3373
6450	8638
9232	746
402	4790
4111	6324
333	6727
6596	5617
6631	6014
9310	2749
5764	4553
3303	7928
9857	959
4533	6653
3910	5107
1384	655
2836	2793
5012	9156
279	2512
7245	1086
2173	3676
467	8510
6886	1722
4823	9499
4097	847
4978	2092
5140	2398
8261	4514
468	7590
2992	4567
7064	2299
9196	1875
9642	5340
7039	2248
3904	3871
1104	4924
8323	6085
3133	2431
4156	1665
2554	9707
284	5391
4648	3641
1318	6326
6665	7906
2010	6615
745	8270
7895	1034
7789	6224
8754	9268
2641	1586
3786	7703
3370	4020
9769	7212
34	6495
5894	3899
4040	6528
8103	3976
8108	116
9136	9380
7727	5474
6340	5882
6100	8294
5336	476
2006	5035
6981	2306
3817	8394
3958	354
9916	1200
8062	1557
8967	5257
7223	2097
570	5145
9475	1280
1926	7030
7804	527
4463	116
3535	5111
5034	8834
8978	6127
8905	1771
6777	76
2146	6189
6949	2250
2073	4444
260	4798
1077	8471
7559	9346
3249	8714
5118	997
6642	2408
7969	8360
7998	4617
9495	9728
4237	697
9339	3608
1734	596
7584	9801
2163	8730
7654	5348
5853	974
8260	5674
7537	2124
6917	5084
6664	7516
7515	9308
6061	9410
6354	4164
9318	5416
8214	2254
6600	6983
3630	5462
9918	3118
1167	7793
800	8676
7261	1272
5184	1047
7337	3574
8474	1209
211	4963
3252	5189
9496	4737
5849	7166
6696	7862
4387	6602
8248	5978
6931	2661
7179	3216
3096	6701
4055	906
1547	5507
3695	6565
157	8443
1135	3036
3815	3363
6935	9017
4927	2646
7848	9184
9112	9598
2647	1109
7432	799
8577	374
4435	6856
8483	8186
7229	6332
6687	5827
8191	8012
1550	9742
9793	2546
4889	3122
1525	830
920	7435
9865	5332
5441	2131
1177	7239
9000	2072
4007	6801
3832	9706
7174	1606
1940	6303
929	8795
5690	3107
6801	2685
8760	2471
2059	5149
3299	9512
2627	2140
7196	3849
4762	7012
74	54
5766	6118
3391	4465
990	5802
8647	4965
7742	2585
6525	6731
8407	6540
1217	8869
1079	771
7442	8381
8965	6320
8641	7900
7500	7941
683	845
5034	9021
4921	8095
8953	2991
1418	3287
4137	1693
7249	137
6992	2436
5332	9112
7832	8
2170	4415
1241	6699
3731	2423
9759	8053
3613	6395
5402	3744
5853	4977
6043	4200
3715	304
1572	3627
8864	2150
8297	1612
3108	9906
2558	9472
7822	83
9660	4944
4620	3228
7956	3730
9317	3562
6875	3398
3233	5057
3707	507
5662	3716
9712	4056
2989	1010
1781	2382
1893	2551
4458	8876
8903	4163
9026	1133
1829	2688
4986	531
6274	2255
88	4518
1519	9670
2779	7552
4635	255
3797	3369
8425	5668
3054	1414
374	4372
4460	1796
6202	6875
7367	5825
7812	2686
580	7012
3159	4944
8588	1159
7896	9677
7013	812
4162	6375
303	4831
8553	6480
3249	4615
1064	1007
3427	5050
2839	4171
4624	331
5234	1462
9366	9732
8661	5442
3878	2748
9986	6640
7354	4833
3522	3761
2356	1978
6651	1171
7533	6760
9675	6957
4025	3269
9450	9475
736	7073
9798	7098
481	9496
2220	6022
7154	1743
5239	6016
6405	8049
3822	1717
6983	2102
8702	484
8478	2030
3076	5566
5935	8068
5915	8893
8635	1635
7656	2528
4464	397
3130	2046
7428	6089
4218	3504
2226	6462
5926	6151
3291	4632
7264	8685
7452	7060
360	1231
5777	7994
6619	3492
7	1194
7087	3731
3584	9360
4654	2704
5134	8887
4865	5414
619	3558
5148	4971
3220	3530
9222	5255
7685	9084
305	9652
4272	5097
4856	4628
3198	7656
5115	2411
2818	4404
228	3407
6258	7240
7588	7921
9185	7919
5381	9893
852	6416
2423	983
5736	4886
6530	1010
2123	7807
3923	1772
1432	5446
4776	1438
4274	1157
4746	7958
1635	6002
108	8105
4232	9129
7957	3099
1202	436
2528	1865
1869	7731
5929	9507
951	7295
9067	5933
4966	8461
5275	4928
6963	2128
7688	6590
7942	7869
9944	1068
4806	6376
3542	1850
9261	3726
3016	4092
444	122
832	4154
912	8730
319	6079
7991	857
6159	8494
5970	4598
2567	1148
4135	678
413	9256
2836	170
171	7558
174	9707
2222	6633
7979	1856
4378	3328
9643	4822
1377	2206
2555	9039
4179	4982
8639	1527
6348	3633
2135	3247
7099	8788
4943	8264
4297	540
4352	7463
4975	5583
7642	111
5044	2884
5023	6920
5640	5461
3934	4249
8415	1671
9970	909
682	9721
1555	6445
6658	3070
8322	3696
3267	7917
8069	4664
2136	3144
5672	7586
7643	1843
1170	3705
3377	427
1405	423
4640	750
3061	7423
8139	6407
8665	3792
4226	5015
2822	5771
9703	997
5443	6037
6257	4328
7423	5064
9409	7021
6954	7970
76	9219
3615	2356
1134	3118
9300	8131
3673	2264
2074	1953
1749	4232
1660	5519
9245	6230
8969	5061
8844	9879
5433	2212
6147	3653
9866	4909
7668	8411
3178	2263
4873	7243
1079	5817
1833	3468
8421	9971
1666	2101
7100	63
216	7165
2307	4199
6301	7458
5722	5001
3046	7501
1508	9000
1310	8516
9775	852
8042	6773
8620	3611
4517	5230
5803	4597
9172	6581
3588	5487
611	5754
2873	2512
6827	2359
4394	7719
133	6254
645	273
6794	348
113	5073
6372	2603
9214	9910
815	3489
108	908
8686	1171
230	6882
368	9867
963	5091
5309	3245
8680	7526
9921	5985
806	4048
504	9430
5513	2776
8889	7205
6956	2117
3546	5866
8196	7280
7738	5188
3097	9389
7797	8397
9576	3513
4427	8133
2295	6109
2047	2785
6092	7685
3740	6892
7031	2974
8481	8557
3142	636
7594	3556
1359	147
2801	1214
8023	7285
6148	9445
8692	3354
2572	147
710	6763
6271	1017
4241	4707
2102	5888
1679	1186
8750	2076
