500	1305705
871	9727
5899	1926
3330	5740
8137	5862
3810	6614
5870	6731
1530	8421
8286	5039
4652	7614
2608	2194
7903	6869
5407	2252
3506	8945
4762	9477
4288	6414
3077	8657
9492	4497
8743	2030
9628	5352
4450	6473
4278	8884
634	5856
5509	7577
7476	8434
4797	9586
5456	3588
7827	3523
483	5743
2077	1926
1985	4981
7299	8454
3152	6815
7647	9022
5489	8292
4054	1248
4804	4127
803	9368
4448	2089
376	5372
9032	5590
3009	7190
7656	529
3155	6911
1756	664
2877	5560
5591	2715
9433	844
2443	7003
8283	3416
2029	8335
969	7793
4391	8209
5150	5378
2583	5281
9321	4292
5848	1347
1988	1014
2084	7839
7870	919
1497	8668
5832	9823
4504	1853
9921	9559
8933	635
7106	6319
7780	6155
6439	8860
580	8505
8149	3999
5574	5677
2888	975
8321	8634
4203	8889
5985	7087
864	4103
8904	3225
5184	4904
4893	4473
9134	7014
2497	174
8656	2676
1339	7327
9997	9108
588	7139
185	5464
6183	4682
1695	596
351	9898
3092	5787
2024	1357
2321	6570
3028	9167
5843	5404
7011	5970
7425	7245
4443	4987
5360	954
8140	2551
3137	2194
748	6149
2312	3051
7068	6822
643	2217
2399	1504
311	3921
857	490
1785	81
9991	9229
6104	9530
1581	8335
3214	6183
3580	632
2804	7961
1223	1912
2580	9959
9047	9188
8673	1514
1853	9037
3918	5672
2553	6971
4232	7331
4681	9030
5281	2081
1268	6226
5639	2702
9086	8280
1656	3767
41	9471
7975	4770
7320	6573
44	8283
7060	2839
2081	7018
5436	3833
6531	7641
3983	3284
7302	8136
5826	7354
7691	1107
6192	7045
1906	8583
459	2123
4505	4033
914	6636
6071	457
4079	6749
9919	4453
3682	9147
7787	3205
4800	4274
5347	1286
1557	6157
7695	9203
3180	6647
114	963
1088	8437
6541	3322
9918	2080
7936	9073
9569	9980
4869	6692
2227	7524
5488	4392
6975	9290
5756	3675
2430	3580
605	2569
1962	4066
3036	4971
5090	2636
9244	1605
4328	6743
4633	7887
2061	7560
4935	4226
3594	8807
5527	8925
5434	5716
2212	1561
6962	5414
702	1562
6281	1790
9246	7888
7886	7507
416	3263
4510	4641
2442	4796
5301	6727
4207	9625
821	2335
1477	279
8173	2753
3194	9234
5973	3834
7069	6203
9706	2063
1166	6535
4770	7014
8648	4000
634	7347
2194	9749
3789	7771
6475	120
731	947
3384	3053
3601	7236
4784	5120
6611	6645
3448	6543
5660	7737
8024	5759
4708	8167
6337	6164
3157	3885
3478	4554
4698	7077
1949	9968
3390	6428
5091	5090
2411	2101
6079	4036
4020	3830
3502	9511
4494	6030
469	6688
513	15
8802	1535
7453	1714
7105	4970
3474	5414
1496	3823
6033	2852
5929	2086
3631	4410
8090	7502
8568	430
4391	6943
478	1642
9747	1106
7821	3692
8714	8831
8616	4187
4659	8375
1655	948
7679	1222
3687	9435
4143	9025
6829	8073
6314	5564
1451	474
6252	5467
9490	8455
4458	3621
7566	3437
1990	7071
9407	3011
5636	8581
3410	2921
704	1746
2817	1345
9888	8644
2770	6448
9996	7587
5634	7483
9500	2935
3641	5508
365	3092
7737	445
3543	9251
9599	7984
2741	7722
6726	9797
7891	4773
2863	1501
6118	7990
7100	6185
53	5749
2064	6482
7326	2194
9614	2358
2669	5673
6207	5183
8564	9619
3018	3425
7607	1057
7127	6717
2483	3034
3016	4115
4426	7382
3810	873
6921	8996
9172	7064
9526	1119
8164	7700
764	7030
5022	6405
6249	3534
9050	9545
298	9918
7330	8415
1069	6415
9516	3261
4224	512
3907	149
373	9980
7042	8004
3894	1759
6819	6493
8214	426
4681	6340
4651	7935
7342	7140
121	6060
7206	1461
5235	8999
4684	1127
9695	7251
3138	1763
8955	1827
3238	4628
1214	8878
5777	1518
7953	8736
7371	2884
3091	3789
2539	4632
5771	2906
2497	6381
1719	6813
7015	9099
4175	1825
5914	859
2608	1174
8926	6039
9981	8704
821	410
4230	1205
8053	5236
7306	7432
5638	3196
6718	8120
185	7594
2631	2709
5931	8820
4759	4338
7208	2228
6401	5012
1125	7398
4394	9277
5709	5148
7635	4029
6740	4668
6145	2271
970	3931
3179	3259
6328	6260
7294	4493
5349	4783
7950	5968
894	4526
8954	7366
1762	4580
6594	7605
3977	3144
7106	5317
7299	2940
6267	1005
5206	1241
1095	8527
5853	1517
5528	8770
9603	6777
6493	3570
3420	222
2536	4918
4987	3462
8994	1030
1136	3543
4717	5698
9354	7321
5956	7698
1787	5310
9797	8704
6179	1081
5470	7009
3313	7566
8925	8212
4484	4163
7907	2090
7400	5196
4249	6174
4642	6833
3251	5800
1804	7630
1619	8532
7716	2652
7766	2112
4274	102
3681	353
1512	6779
8687	5442
5760	4895
8111	7327
7578	6261
6503	5852
3269	2007
4331	880
7635	6281
1562	7960
3041	6555
5612	5562
4640	8856
4887	2334
413	3364
4263	2966
3247	4933
8896	4746
9133	1603
1523	3065
1633	5251
4180	7908
8420	3729
5031	2642
4277	9226
5043	5837
2578	8940
281	5232
7775	3042
1359	8472
1118	1770
4700	6920
7124	8098
3524	3265
259	2120
8576	5859
3620	3191
1017	5420
372	2610
4347	6551
1056	9372
4824	6786
4607	155
4620	1043
2919	6592
7370	7365
3418	5634
5700	77
5507	4842
1568	9683
8916	3813
3605	5769
8594	2825
5268	1211
5366	8953
6843	2625
9597	2576
7135	2391
7007	7251
1977	7991
4722	6616
4641	7010
5586	7436
4940	8689
9227	9856
6921	6521
8565	7347
9510	7787
2926	143
1922	4704
1639	6754
6037	7183
2019	5915
8462	3354
2614	9623
8072	632
8494	7697
4248	6465
8365	1792
2297	1744
4244	9857
3802	7124
6484	4109
1017	2156
5480	4958
3927	2062
3484	7963
8988	5262
5954	2706
264	7169
8352	8398
9449	962
2176	2786
5536	7735
1139	5246
7223	6574
6423	1917
7146	4254
7332	9307
7263	5470
3886	2183
