500	2321125
3364	3720
5316	2297
7592	6844
3539	5148
8212	467
748	4962
8124	4018
8077	9748
1174	2186
9843	1517
1986	2851
5886	1636
138	2235
6159	323
6225	8630
1208	6220
7627	8979
3782	2037
4721	8799
869	2977
8922	5283
2376	1387
8496	6320
3197	4632
7682	8803
8624	8009
3831	7604
2873	2034
5246	7811
8005	7703
376	3219
3641	5826
8538	559
6298	1657
2418	9516
1473	4920
5463	3621
7675	4984
2448	5217
7517	8066
5739	5615
5091	4924
9076	1597
3303	3174
7151	8175
1210	1124
4813	3305
3058	5465
4658	2766
9951	2715
7546	5390
5908	8699
6262	9766
7352	7700
7115	3502
3164	7574
6168	1986
8116	6741
2963	9501
3518	5409
7318	8594
6716	5241
5143	5004
6779	8851
2778	4858
5962	1280
929	9910
9237	6792
9605	6834
8058	7832
5411	8696
3163	6653
6587	7217
2702	717
8066	3400
8285	7603
1519	2954
9542	7748
3947	7839
6478	9589
6874	294
928	7549
3081	8120
1718	4945
8347	5543
161	7126
629	5816
1096	4741
9184	7279
9969	2078
5265	5010
559	7909
5386	3739
9996	9210
8449	9228
5271	3124
3718	620
5790	7413
8207	5162
4663	8574
806	7871
2812	6709
8382	8633
3784	187
3110	268
785	1577
7863	5387
7267	1088
8019	3915
3888	8977
6695	7863
706	8423
4908	338
2959	2505
2074	2742
7760	5023
2805	9557
1174	4450
5124	3516
1603	9541
4257	8074
8526	9441
6884	5938
5225	1795
4519	9798
3153	1411
6510	6695
2767	4735
5898	7254
1359	9084
3407	2408
3221	741
5426	1601
6960	5315
9046	9637
1725	3821
8104	1673
6613	7306
3598	4534
4038	9034
8769	8433
6842	6993
7852	8398
638	9266
7560	4316
6953	8231
3222	6979
8439	3180
9281	982
2536	2118
8805	8178
9502	3354
1696	6501
8367	6759
8720	8988
4547	3850
6115	6029
8059	2776
1711	5040
5312	9481
4620	2485
614	1325
845	5721
5026	5879
5774	3095
5311	3942
5108	8156
8707	3483
6628	869
1528	1623
2738	6153
19	4783
5688	1230
2456	4137
8413	4957
375	8120
9811	3987
6997	2220
601	4768
7757	1958
4512	7359
2605	4182
129	5857
2047	3865
2156	740
553	8681
9510	8503
5389	6269
8763	4700
9783	9971
6771	6831
277	5398
7498	4710
4356	9683
8924	4827
7413	8819
8066	4749
3282	7833
9329	8441
9326	214
1381	9967
9620	6706
1543	4841
4036	9198
249	1627
8421	6900
6644	6014
3268	3139
5970	5593
1860	227
3256	6283
6809	9191
938	6616
7946	5297
6693	5360
7618	3159
9138	1129
9870	7167
7448	5917
233	6718
4973	2611
5946	159
7163	7948
3307	6017
1099	229
3476	4428
1146	1885
8363	6379
8070	1452
1836	4899
157	1398
9645	6304
1291	6740
4756	8794
4831	1874
4450	8775
6742	5967
5017	402
450	8851
1819	3001
5182	6867
5651	5304
3624	6232
6219	3798
4496	7737
7011	5518
8495	9625
6780	5401
4706	2132
8698	929
4622	8709
2696	4440
8911	2188
3825	3197
4673	679
5998	7125
5401	9456
574	5422
6401	2059
2454	5716
2981	1297
2771	8776
3430	1440
3852	7945
698	236
7465	2810
6223	9998
684	4159
7217	3063
7472	664
3382	187
8894	7015
5117	3077
7178	6660
1697	5355
2213	4788
8744	7311
6332	2869
3474	8408
207	8885
5782	2896
2208	6379
3496	3614
9859	8671
3051	6788
9726	260
7428	1495
7360	5788
7605	2800
3278	1936
5131	6310
6618	3913
5691	3148
7899	8734
7651	5317
6768	4586
2103	7432
204	385
6169	956
7791	4631
7241	8601
5353	7704
2687	3602
4727	5078
3582	355
8908	6575
5262	9320
8245	2984
8465	1279
6230	4917
6929	53
7978	637
8387	5128
7643	4046
7650	4110
3199	8835
6726	4169
9964	1543
857	4918
5006	9211
1221	5143
7738	6922
9548	7328
4391	534
3301	3431
9399	1045
1293	3828
8724	4950
4277	8918
9004	3866
2547	1593
2295	3061
5885	1857
7305	8361
4569	8334
3096	3669
5455	5557
6779	6913
6355	8300
5070	7810
9030	4748
7253	6247
8546	2313
2880	6024
8847	9886
5097	344
8904	8201
5650	7560
8101	8709
5079	8287
7311	6337
4960	6614
7069	950
6247	9366
2014	3434
4971	7756
261	688
6210	6561
3067	7152
6109	7048
8188	7447
1470	152
9155	7422
3064	626
3581	3592
7543	3065
4243	346
5025	4041
6095	3543
7264	4105
2682	1270
9052	6412
3513	1784
2301	6412
2422	2395
7810	7682
6721	5363
8811	4301
5715	9477
42	2648
7012	678
7355	9375
6094	7934
9062	914
1821	1518
5453	5798
2135	1772
4501	1131
6698	6936
7979	9316
3279	2839
2638	8816
7535	1845
4800	9890
4676	7331
2756	6611
835	3567
3209	9481
268	2685
3532	5975
6247	6179
6632	935
3310	6728
2001	173
7725	9595
4870	9080
7488	8105
2308	470
7516	7414
9740	7721
2622	4148
8904	5166
461	1344
2513	7173
886	1824
8113	1418
6006	840
474	2565
9072	5354
9461	1776
9931	7255
6317	8708
6944	9689
3453	7192
9827	5537
8058	8661
2971	2892
4361	5763
4276	6819
9172	287
7524	2580
5978	5255
9534	1672
5956	2548
8876	4405
3125	5648
857	3989
5599	6549
1130	6868
8802	1667
4615	5473
2258	4604
1062	7120
7408	5810
9121	5595
6554	4526
6267	8474
5056	6462
3281	6252
6009	2588
1707	3598
6804	3957
2250	4313
5362	4587
2860	2152
4384	2760
4226	47
6332	1941
4445	5996
8450	482
7978	9047
8326	2992
8835	1635
3342	6782
516	6399
5425	3634
6851	6681
3376	8964
9524	9066
839	7906
3873	5483
4889	7882
5486	5883
7562	8188
6392	5880
1168	5316
9111	8743
3509	7070
2624	9932
8620	6592
4585	3326
3053	7478
8459	3761
23	3395
9563	9047
408	5751
4357	1444
2920	6400
4783	9618
3928	8103
6062	7207
5974	7199
9576	5624
5372	876
1964	9221
6267	8817
2086	2280
8294	5508
6935	4574
8909	6487
