500	252752
4705	5070
1119	4223
1865	5253
7474	1360
3907	2703
3524	3511
272	5647
8799	4121
6773	5116
6345	5741
2996	1519
1087	4243
8323	4512
2885	5649
84	3658
5559	4825
3788	3784
9684	323
3525	4409
1170	7396
593	5282
4065	2195
6840	8342
4635	802
5676	5535
5407	5185
5479	8705
7396	8240
1301	3181
6715	168
1142	3813
3891	4952
2925	4766
2205	3004
3735	4453
2114	9245
2403	8604
7219	5458
2802	6342
6121	8226
1275	1896
1185	5350
2489	1946
7428	3495
4335	8758
655	6709
487	4186
1059	1390
7177	2977
4083	5924
9618	8481
801	3369
7116	1393
2024	5109
2393	2926
4730	4966
2124	2035
8139	9775
9644	4673
5155	7106
5618	8423
6168	3842
6703	7404
4149	7188
6049	1195
672	9583
1614	6026
481	1683
1728	739
3808	8533
7511	79
1700	8290
6061	3472
6191	1790
1995	8550
7773	4331
8355	538
6198	2079
2780	1190
3425	2405
2839	2849
991	9453
8930	7927
1575	9445
3417	979
7772	7766
8569	300
651	6836
2035	9935
5575	4924
9381	6447
671	6805
4540	6971
2287	5996
1783	3306
7100	5291
4742	6437
5257	3002
7805	9307
1732	9417
7506	1326
7894	91
4472	9098
778	6255
60	8595
3627	7696
6128	8612
7826	1678
3797	1066
1662	135
2317	2825
7993	7314
3485	3241
7932	3979
64	9570
2121	5042
6194	4385
3982	7626
6892	7407
3060	7386
2852	492
5307	9432
9954	6448
7908	9670
8573	4943
8052	4724
892	9009
6319	7821
6412	8533
7347	2650
5755	363
5762	9432
7656	9276
1520	2843
7632	5439
5501	9177
5009	8398
6002	1410
1332	6880
6709	5563
5547	2935
6954	790
3633	5574
7720	8073
6862	8967
8604	135
5230	7252
8348	491
3247	911
9599	7261
9436	2299
9965	4355
321	7003
1914	8665
1735	212
8179	2496
3196	8056
2085	8043
7403	2055
3643	8680
3029	8469
4203	9263
4167	4535
4469	4678
9224	188
2915	2138
52	816
6771	1572
780	1378
7388	818
3072	1975
7226	9644
2634	1819
1167	8049
8681	8165
9262	9184
3093	2131
4472	9172
8790	4417
7646	2308
3402	2912
8768	2505
3855	5272
6214	5181
9003	1357
2711	4491
7187	9123
865	8864
8473	9326
9227	911
6559	3006
8824	2961
8400	6984
3212	2422
1668	6869
5472	7874
8060	2045
8743	9593
3864	9526
5875	827
1699	5558
3130	3892
4889	5151
3015	7564
6630	9351
1207	8138
5858	9436
5979	2047
8024	8681
6181	5776
9917	6859
7526	7585
8273	5024
7726	1903
2958	8432
1978	8521
4969	6267
9405	6513
8257	6886
4370	1074
4123	7648
5245	6387
7161	4075
8706	7925
4155	8875
6646	4017
4995	7586
4300	1173
7533	7092
7002	7987
2035	5899
61	7664
1820	3750
6346	1132
2262	3496
6251	6399
1349	57
9988	6554
3934	7913
1720	5830
8841	6478
8382	4493
1720	3855
9921	6552
9499	7173
9588	4791
7097	2280
277	8880
8475	1157
5372	2617
9231	7039
318	6671
3528	6778
7209	3038
9145	8154
8658	4013
9697	5311
6459	6179
5138	9326
4256	69
3587	9719
4857	5712
5038	5385
1602	3910
4026	7645
2984	7015
9726	9542
6824	3490
6134	9851
1474	776
1048	5680
7414	3836
1178	7385
6800	1006
5155	3979
660	8245
8102	1812
2793	1501
8169	5061
485	6423
4701	5042
1402	8978
3055	5758
9865	5738
8754	2142
5868	8309
2802	5106
2408	848
2492	1555
7323	597
4360	3404
6574	1063
1585	9684
6632	6441
2825	9860
7993	4569
928	665
809	3233
5486	6805
3184	8182
2981	9739
262	717
6514	3344
1961	5958
7395	3696
5042	9220
5952	1852
5560	50
8074	8048
7282	4708
3110	765
40	6979
3621	5607
2817	824
6995	9246
6379	8020
363	2119
7634	9353
2629	977
9113	5538
2901	680
6585	7404
4311	7605
149	7623
2734	98
9658	2388
3527	7260
6265	2165
3289	5873
2547	1428
8767	8782
6271	2975
8996	4245
5132	3944
7129	1487
8724	4500
5711	9359
4705	6289
5986	1631
8764	9183
8403	1432
9956	8125
5053	2374
7652	8789
4764	9492
5687	8028
5478	9175
1277	9364
15	7922
9568	9902
5690	5396
8260	7695
5144	6360
1784	9375
3159	1112
8986	483
5553	6597
7120	2706
1881	2221
5995	6152
2715	9912
8002	218
9167	3495
4200	1409
772	2343
3722	6811
3167	6358
4014	8556
2599	9157
372	9020
1934	225
2114	4737
8034	607
511	7775
647	8222
3810	2161
6276	1150
3091	3027
3467	4157
6803	9687
3176	8385
8825	7757
4280	2328
8711	3167
8923	3798
5047	4784
3261	4079
1348	6246
9792	8556
8845	1999
6847	2787
3037	7147
4013	7548
8338	5551
9044	1406
8376	8272
9688	2531
5507	2756
1725	7367
6993	5556
6711	3000
6283	7896
4820	6684
1315	5395
2267	8170
6917	9190
6585	3697
7559	170
5200	701
691	7028
1115	2726
9869	71
4179	8813
4906	1367
1711	1256
8428	2801
8618	128
3212	7451
6611	7253
223	3023
200	4259
4714	576
6440	7690
1553	1917
7736	8979
1989	1227
2699	3671
4078	7696
3233	258
9594	3628
1881	3435
5306	901
2563	5939
1790	4746
919	6629
7852	5894
4210	8956
8028	4035
2753	894
691	3232
8889	1346
743	2535
2812	4358
9281	5259
2934	3753
1769	290
1547	9778
4968	2745
3399	7400
2839	4047
4481	6546
439	216
6485	5770
4961	7040
4790	4196
5271	5559
3204	8920
3768	249
9297	1041
8255	9244
7834	2933
7116	1411
8594	3433
1917	7170
326	4148
8721	6631
1763	9204
2117	8760
7909	1705
615	3038
5027	3047
279	7423
5907	8738
8139	9972
5348	5687
5146	1157
9281	4449
8378	581
6982	4071
6504	1371
5967	9631
8146	6660
5240	683
6222	4438
4840	5401
3558	6674
3427	9703
8704	3423
9538	8062
827	6684
4742	6559
7403	2461
4803	3128
7936	6893
7344	4035
7657	2734
1077	2444
4093	9976
5163	2704
9605	670
