500	658868
2949	4448
8546	3119
5042	6724
7054	5338
2479	2852
2662	985
1450	4606
9955	1134
8157	360
396	6495
700	1431
8167	7014
551	8816
8104	105
5403	9130
5695	1482
9545	6118
1655	7748
422	8754
5593	2398
612	6819
1827	3369
2824	725
8458	1316
9511	5792
7894	948
9650	1933
7145	3180
9605	3605
273	6300
3680	9578
4688	9937
5232	9294
5183	1730
5185	5655
159	8062
7409	9169
1736	3353
910	6794
380	476
9865	9380
4989	8957
717	2722
2279	8177
9270	7663
577	6134
606	8109
364	5815
9306	4258
7131	3873
6063	2166
1209	3253
3250	8378
3045	8204
8713	9559
8891	4233
2502	4221
6504	8059
6644	5069
1867	3845
2574	795
186	7068
419	1454
2123	731
1041	9011
6240	1272
7086	7267
1756	1157
9564	1077
1766	5061
7144	1770
5508	831
5641	9583
5902	6415
5876	4246
6024	3096
6942	4518
3480	4004
7354	8740
5949	1212
2718	934
8266	7291
91	1427
3835	8001
5852	9536
4223	3274
6902	5393
3637	8736
474	301
3694	8535
839	5276
445	4163
846	9807
1312	2818
1114	2635
9883	5947
7708	2506
3362	1163
1446	6994
6651	3235
5787	9052
7471	2228
7408	3941
2996	9609
4687	106
7324	9033
7789	4389
9618	2357
6727	7396
6411	7549
6802	4862
9167	9349
6700	3649
8597	2278
4475	6621
5404	1162
1984	4748
989	7465
6298	9086
9797	2023
4158	4470
4931	8739
2771	1264
9085	6621
1767	1519
2203	1795
5888	2915
5959	4782
8678	171
9770	3575
7519	2130
4698	7939
7748	6162
1018	6248
14	5960
7859	3917
9881	3939
2983	6016
6949	1050
5524	6301
3087	6175
1434	954
8303	9641
889	2041
9674	7541
8206	9386
6317	3228
234	6812
4792	5122
6335	3436
8973	3788
52	1980
808	1224
3870	8023
2223	9341
9409	5871
8727	8923
8879	8788
296	2734
6057	6252
5203	9826
1762	3463
3759	6363
6952	7362
18	9591
6194	7078
938	160
6798	1964
2262	748
3815	4589
9617	6670
4192	5293
1669	3859
5722	8133
2	3287
1915	2842
1798	9217
732	3771
4570	6161
7893	6839
2706	6376
9792	212
3805	5550
8772	3316
8012	2901
1269	7190
2141	7426
4093	9926
6506	5016
6619	4699
6980	6414
9111	5624
4892	761
7126	950
7120	9404
4585	9202
909	3781
2139	6097
4366	722
5744	6563
1040	192
6664	4863
7250	9297
1430	5081
1689	726
392	6801
1056	7861
5523	4058
3460	4602
7138	2293
3079	807
3553	5013
7693	5057
6272	6203
1453	8696
36	4157
8005	9405
7107	6241
7016	4663
960	1014
9491	6979
4515	4997
9234	8423
4100	2219
2449	7304
5297	3409
1968	662
3149	8317
9025	6377
5261	7956
9390	815
7689	390
7024	9703
816	962
1592	3961
9129	7870
1683	8391
839	6695
2427	9391
398	2392
2464	8811
9551	3755
5095	1236
3020	6138
4623	9541
8510	2664
2912	4464
396	9514
4705	6607
4996	2511
5498	7435
3446	491
5541	6788
3945	9385
6057	7360
2709	7348
7525	5682
6052	5022
8837	6828
1931	4529
2205	8765
468	2884
2100	417
1418	6200
7275	7740
6803	9626
166	1412
3017	5975
9811	7067
7134	5889
5734	1213
7618	6137
9769	8545
3316	523
5035	8357
4846	5858
5592	6668
6333	5693
8726	1093
5602	8885
5499	3742
4134	5837
4073	5234
4855	6816
3208	4081
2502	2758
4517	4202
785	7226
1333	7337
1303	7183
8009	7916
9228	4543
2102	3213
3436	8095
9580	5979
122	3745
1766	5963
6325	9409
4469	9279
4041	7365
7797	7548
700	2592
2980	9364
444	8619
9385	2990
4289	8054
2486	3825
1328	4440
4073	2019
1808	55
9070	2416
8691	3817
401	1005
4386	6242
3123	7281
8253	2949
9438	8894
293	2798
5877	8094
7570	8219
5338	7357
5339	2949
6658	6984
4755	437
1425	9113
5812	9692
8378	6210
4857	7498
5450	9831
5596	2707
5394	8226
2433	8539
9060	5582
9043	9694
5483	3012
9641	600
39	9331
2241	4347
6352	3717
5013	1921
2933	1227
3195	4475
1460	9798
1080	9916
7395	5201
888	8185
6773	3454
9009	7980
3903	1007
2512	6472
944	5830
3260	8259
8085	6542
5898	2676
8315	6783
7996	1520
513	5888
8954	6214
116	3667
2511	1500
9012	7952
8577	3864
2913	5060
1445	8392
4321	4313
9110	7
7588	8080
1028	4168
5654	335
3328	8407
7920	7925
8038	7981
6523	9514
2325	7266
7160	6752
4327	1463
1817	8744
6043	7392
5141	5940
6603	5629
9034	8341
7800	127
5858	2981
3927	5470
2236	6607
9709	8448
1876	1884
1494	693
5142	8418
6861	9779
1740	5649
3621	3718
6237	6684
4566	4031
9602	263
7497	2673
2535	712
9236	6591
1359	8264
8304	8139
9253	3516
8451	7978
1033	9899
8279	7815
6144	3729
8606	8954
1074	5774
1524	2365
2311	6410
739	958
2320	9887
1691	1949
784	3379
8325	2961
3642	6647
56	9192
5530	1130
203	2379
146	9827
8728	7657
4586	313
1945	7839
3627	8636
1195	6703
3438	4604
848	2916
1168	7146
7373	3552
6476	1216
3732	7921
5356	9841
667	3880
6962	3026
9475	138
6715	1903
198	4993
143	4489
6186	7260
6394	9996
5832	6948
3045	2792
1440	8639
1642	1053
5113	8939
9512	7610
3615	7512
173	2778
7050	2402
6557	7486
7182	6586
205	8219
5511	3306
601	8004
5587	1454
5997	5177
9227	5539
9547	2491
3113	9274
4238	6472
6222	3060
1315	1914
8357	2408
4846	6301
1564	7294
7871	7
1049	762
5726	9821
6699	1790
1862	6898
7600	5897
9313	8946
1777	1959
5186	2953
4814	1248
5458	9176
2261	6834
3034	1024
8831	7980
6598	9970
1163	2422
3937	7423
31	9901
2182	8441
7872	9408
5199	801
8883	7024
4899	9320
1734	5752
1916	3548
4104	3605
9731	5725
7153	7660
4678	4666
2524	7612
6044	1000
5300	5837
1123	5332
9850	7977
4160	4610
1917	6801
