500	1261942
3500	6655
4079	9674
4403	4168
1337	4848
619	3344
1064	9747
1192	9039
2855	6293
2641	8068
6423	412
9973	8236
4669	1140
7355	9061
2894	9025
3406	7212
6751	4716
28	1201
7363	3104
8567	1055
5562	9443
658	3085
5272	1882
3012	9627
8443	9529
7689	5183
6886	2939
6570	5294
8435	5302
9387	3249
6342	6814
1433	9655
4107	3029
8918	415
7975	9362
4593	2036
7323	569
8137	3493
6170	4052
8431	3377
1696	7130
8697	5834
867	2793
9952	6993
8892	1906
6268	4427
5419	6156
3590	4067
7660	223
3388	4141
7105	126
5720	5056
8221	6794
7966	3153
7106	1163
6456	2608
7106	2228
5715	3688
6524	1533
4328	1616
320	1220
8904	9621
1796	8735
3363	4369
1058	9336
7327	1554
7273	9352
3334	399
5981	3010
1784	7946
6535	9919
1674	7516
1897	160
614	246
6514	7331
5427	7872
3579	4039
483	2041
9548	3464
6048	179
2613	7916
8988	2828
5095	4224
3422	4098
8398	1094
3851	4621
5642	2260
988	8414
1775	484
203	2553
9758	3983
2833	2265
8234	9835
7403	6434
8149	7894
5610	2015
2668	4498
3532	8431
3631	1359
1746	5606
2932	5117
7418	9807
4386	3983
6565	2874
4877	5896
7259	8929
3814	5449
4597	8430
766	9128
3233	4427
8487	7454
6262	69
9697	7951
2271	2286
2849	2552
5458	7968
8942	1154
2322	7383
393	2370
3284	6025
1042	6942
9501	4850
6674	6704
5688	1079
8618	2928
7942	7124
6159	6443
4029	2110
5731	3755
719	2194
1465	3257
4853	9226
5060	4364
8967	3566
3490	442
9768	5180
8898	6895
529	5156
8989	6462
9071	5615
8592	5076
8317	3533
3463	6654
8987	7567
9662	9397
5986	8644
6722	1835
1168	9414
5127	3089
841	6855
9454	1428
3624	1838
7306	534
8514	1174
3330	9869
1115	4051
6006	3054
4751	5846
2906	2759
9501	5992
1406	2743
170	2142
9979	8091
7834	4902
431	9183
4326	4237
8826	5810
3640	5937
9840	8151
218	7701
9375	2645
5494	3434
1020	5045
8956	1110
4621	9991
7462	9253
7303	4972
698	8919
5063	55
5808	6452
8855	7154
2057	4449
2760	9993
8754	3641
7402	8583
3845	945
5373	4925
5009	1363
847	3880
4054	9501
3209	9980
5512	973
3465	9271
2034	4592
799	7402
2594	5764
6879	9794
6244	8664
4036	3489
3178	4604
4250	9026
6291	5226
3923	6567
3131	9192
5726	6295
7746	924
6438	2836
6242	6009
4592	399
3856	9693
4363	8420
244	631
8959	5677
5805	3334
8444	3929
2918	2332
7559	5267
3713	4856
2051	5432
1785	1919
2475	6571
5227	8546
4725	8028
4155	872
5201	1508
3620	6196
3356	5185
1059	7332
9842	1543
2393	8913
3802	9407
6746	4179
3382	4495
3822	7696
2470	217
2192	557
872	3339
6950	9326
2490	5428
983	2008
4618	2478
5566	1972
8102	1068
2448	8783
5658	5949
9919	5426
9694	3937
4503	3158
4067	6542
2824	1312
55	5475
9343	9206
6912	6578
8832	9466
9475	9642
4610	8789
8097	7709
6460	911
1039	6223
7979	9667
6545	5
8623	6063
348	9478
3314	2381
531	7365
9963	4364
2523	2294
2681	269
1685	5132
6365	402
2434	8464
4656	8719
1847	550
8627	7653
4809	1887
5260	4555
3952	8823
7456	6474
8642	5769
9129	7848
9156	1504
3403	3552
2968	3547
476	4397
3217	2989
2588	7668
8755	7774
4503	5769
5618	1133
3058	3781
2689	5964
194	1540
5042	4860
9586	6245
3060	6989
5144	6706
3739	7736
2110	5646
2086	3366
9766	5145
8789	7802
4035	8517
806	7798
2670	3840
7315	9781
4143	1523
404	5631
2273	9801
2343	7566
5725	5501
8626	8626
3188	9806
2149	1864
5322	1012
2853	2189
4580	8534
177	3964
9359	4415
7549	5673
3230	7423
7260	8727
3022	5671
9362	8123
9501	407
2085	5944
1092	4751
451	2212
3918	2305
6209	9508
7378	2521
9660	3251
9673	9498
3312	3034
6736	3148
7490	9909
3377	9431
1563	2577
8594	7587
9320	5909
5077	2575
4161	802
6834	3338
5400	4799
4397	3659
6542	985
3056	215
7565	4136
2108	7199
653	6128
3906	5287
56	8564
8721	8265
3336	5525
6649	1112
7550	7509
9993	8998
890	5107
1739	9145
3742	2076
3084	9354
3514	583
9587	9430
1801	4350
1621	9381
9856	7986
3440	2345
1152	3536
3955	9383
156	6648
4924	8612
5938	4546
1010	7204
7404	3230
7198	8588
1015	9524
1757	6376
1661	7837
5796	1135
3405	1883
5076	2227
9342	2635
1196	6070
4803	3193
2555	7131
3426	1440
3847	1433
9705	1345
2197	165
5033	5649
6309	3803
6245	7459
1595	8244
3950	511
52	8328
8032	3840
9436	4542
308	6686
172	8662
3790	4160
5492	8242
6705	7138
2112	1563
6683	5473
3414	9523
7236	3118
947	3853
1923	3810
3844	2968
8144	2073
3317	3802
2219	7656
3785	5148
2479	437
8924	1587
6163	7985
2146	5029
6177	1550
6419	2787
5765	1555
6486	1400
1332	6472
5860	6185
8174	7004
934	9449
9583	6961
9092	6030
4226	3619
8978	3759
432	9523
8016	8986
3513	6361
3160	2071
8950	5310
8250	256
9978	6662
4513	2293
840	8150
2648	3984
9915	5842
7235	6780
2101	261
8764	4499
2715	6584
740	6396
3915	9788
3206	4486
6501	1077
7407	9911
930	5756
1074	3776
8990	1331
2263	670
5513	141
6256	1754
6489	9813
4504	2095
6982	4352
3598	3135
5137	4612
5246	9632
9052	9025
9504	1729
1391	4888
4497	425
2477	2487
4665	8976
5023	6760
7819	4023
8733	9204
4242	5365
4	201
5323	2247
5407	985
1170	5092
6623	2084
2785	2552
4750	4963
3841	2996
4569	5094
3215	9554
1789	3347
9655	2693
876	4577
8172	6463
668	4629
4349	3291
8287	4976
7700	6488
8483	2772
9664	8009
1478	6387
6850	3269
8712	3858
1090	8542
1792	5981
5616	3817
6617	226
8903	4995
72	4463
8070	8143
7335	8799
