500	2242950
4311	6599
9491	4748
3251	2137
1563	8415
3562	1939
1059	5204
8029	5251
398	5920
7898	1563
2377	8851
966	7372
456	692
4451	9285
3345	6089
1647	7848
4238	5162
6329	4099
3749	8259
6190	4668
3915	894
3735	8409
3355	8247
2890	7368
3357	7285
2334	3689
6374	692
751	6644
3507	9914
417	1887
6000	9712
9057	5314
5409	8969
521	4104
2871	3697
8506	3708
3058	1685
7766	1137
8925	8610
1174	7170
3915	8827
7174	6191
4620	4398
6100	1820
649	7720
817	5648
14	3337
6212	9715
2209	6352
2634	2722
8227	3303
6909	4556
403	9319
5540	9217
870	4963
5789	2447
467	4235
5565	8545
7673	4615
2380	4959
1956	9164
5583	8775
7953	8820
7874	326
910	7635
84	2611
4510	8501
9921	2007
9743	3194
1561	1158
8064	541
3629	9687
5514	5467
6936	5572
7786	416
5661	4273
3035	544
898	4745
1501	1178
3283	1059
707	3896
1712	8512
8212	2432
2539	5504
8128	4075
345	1568
7928	3594
2696	7041
2911	5009
4543	4889
1548	8022
5335	5818
8842	3312
4905	7172
5641	9834
2049	6743
1599	9986
474	9379
2224	3369
9409	9534
9654	4026
7424	788
5603	4949
6654	5397
4758	2252
7833	8895
9276	728
4188	3313
3406	9617
2161	1040
6419	3685
3829	4194
5206	872
225	6916
5004	1785
2778	1734
8895	6472
4499	7933
6126	3348
4452	2119
3276	6559
9410	4894
3998	4757
4942	2974
2920	1007
9178	7781
5250	8660
1752	6191
7622	515
1636	7818
7143	7209
8272	9326
5722	9090
367	4147
2028	242
8399	6009
9674	2933
7364	1525
5142	384
6469	5101
5655	2810
7502	5865
5314	2288
537	473
4377	3125
6042	5641
8578	1300
9733	8737
5896	86
3354	914
1253	5091
9506	213
8380	1604
6172	971
9241	9232
1886	9713
3953	9523
8028	6114
1632	4026
5978	3202
4995	9844
865	6262
5374	9067
2974	1900
4464	4995
7287	7433
473	5493
3313	4657
2914	6309
3964	1224
1966	9179
1849	6808
2148	2094
4250	2369
1168	6101
5429	4709
8036	5216
311	2402
4188	3762
5060	2908
7451	4781
9764	1465
2993	6158
9295	4107
3332	3298
1464	3465
2788	5604
7455	2678
2660	1145
4189	606
7354	580
4040	8901
2794	7323
4644	1397
496	8780
5491	2531
9745	193
8446	931
8428	7612
4719	4374
8034	8333
8143	8159
3071	5381
9524	7662
3547	5293
7760	1908
9077	8360
2047	151
1403	7811
3407	4381
6826	7498
3530	2999
7195	7475
649	4852
6138	6836
1964	8731
2288	8557
144	3798
5997	7718
4182	5540
7486	1520
7267	621
7812	4877
4020	9718
8866	2476
1936	1283
5342	1898
2738	344
5748	8445
3272	6783
7752	6102
1075	8924
2152	3553
3852	8341
5094	9019
4004	1101
9748	103
3969	4150
7140	9774
6028	8269
259	3637
4483	3939
2667	6467
6878	5073
5494	3898
7647	2990
5171	5690
6665	3147
9793	4076
5774	5952
1418	168
9038	9727
4525	8026
6604	7405
538	6657
9354	4380
4438	6456
684	2239
4685	1123
8266	9131
1895	9636
3129	8370
2758	4522
4820	799
606	9333
7563	3111
5869	9705
4800	2987
9873	5928
4940	3288
4943	5900
1744	8318
2579	2034
1627	3796
134	8991
555	8853
4637	4491
525	2909
3584	3219
4688	1994
6756	3444
6105	1592
9763	9830
7220	5587
6961	8975
9220	6075
2670	7200
5253	1750
2354	7728
8132	604
1678	2471
1323	6514
456	3116
2344	2387
8853	7479
9002	781
4846	3360
4249	335
1093	4745
5561	1990
6041	8130
7600	2216
3288	8249
6023	8704
4138	2256
6762	929
161	9000
8387	8510
906	4797
5745	1178
3593	8033
6429	9845
5799	2964
8430	7162
2065	2500
1177	9789
9320	8716
6860	4923
6483	3524
6585	5698
3124	7173
9493	2882
3455	6120
4199	4872
485	3656
9600	7006
271	2501
2930	9137
9085	2545
6888	34
8867	2532
8819	8102
461	7773
4979	7662
3420	7996
7541	461
204	7623
1389	6050
6791	1026
8032	8184
3440	1929
2201	2434
7066	7964
8239	1766
7925	3342
565	5818
6628	8608
5335	863
2197	8553
2197	6353
2638	8557
1810	7844
689	9042
5057	4182
759	1683
4268	5560
5813	1965
1870	4970
3878	1746
5170	9709
6182	3330
3698	2745
2460	357
4626	1567
9698	8630
44	6143
870	2674
3136	7066
28	8224
6744	3549
7843	1537
1620	331
3236	4271
8817	5852
3724	6079
9494	8353
4778	3091
8215	3249
6459	7268
7340	1687
1023	7354
9757	6525
6885	9798
3416	1835
4600	6375
7306	1883
3096	139
2839	7060
9721	8965
9557	9621
3168	9772
401	8860
9243	136
369	4562
4368	555
4236	6667
2532	2224
847	1577
7770	6770
2371	5068
965	9123
3697	9711
6393	7447
5953	4591
5555	4669
5726	847
7387	8354
8633	2798
4219	8543
8766	3164
817	3797
914	417
1809	2876
8447	4846
3086	1718
9939	8982
854	9634
4019	3575
8689	4993
426	6819
2646	8032
9278	2185
9176	3988
2886	6737
8800	7618
2572	4606
1921	7976
3086	262
8035	7717
4765	2371
5143	5329
6149	1256
372	2135
7821	3351
9923	3358
4159	4457
4836	8987
950	5065
4006	6660
4484	2016
8727	7114
8109	930
4703	4523
69	1739
5367	1878
4016	524
2455	6974
6133	758
5830	2669
1200	9730
1581	9979
8566	6994
4999	8185
5911	328
9844	1163
1621	5912
8102	9913
111	3666
3796	9994
299	6160
5073	2719
9745	3221
5711	6818
4933	7564
629	6723
3971	3441
730	5926
2513	3089
7682	1091
1918	89
6832	2567
298	6600
4500	3034
3317	6356
1001	4335
6195	7748
4592	2694
5266	6784
3388	3077
123	8907
1079	1291
7016	4383
5179	8681
8201	1470
9645	4408
6003	6511
4587	5782
2123	6852
9393	460
2465	8510
7729	1614
7408	2381
7015	2946
4172	165
2909	7975
280	5759
950	9166
4457	7407
7836	6479
6852	1456
1918	9117
