500	1241970
9775	3902
3689	3027
8421	8666
1834	7661
6680	2449
6131	9021
539	6575
2226	2864
7395	5820
2357	7370
1690	7664
6832	5220
7103	760
759	4098
6867	9916
4109	6721
1677	4108
8939	5131
1474	7109
1520	9137
5319	515
3653	710
8526	3752
26	5136
8766	4647
6024	6259
7461	6769
9056	6604
9238	4764
210	2207
9074	2079
2772	9930
7447	7244
7644	9461
5577	6135
7412	873
7893	8538
9492	6157
367	7087
1684	8031
4559	7845
7640	3173
9579	128
7409	7984
5765	1340
2297	9201
4609	1765
3815	4321
3495	9663
7767	2389
739	9590
3887	4034
5512	7326
6755	2603
466	5029
7245	7649
4573	6639
9038	9692
3126	1335
9187	6436
7833	6303
8178	9505
9799	5097
1449	5381
9647	9295
9042	9956
8300	500
67	8755
5228	8354
7553	6200
3848	2168
9130	8314
434	9039
9483	5671
3488	6223
7728	6677
5551	7388
7558	5709
574	5684
3998	8206
5477	8855
4850	1481
7224	3731
7022	4482
1611	304
448	1322
7771	7325
2805	9478
6874	4459
5576	4780
2135	21
1381	1302
9831	7471
6965	3388
4549	7244
929	8329
37	9463
4539	2729
9846	3417
4458	8244
5146	3779
9908	5134
8317	3528
4036	8985
354	3016
4595	8933
2097	9913
622	122
4006	4487
365	9252
338	140
3884	8856
8562	4053
5337	6093
1194	2083
3985	3961
1176	1848
9473	5408
8525	6415
9180	84
4737	7465
8413	6122
8128	9906
6733	1874
3300	341
6458	7764
8816	3403
8644	1248
9443	3374
7034	7933
1756	7314
989	837
3618	3371
7502	8201
1832	814
2142	4579
9501	3730
5985	7774
6299	812
3579	4987
3666	9928
9587	2935
8871	9694
6959	2119
9226	8170
2033	4249
345	8779
5854	904
3709	9500
8496	7293
2398	398
9731	7013
2935	3228
2754	1823
9291	8737
3176	3828
8002	7252
6611	3779
8452	7520
6371	3780
280	5906
2664	4630
2475	6350
9927	3476
9873	1275
7611	5656
1778	4275
4282	5810
4192	321
7187	7628
9090	6134
301	4670
1851	7877
7334	455
7345	4045
4102	1333
2853	132
2155	356
3909	1100
254	6123
7684	7949
9819	2800
1352	1824
7615	4550
8986	9662
3932	7118
7489	1049
5121	6110
869	3109
9560	424
9302	9677
5384	7209
9769	8520
3080	7246
8871	6856
6678	504
7284	4237
4708	3150
7604	1711
8978	3646
7039	8090
548	4113
7384	6785
6399	2386
7776	6367
9957	3935
3771	2460
2931	9836
9413	1157
574	4909
3080	5301
927	1343
2065	6323
7824	6000
5222	9091
3382	8194
2408	4176
153	3835
9186	7287
488	9949
7887	6983
7842	9505
4255	2892
2167	3442
272	2022
7016	6577
3531	5787
7139	7253
1466	1105
9689	8923
8992	2969
3903	6045
5458	4895
182	8943
7510	1376
1175	4206
1616	6266
6972	2888
672	704
1840	5980
9865	7809
1310	899
3730	7904
2920	785
9651	1299
4756	5049
1285	465
1276	4692
2204	3373
123	9331
202	7956
9916	1915
5559	5763
2557	2707
7791	6211
6448	7389
9764	4009
4943	3104
5589	4397
7551	3260
9219	5273
3053	5786
3070	500
8350	6588
5276	4986
9685	7704
5966	7128
6910	2468
2208	5842
5825	3835
8116	8845
8613	8625
3305	2677
9998	8058
289	6952
6033	8804
6517	1044
3054	5001
7808	4234
5932	1904
7879	3482
8924	9068
2343	3460
7105	940
1993	5851
5252	1988
866	3208
6972	6763
7628	6099
5758	3908
3960	5122
9704	3321
9970	798
7726	9220
1417	1158
4510	6860
8549	4093
3563	6118
8834	115
6929	4065
4542	7784
810	126
7041	3334
3909	7541
8096	6397
1736	6110
5019	260
3258	6095
9048	3
9567	4467
8255	7667
6066	7318
5964	5176
3042	3379
7391	9826
4218	1106
8959	3333
7540	1764
3760	7575
2659	6598
7180	1052
9119	7879
9365	3357
9025	1317
8321	4256
790	5802
14	9017
726	7603
7904	1982
2582	6191
5717	7911
7764	2453
8262	8851
1127	1072
5764	7529
5979	1597
5221	45
3883	7940
4296	1828
2749	7261
8064	5303
9080	1637
8405	6741
420	4527
9874	1528
5025	8086
479	4514
2757	1362
6680	4581
1567	1149
4886	2279
5559	727
7660	9524
8203	9632
1105	8673
9769	5359
6011	7467
6773	6594
5882	2236
1142	9984
2804	1774
896	4038
2100	2195
9807	3270
7374	349
9171	3874
471	2796
9378	2211
5546	9320
9369	1598
8423	6485
5116	8714
3879	8139
7220	6177
6683	1331
6114	9203
8816	9878
7314	2994
4012	1142
9612	664
3633	9689
2684	851
3700	7294
9709	2307
674	8672
115	6864
5725	1166
3734	7760
7228	8045
79	2355
5573	2796
8157	6744
8123	7963
7684	3597
2648	1379
9648	433
8738	5663
6728	3019
5187	2451
7103	5363
7674	6348
8663	7162
2269	2451
6178	5523
1183	3485
9075	6511
5447	1892
7698	224
8899	5138
3849	3933
8752	4649
8753	8080
5507	9880
7716	429
6508	2399
5515	9127
1128	4504
7125	431
7066	7358
7726	1140
7161	6722
9803	8873
9831	8403
7788	6083
7336	7016
9630	3255
8356	9095
3185	8443
7354	5199
237	7531
3727	7877
9712	780
9873	7941
2925	1584
4803	2590
2704	4907
386	5010
4019	5729
4307	4602
7347	5272
7259	8705
2409	1527
6054	9088
3656	9446
8607	6446
4687	5663
3855	7948
2247	3925
8915	2701
5348	16
4682	2554
9160	965
1009	2767
1270	3618
994	2151
8396	8206
9508	9060
1777	5585
1975	5750
7654	1478
1429	2505
858	1876
6614	5758
4584	9758
4795	2746
8767	9603
1258	3488
3087	5426
4809	5352
7407	1187
6484	4367
9233	4447
1131	6946
922	3296
586	7328
6568	1429
9188	6399
7494	87
9955	1218
6315	2284
8368	2389
3041	6161
5937	8469
5478	1544
6593	6962
9719	7208
4143	2298
1719	1536
8973	8053
445	7176
8427	2789
6742	2831
4211	2007
8809	3212
7529	8466
684	2274
4386	2082
8263	2163
239	9033
8424	4558
