500	1913145
7704	1155
221	9425
9632	2668
2651	6581
2466	3749
4942	3768
2881	1975
8008	4504
9901	606
8534	7214
6148	1895
4891	1094
1629	6337
4175	2460
6021	5235
2062	1792
8785	4600
5686	9508
2721	8619
6887	6664
1823	7087
789	5439
682	5627
5005	4964
4930	342
3895	2398
5346	5437
2624	7347
8553	6982
2220	3166
8029	2696
5910	8285
8133	739
5047	7454
6995	5155
7994	6178
2047	3683
8839	3564
1377	8281
4080	1039
2278	4591
7237	8389
743	1174
8286	2256
9853	9590
4385	3617
2469	9126
4312	5103
9105	299
5200	3552
9182	8322
1597	2757
2442	9527
7761	2388
4124	1376
4015	5006
1903	4971
1682	4843
1436	2129
5147	1866
9536	1665
4790	7964
6756	8563
2059	4969
4872	5913
9789	9258
8446	4859
2575	7134
680	3385
702	6898
1595	6715
3847	7529
9900	6211
1999	3751
9468	8137
9829	3312
1163	7928
8336	5653
6705	9923
3896	3052
8247	7560
1372	8814
6366	9320
2897	4979
6889	9057
378	5411
9468	5116
6682	3114
7935	6137
6141	5242
8775	7119
9876	2644
8242	4983
7333	4347
6329	7727
4376	6464
940	5045
2719	7916
9741	6435
4893	7435
8855	5971
5861	2930
4685	163
7399	5212
7376	8394
2188	5732
3710	110
814	271
9798	1233
8503	8112
4129	435
1958	1960
7685	5980
9051	1602
4390	7320
7868	5633
5826	2847
3365	9165
9116	7607
6063	2790
2019	8063
9636	8371
2166	1988
2736	13
136	722
6888	1189
7767	3162
2572	5838
486	5652
5545	6149
4793	2434
3921	6121
5711	8435
9505	3687
8448	8000
4299	4342
579	7837
783	4258
1610	3827
5495	8224
224	3459
460	7412
7395	5091
5875	1652
198	4316
9709	4411
563	269
2429	5270
2210	3894
9577	1409
4176	6115
7945	206
769	6143
6304	9225
7735	5090
1586	2883
3846	6501
2516	1362
8789	6129
5816	4106
612	7917
3346	7440
3272	4247
5277	8328
5136	9546
9822	1895
1856	5046
6913	6342
2167	157
5404	5529
2325	5781
8280	2750
9253	2429
5689	892
4794	3837
559	2011
3079	9406
9081	3422
3014	8626
370	1590
8049	9633
7323	4892
5720	8479
5722	5604
5834	8345
4386	5340
7066	2677
2081	8960
2216	5761
7727	8882
174	2623
2970	7585
2675	7087
3154	2322
9018	3011
4055	445
893	2932
5517	806
9980	6834
7391	4210
8239	5608
3285	4878
7235	2399
9833	7100
765	5740
5544	2842
1245	2971
5693	6696
2855	2606
6523	2148
7415	7188
891	4558
8135	5367
2891	8804
1989	2525
8019	739
7150	9765
9887	1679
7254	961
7393	1052
9717	6676
2960	7628
9538	6606
3162	2445
1808	2418
8110	5285
4549	2061
5571	461
2361	4529
3215	9016
2559	756
2616	6296
5045	1727
471	4871
9628	4892
4695	8925
7789	6061
2102	7525
1900	8836
3695	304
8458	1163
6760	8199
8287	4968
736	605
9101	1201
5726	4037
7410	5211
7895	8899
4806	6925
3806	6328
4012	3304
4090	4232
3013	504
8849	7150
5515	233
6187	9209
8828	5751
5928	7651
2374	3279
147	867
902	8792
7026	9940
8701	8905
8908	275
6852	3955
4036	2257
7098	8144
6922	7498
2564	8600
4183	1889
9997	9964
75	4216
8584	1811
9275	8271
972	822
4326	9742
1498	5885
1256	4034
1703	6556
9310	60
2334	3478
5295	9428
8616	1611
7543	2511
6352	9658
5054	1325
6518	2804
7933	5970
7156	3046
1762	3475
538	526
5720	8573
5644	3009
4927	5736
4052	3548
2295	202
8894	9189
7211	6830
8297	3100
3069	2373
3329	986
4676	9793
4201	9467
2851	7581
4276	8173
1322	3779
4924	9131
8717	6778
9479	7170
6546	789
6518	5398
9658	1248
7361	8028
7916	9354
3403	7482
1301	8232
616	312
374	6486
9249	5042
4464	4562
7271	8965
1181	8705
1669	4340
2274	4462
1320	8123
5647	242
9350	3786
507	4241
1698	2925
4714	2014
9020	992
491	435
2997	9896
7005	8088
6385	8514
3309	6029
2926	7279
985	4041
5846	7172
5450	9244
711	3810
7464	6092
5732	4667
8070	7779
5447	9455
8318	5717
4024	744
5099	8261
8025	310
9127	6604
5765	8573
1850	157
7054	6903
6522	3902
2500	1858
9560	4890
1766	8427
716	6269
8861	6137
4177	7614
2365	8090
2909	4604
2316	9813
5730	791
7991	4376
822	9056
3825	6342
4019	7021
6438	7122
9242	3691
1285	4552
4976	9839
9768	2649
5757	6740
7204	3262
6603	6747
8280	4584
1183	1390
5178	4745
9716	8044
3893	9973
3017	8205
7421	5472
9256	2452
7894	1743
2788	4664
7732	8866
3187	5371
6931	9303
6575	4744
3507	8928
8063	9903
5450	9798
8245	1519
543	403
6364	6388
4404	9218
4243	2344
9826	8934
6644	6854
496	6370
8126	1497
4179	1056
3334	246
8462	790
623	7851
7862	3760
3599	3425
9645	8354
2087	6474
329	6227
7978	3750
9305	1178
6605	5962
6408	5198
364	638
3042	7501
8747	8038
9420	9416
2947	6419
1883	3340
1231	8994
5998	374
9200	7517
5635	99
8072	7019
1018	6285
8145	1144
3091	8900
7190	3660
2615	6030
3042	8669
9424	8546
470	6845
721	9962
3985	6009
3031	5220
5479	1262
8865	5787
6420	1251
317	5382
4143	8037
7948	4953
1163	2015
2568	5507
9195	7640
9328	4533
573	4713
6120	1243
2310	3407
5389	5782
3581	6773
9424	5578
8090	6188
9653	8388
8511	5091
9279	4633
6146	92
6652	2796
4373	9387
325	8301
9760	5424
2547	2723
8028	4578
1087	9279
2424	6621
1469	5022
5042	4183
1053	9926
4636	1520
254	999
5221	772
3001	424
8979	5654
1952	4440
4403	1952
2944	7454
9808	6555
2721	3037
4993	5161
7577	3440
7278	6631
514	6813
2685	2053
9968	3632
6115	8894
1526	2660
945	2555
9313	9968
6120	7009
2122	8056
3959	3070
9639	8635
2923	8709
345	6971
5496	4557
673	4131
1105	6961
9368	3639
8668	3970
