500	247214
3334	775
4851	4949
3414	9076
475	6309
3441	6158
1578	5806
1615	6400
7143	3939
3722	7554
7295	1551
2924	9954
7574	5251
7821	8320
1449	9468
3046	6509
3639	3661
7067	2175
6529	5227
9576	2856
4833	6376
1964	3699
6311	1076
693	6090
8693	3646
4709	719
5709	2378
5221	345
6819	3258
1198	2526
6926	3542
1782	3882
7372	232
6926	2204
9841	3516
1905	1390
2852	2332
2581	6257
8810	2001
4844	5738
7382	3960
224	1923
4753	5474
4216	4899
7538	2859
6225	7126
5143	5353
1314	1315
4337	6648
2746	2080
2961	8124
2881	7277
7507	6772
7225	3613
6143	982
7432	4480
6951	4384
9614	612
9334	1291
62	5925
5514	5598
757	1249
7341	4080
4057	7302
5164	7406
6738	2101
4033	3316
4906	5988
3167	84
7195	4893
3975	8118
4326	1366
7172	1586
5386	4619
9521	2820
5091	6864
6036	602
3086	2557
9680	8318
5046	638
4917	7859
3073	3095
5791	9059
1234	7118
9659	1442
2978	1160
5671	7669
2269	3141
925	9571
5411	8617
9772	7724
7985	3260
3821	9139
794	8362
1056	4906
3838	427
3316	5878
5847	4837
3816	9784
2200	2074
8081	4855
1172	667
4536	9085
2573	728
4990	8791
3078	9797
9956	9030
6876	4277
2016	3213
3537	5975
7668	4006
2865	7106
9283	678
2775	3427
3592	9938
6140	7689
9117	9055
6944	170
330	7660
7050	3202
6129	8432
6474	1150
3188	433
1979	1313
4307	6050
3004	7991
8946	3034
3135	2165
5689	9334
7578	8159
689	5681
9855	1939
1412	7083
9552	7005
808	6463
599	1204
2711	9945
8849	2353
2193	4429
5417	6409
7260	8322
7931	9533
4412	5112
863	6821
7127	1118
4334	4460
6980	5247
1233	2182
7068	920
195	8649
2536	899
6345	1229
9202	6199
1186	5281
6083	4303
7884	6394
8474	3575
9638	49
8825	2692
8819	5685
3044	6548
394	5445
5963	7841
3661	6198
7645	5414
3117	7692
2583	2336
8870	1003
7108	8641
5408	7945
4384	6336
2954	6775
7206	8292
8785	1827
3001	1203
1988	9202
5102	1237
6255	2926
4775	7321
8329	3900
3472	8818
5175	656
5312	8516
8239	384
3572	446
9061	1645
8386	7335
2026	3807
1262	7074
2353	2018
9551	8260
5237	2950
3028	5131
2484	8871
105	7469
2535	8092
1794	2422
7871	2716
853	137
5853	8592
6297	1723
6765	2718
928	1911
2075	3811
8215	8038
1758	5164
400	8719
9999	2212
3811	5776
3477	4461
322	2014
7261	6723
3689	1225
8030	5575
5575	9221
9109	6700
7189	5356
5773	4211
530	9847
6792	8500
2824	3983
8778	6524
9752	5056
6277	559
1972	8451
4633	4319
3517	5331
5480	8355
6403	3189
9132	7655
5506	8524
6923	2899
1472	6931
5355	3548
4820	5195
6155	4118
7457	9816
7914	7559
8532	5982
220	3919
9446	6572
1655	3880
9141	5865
6391	6170
9798	2114
5802	3632
7401	7593
2490	9696
7155	5527
1720	3924
1630	1269
3380	5310
8309	6437
7235	429
6064	9515
5903	2052
1366	7839
6311	5559
8329	1570
8697	4793
4415	8723
7928	5791
451	9464
4887	5356
6149	3351
8012	2994
2990	9851
1790	1839
9646	7911
6232	6981
5901	804
7791	8075
1585	9403
8414	4528
1601	1218
5239	418
726	2426
4339	4145
7392	8814
4508	2463
4533	8365
7839	6777
7518	1671
3721	7056
2396	8213
4466	9888
9287	398
3123	9954
6705	4611
6046	6971
8109	8160
421	170
4743	2240
9235	2136
3567	2536
8934	5005
1932	7072
3685	5000
1910	4055
2799	7049
2760	7598
6163	5118
6065	7139
2801	5558
7428	5671
9421	1311
1086	314
8320	413
8994	4209
4474	8589
3175	4082
1507	4039
2824	8191
6437	4875
1153	6795
4907	3078
5787	9883
7793	7186
2233	4945
6626	3541
9657	7264
2040	3140
6957	1181
5528	1715
5896	9009
3584	5601
6890	1001
5430	4978
2049	253
1004	3519
9704	7529
2786	8360
1122	1633
8406	4193
9857	3981
8334	1731
4263	2274
553	8732
76	4726
8007	2784
5864	7883
2960	5153
4900	4384
7863	6927
1730	6572
1602	1320
7528	2781
405	2970
1554	6431
7584	6028
8943	5179
9307	8673
6869	6473
3741	194
737	8276
8375	9583
9378	7170
7808	3543
4469	9336
4728	5503
6995	4327
63	5150
7440	7263
264	7039
5493	4639
1060	4592
8168	4645
7871	6509
7036	2082
6600	9890
5454	5833
3324	2162
2022	8828
9112	7035
1078	753
2906	1872
2992	9720
5061	3580
7159	656
8848	105
5160	5695
2373	9475
1399	1365
4888	792
5445	339
1272	8904
1220	7028
4102	7261
4562	3564
9606	2642
677	1149
2224	1457
5382	4932
2296	2930
3333	9863
2595	2969
8842	1128
3804	2373
9146	436
5369	3190
5190	9136
9333	2911
626	6668
8462	921
8761	6223
5655	2744
2526	2142
2566	6414
1463	6737
4529	2400
239	8885
2332	8793
7378	5285
6740	5978
8872	8988
3447	6560
5888	2304
1303	8322
5242	4669
5757	1138
5726	3678
5333	3370
5675	7948
9962	2588
556	6336
5473	3991
8489	2034
6685	786
4953	1699
3944	7552
7797	6981
3889	6748
9308	4618
9440	6788
4647	9858
203	5753
1412	5776
5231	5478
764	7056
4869	9242
4908	8405
365	4420
9576	6156
5042	5246
4451	5580
6479	4850
6492	8807
4268	8547
5273	1993
7483	969
8937	6732
8975	2207
926	656
6574	7054
4418	8942
4779	7268
8033	2827
1798	5979
2805	1690
7436	8040
7696	268
9562	402
8972	9181
6214	3435
7348	243
3416	6223
4552	1779
5435	6147
133	9284
1781	6520
4273	4601
4724	404
6171	1197
1481	2805
8389	3164
2851	6431
9799	1494
9530	2193
6171	3612
8107	2794
6498	8078
2040	6147
8861	9158
465	2038
4437	6188
8780	2783
7227	1893
9993	2899
1710	8430
73	7402
8767	3881
4006	8507
4668	7765
9350	9766
2444	9249
5345	4091
7767	3977
1798	9100
8702	3576
6307	9592
6848	2569
