500	258959
4782	1504
1750	3812
6157	8545
3882	1392
487	9803
8152	184
9279	2244
7240	1991
1855	6032
1171	7164
8767	2675
7935	9480
8337	1875
7945	920
8036	1525
4283	2798
9406	9108
8906	7532
110	8668
8630	46
295	8876
4854	6837
9559	4455
6823	609
1068	5025
1274	5621
7813	4723
6368	3952
2434	6640
3736	2374
2125	1001
9804	4427
3868	6474
3284	5788
3462	4787
2467	8517
950	5109
5522	5090
2241	2616
8141	7286
2082	4420
2148	2281
401	4292
9350	8884
4162	3618
2929	7838
1786	1982
3730	207
2875	5382
5276	8088
5807	5702
750	2846
3629	3100
4340	6495
1364	2987
9326	4121
8449	5165
8998	661
2761	4705
9370	9730
447	6066
3468	9705
9743	6810
1520	8095
7477	5707
9212	8169
3372	5293
1304	3599
7354	8331
8799	5546
7160	2324
1912	7443
4792	962
4536	4956
7287	1336
866	6272
853	4568
8999	4082
5656	6214
4338	3201
3794	6788
9778	1026
1277	9292
919	6344
4709	6434
3044	976
1797	7637
5232	883
8665	3951
398	1340
4568	3124
3652	1255
5053	3792
4949	5093
7932	3103
5703	7765
7441	1318
3390	8334
8285	2614
3158	2916
1191	8912
8377	2477
9952	9893
6446	1516
3203	4913
1618	4401
5274	9835
1562	2728
4152	2188
1590	3804
9004	6151
2271	3663
8763	3512
5479	6981
892	5137
1420	8049
8941	2683
7224	9485
5525	2312
2151	8169
1666	7485
3790	4536
3584	4312
1681	2330
7760	8551
8225	5303
942	98
5185	8745
9453	2143
2426	1108
3359	1472
1132	6108
3896	7385
6790	2256
3257	1688
6088	914
3366	3107
3406	5432
1262	4352
6254	6058
9629	3603
9243	166
9113	875
5295	8525
3744	600
6784	7059
4074	9912
3636	7624
7983	8705
2982	330
4867	6372
5236	9841
5820	4360
7271	5638
9158	8230
4659	6071
7025	9313
6289	2791
6152	2629
8857	3813
3822	7821
2618	202
5075	8080
9922	8454
8989	7071
2120	5521
9644	9113
7167	2726
8790	8405
8311	1288
5965	9033
4851	4742
4489	9429
3283	9500
9240	2757
5355	6635
5358	8501
1129	4044
7150	4937
1651	7361
3561	8643
2437	4719
6370	5794
7297	8356
8433	2740
3211	7214
6513	1329
9129	6652
9399	2280
7810	9594
676	2964
7021	3533
6990	6757
4058	8812
5578	5291
37	5299
1773	5553
5024	5909
6525	8356
2138	7033
9409	1595
4572	1349
9778	9569
7428	3204
2722	1919
7065	7734
8126	7994
2749	7454
6699	1896
8976	497
1295	964
2451	25
3217	2546
902	7243
6277	9488
7881	3431
6247	9567
8593	1625
5381	8612
7543	4759
3600	5468
7394	544
6656	3689
4429	5737
1907	2738
8802	4092
7994	6514
3405	6412
4744	9089
1228	3227
334	4994
800	6908
9421	2652
8743	4859
3592	3601
6696	8389
5974	5529
3895	8507
939	4012
2437	4100
4717	640
4039	530
8088	7402
9096	5371
243	9139
4138	8983
5847	9738
2340	9869
2244	8215
5645	8817
1096	7957
8647	4777
3884	5806
9248	8648
9592	8154
8962	8151
238	4606
962	5066
6892	1787
6267	146
1642	2943
2483	1648
6013	9327
345	8170
4235	2575
4650	7591
6822	827
8819	5495
3973	7141
5527	9148
2480	1785
7275	7337
5185	3379
74	6771
80	9846
3799	7184
9462	8438
3185	1110
9990	544
9884	1872
4897	9390
7450	4594
6983	2106
3651	1843
9032	1394
93	632
5506	4046
1260	4639
4410	7029
6098	9868
6383	3608
6792	9302
5071	319
781	9473
5939	5797
189	4291
5406	1705
1980	8250
7036	2393
2608	4958
5880	8384
2080	7749
6822	4896
8829	8487
5852	9068
2637	7558
6503	1688
9769	789
5681	2690
3052	5440
7994	5357
6134	7204
2296	2791
2823	1289
6899	1592
8441	8079
275	2985
9109	3320
3094	9256
6529	4945
4642	4190
9929	5074
5390	363
2413	9149
2824	9619
5840	7888
2083	4198
9351	1272
9644	7644
3546	5141
2477	1446
168	3127
7182	6214
9249	4881
1626	8228
107	4842
1055	9041
5448	8402
9094	2636
1701	1755
2049	8047
2638	8001
4057	1278
1554	8008
3302	3066
119	1491
9094	7538
8303	5389
8227	6995
9915	2103
9385	3200
8868	4742
7821	9460
111	6842
3273	2191
953	4674
1066	7609
1422	8925
5566	3487
3072	8935
6066	6396
6780	8535
1647	5755
2433	8329
3523	6485
2212	6229
8162	9078
6953	1715
3840	1685
1397	383
6301	5725
741	8163
4349	461
9004	3828
9336	8556
7788	7543
1286	1886
6326	1079
8924	234
7046	5455
8002	7980
4308	3433
4777	9732
296	3465
1696	6272
3783	3985
1480	5575
8960	3121
822	8346
6841	4365
6854	8080
7791	1114
5413	7394
6461	3744
5578	8724
7470	9479
9126	9524
7187	8742
8457	7537
2429	6943
688	1295
9770	1377
3607	3788
7052	209
3000	7893
5878	9420
1963	3561
9369	7316
4792	2678
1126	1037
3010	6710
4781	9511
2907	3173
199	7918
9487	9820
9082	9996
5425	4577
8755	5930
8110	9684
5867	3038
6724	1315
8499	8954
8970	6610
5410	2953
6620	3827
2602	4211
2433	9403
1402	977
4140	1519
1485	23
7443	8644
4113	8697
3336	7203
919	7403
4603	6261
4054	1438
3921	1798
3934	910
6500	8984
9489	7806
1436	4308
7762	2441
5568	4511
8543	2642
3216	2164
5072	7716
1217	6570
3226	1332
7143	2810
3242	3926
9463	5541
7075	9642
4216	3246
3317	5300
2036	65
6268	7365
4400	9199
4068	9482
3015	8318
2137	3024
7065	4483
7097	5788
3724	2490
8187	2729
2076	4140
5603	2372
564	7367
2554	1165
2296	6567
349	9651
5229	7295
7385	5481
9891	9131
2593	8981
243	7845
7193	4727
8427	9712
7961	1293
3162	1010
9336	3188
1692	1392
5903	277
7210	8393
4719	9531
4421	4797
3162	5714
8609	3866
5385	9245
9470	2385
9989	4242
6284	8290
1069	863
8722	300
4326	5856
5635	9343
4248	6822
5597	4913
4382	8377
961	5900
2803	3595
