500	607932
4668	7
9742	3696
9580	8926
1677	5195
3932	965
8479	5626
3444	8931
594	4047
8615	4815
9150	8422
3411	1516
6371	9184
8617	1284
1099	253
6000	7202
5969	5953
6316	9860
3294	443
2857	2855
4948	4181
3858	3811
8927	3922
4971	5401
7059	4827
7770	8419
4796	4624
4569	5494
7334	2726
276	3900
2036	2624
1034	9548
9537	7577
7923	5305
5259	4561
9625	764
6160	2683
2215	5153
2017	3739
2455	827
6984	9511
6346	9005
9539	8667
9743	4041
3682	4403
5432	6047
1119	950
7391	4950
169	8864
6062	2609
4262	1905
3369	4547
6482	2429
5138	7387
2028	1193
8667	2108
1100	8844
8541	5759
5893	6410
3070	2187
4646	6253
5269	2812
5547	9314
6032	6924
157	177
7638	2164
551	409
1466	784
9313	6928
2049	8874
7914	6270
1245	4239
6484	8164
6944	4677
2405	9515
4350	1836
4604	1320
4151	8486
976	8475
5637	2137
2443	8520
3732	5230
7356	8355
8653	7802
6394	3325
7598	2872
9899	3692
8149	6123
2614	9657
6962	7856
6874	1580
1558	5780
8321	1817
603	1434
1020	787
9257	4486
6374	1173
2476	4479
5452	5203
5467	8519
45	1354
5878	5193
1185	8412
6317	9127
901	2113
5880	9521
6311	2040
8832	6112
804	743
2924	1044
2316	5092
9702	1634
4771	775
4756	4684
497	1078
4162	5314
6849	8947
2588	6683
9491	3892
8072	6126
4814	2144
332	8408
5610	3840
6718	9042
8866	9688
9314	639
983	3188
1797	4312
1304	5327
8099	5171
1522	8237
9979	6639
370	1500
6922	6022
4946	8956
3497	9332
9415	7663
235	1033
8020	9783
1878	1092
1213	3925
1703	2000
2287	3221
8183	5932
2649	6843
3467	1623
4570	6959
6854	4971
4278	3359
9615	542
7426	1199
8760	1872
9493	9282
4837	3358
9520	9557
469	1833
1928	2480
2354	7415
5784	779
6602	7241
3278	2994
9952	2825
3819	6049
5339	2528
7430	8242
9201	5400
9568	2238
695	1877
9749	1413
4380	1030
6922	8472
5052	1050
2953	7203
8320	2429
2329	4425
745	4674
3201	5839
6609	146
9197	9115
8558	2638
4275	3037
7386	5682
4388	9450
8219	2554
667	5841
3049	5464
3273	6778
9775	7420
8877	730
7562	8089
7241	2647
6417	5805
671	8476
8836	1565
7753	5618
9304	7872
3377	4330
2414	6693
812	6140
6195	6444
7738	40
286	4610
6637	9869
6222	573
5359	8417
9857	945
8377	3012
1208	9684
1178	6738
7556	7952
2624	8192
67	883
5508	9914
3482	4381
1899	6320
6364	3432
9558	2695
6252	4811
7064	3051
6962	4011
4852	2563
1824	4707
2755	4199
6560	4700
4162	658
2799	5778
4696	5172
7250	1635
879	7317
3432	2407
9725	6232
8215	9330
611	8866
3723	6042
2880	5756
7420	6370
1926	4417
6622	818
8652	3524
6407	8129
5977	2760
2843	3075
9022	9512
9887	7243
1367	1086
8775	4105
7128	7929
541	5171
3810	693
9279	1625
5248	4306
3599	1657
389	2187
9348	8248
2852	4047
5239	6318
8738	4003
5155	6073
3356	4734
4215	4349
5216	2169
5469	4985
9292	5384
2007	9236
7161	3590
3630	6512
6672	6710
1094	5929
6723	1740
7626	9397
5776	8849
5265	8426
3850	7257
2985	2951
925	1861
4409	1277
1236	8432
2622	9983
215	295
9547	1946
9047	6716
1354	4199
7211	407
6083	9169
6589	5134
5900	1166
6397	4602
7560	6562
4339	2834
8076	3572
6873	2704
8339	1022
5158	491
5098	9568
1804	2628
7650	7956
1138	5747
3874	2164
8102	5982
984	5776
2035	4594
9713	6033
7178	5413
5517	5269
1516	7115
8280	207
7604	6074
3080	6234
5442	6875
5618	5515
7921	4880
4287	7151
667	5273
1795	7323
4962	1150
2046	8201
4671	7182
671	8634
6863	4299
7627	2096
434	8571
3207	9489
9354	9959
5758	4277
5891	2124
7458	3856
9501	4566
1897	680
4292	9981
6410	9845
6334	7459
2858	6863
2964	2549
7643	1607
594	6692
3249	2600
352	1733
7098	4174
7137	76
9302	4144
4730	2095
2978	7134
2146	4626
3715	9047
1469	5276
646	9436
2832	8025
9382	2308
6246	9662
5305	7683
6903	790
8919	1959
5275	8001
2330	8673
6166	7755
4558	634
916	5939
8614	3091
8199	49
5332	2573
7145	9652
9520	8541
6851	6265
3774	6067
9913	7142
9301	2692
2570	3907
5111	8734
6679	5409
9162	1717
1065	6900
804	4103
9570	3975
1319	1630
4467	5501
6867	5007
2292	4319
3970	3492
9543	7441
1382	73
3406	4480
7894	2579
5260	7481
9104	7878
2542	5242
781	402
4653	4227
7732	3127
9987	6771
4891	3537
867	1120
2218	5294
1406	3650
2845	3859
8490	4742
6472	162
786	1737
8041	5312
1888	70
2180	3502
2947	4388
6261	534
8599	7254
8961	2782
7521	4959
4000	4227
672	9973
8364	3535
4804	2828
4915	5093
6779	3105
9084	3995
9389	8887
9338	2089
2986	8436
6572	8620
3086	2621
4359	1689
6238	5737
663	592
1070	7676
637	9608
1600	7566
6657	9985
2141	7805
27	5276
6787	2943
1019	9770
7649	9666
8322	9765
9751	2417
5071	9476
4541	1083
9236	4118
5983	3563
8160	8072
156	846
8861	7482
4707	7810
6665	3044
2860	6595
6562	1659
2841	1262
429	3495
8795	8257
2056	7665
8112	3873
4284	9780
9255	6867
9761	8244
3536	7144
6109	709
7624	1484
4229	9446
5413	4675
6946	9863
3052	7672
1079	2988
242	2821
106	3381
8950	2571
9721	4124
2746	2541
7578	8018
6438	2187
1488	9211
2415	3990
3201	4385
9653	6880
9792	5054
6287	5128
3014	89
9973	5510
893	4904
5238	707
9948	569
5266	263
3838	1880
3426	3708
9172	8247
3097	9729
2933	3199
9630	9234
8522	611
5446	375
2183	2482
2327	300
4985	6481
3997	42
2165	3457
1274	3371
7190	4729
9492	2609
9129	9722
6835	4208
6010	8094
6552	979
888	6456
4006	5896
5395	5581
544	4115
