500	1250385
4304	7699
1127	1122
9697	9084
4891	1933
4852	2821
5233	5583
3756	8514
8970	9270
8112	2207
6822	8519
9044	2565
5901	8369
1729	7550
4494	5202
9406	5310
70	5607
2403	2851
2484	7836
5090	8791
2304	9584
3064	2352
9157	5504
1714	5112
4211	2533
1500	645
1002	9500
2500	9786
6299	3456
9078	9054
3968	3636
6439	8114
9146	8475
7060	3696
1893	324
1052	9985
8921	4969
7655	9093
4627	3059
5670	4402
5651	7716
6896	9538
6904	6192
3893	1060
9288	9733
6519	6474
7057	6251
102	1396
1437	6009
7244	4046
3390	1781
8815	6549
7730	8793
5585	1373
4233	4567
8919	9249
6121	5559
3417	3495
1273	2251
6901	1153
7267	2086
6022	3799
5953	9765
5469	2422
6817	6117
6766	4999
428	3946
842	882
161	9171
9715	1675
1385	3638
2279	4611
2470	4779
9175	3158
5514	8988
9975	3910
805	7970
3314	6424
8426	8908
5992	5943
6706	4700
8447	9388
5717	9371
6731	2632
1395	3079
3160	2952
7445	9173
9949	319
1763	6832
6223	69
9613	2546
1512	963
8993	2999
2605	3735
4320	7543
6366	5341
2912	4937
3773	9888
1466	8187
8353	4710
3577	4346
2877	1541
1840	5775
3977	8982
535	4404
5088	1230
7270	591
4518	3871
2615	6505
1070	9551
5496	5998
7589	5767
1899	2497
5286	3605
3286	8629
5035	5798
3384	868
4566	5461
3688	3950
7883	5261
2550	2626
5893	9349
883	8450
9246	2167
5678	7789
4758	4572
4297	8043
8242	1237
9634	224
1375	6058
3951	3900
3204	2683
9534	2663
2813	9078
1388	6539
623	797
8172	2629
886	1875
6529	2850
4680	8736
7412	6813
7898	9286
613	9790
4571	2763
7650	1955
7817	2044
7364	5598
2925	1398
1666	528
7909	9063
108	2526
9198	5273
4208	7886
6309	1702
6244	6763
3077	3532
9893	1241
9948	7825
1875	9227
3221	846
3261	8129
7142	1780
2837	2255
2002	3758
1993	9385
8839	4719
9805	3767
7243	7019
7713	2803
3858	8162
2965	129
6856	7611
9406	2793
6886	7066
5532	387
895	7769
4790	730
7406	3013
6679	7725
2028	9981
841	9675
1985	9768
6884	6850
3803	3481
7609	4335
8608	3182
1387	4678
4532	8484
750	7364
8535	3590
2293	7705
6689	4423
5641	6849
6440	2774
3236	7810
3783	3439
989	1870
8577	261
7937	1020
4899	5690
4090	8140
1894	959
4682	5838
8176	2293
7461	2018
9605	5365
5875	8277
5123	7147
5260	3487
6538	8983
843	2715
7876	216
6769	6748
7474	7521
2945	6771
9360	6255
8696	1402
2041	2635
6103	5875
9081	4958
9101	2513
9873	9168
7468	6174
1078	472
3937	3872
5861	4289
7596	7289
9256	8592
3237	7087
9179	6649
5881	9880
5128	7531
6328	2729
2291	8729
8927	2052
2326	7036
5627	3206
9421	1611
1986	8693
8811	505
7787	4312
8117	630
6083	2984
5078	1865
6659	4713
760	5344
7920	1991
684	495
680	5000
1766	9684
8954	5013
4178	3806
1166	8098
8291	3536
5261	9333
1163	2958
1092	4204
6225	626
3646	5255
6775	4044
3680	2586
7749	2155
6331	5311
6321	1031
9653	1265
6825	885
5744	7178
2553	1129
3862	9263
1734	1146
8790	1868
3195	2199
4331	3824
1294	3094
9501	7596
1153	7536
8063	8716
2665	8596
2902	7972
6127	5876
1130	7818
600	6159
7935	3133
1898	7050
8849	2227
2048	915
2411	5382
6543	8482
5996	6998
738	4819
3079	1988
1935	2414
401	3531
6083	8253
4152	5118
2670	556
1888	5521
5898	465
2642	6415
6819	168
9679	1769
492	6298
8717	4212
1913	2820
1403	4926
3704	2539
13	9791
2821	4353
257	408
6701	5370
6724	7286
8551	8134
3341	1625
862	8815
109	4437
9802	2794
7105	2054
4718	9082
350	7403
229	6476
823	2491
2360	5010
9220	2937
1325	4745
3147	2577
1758	8103
4784	9530
9880	8302
8704	4224
8460	7429
8403	7240
183	8285
5238	4876
9350	1550
2993	3298
7674	2039
7679	8157
2160	7125
1611	3692
3804	7909
2589	2396
5662	8895
403	9780
8733	1988
757	3490
3501	7515
1753	5507
7323	6837
2374	7061
7767	4241
4929	5508
6103	3442
2549	7136
4435	5725
5847	6289
2089	7426
8045	4238
4514	9688
3501	1015
7842	5912
2068	741
3694	4409
6306	5157
6824	8210
3205	809
24	7770
2925	6754
2721	7943
777	134
1186	6054
5780	1994
5500	5757
9131	3710
1196	5979
4144	5887
2533	5178
7535	412
7689	4023
2837	9005
9878	2469
1515	4892
1671	1586
174	8469
2167	3377
7551	4527
6919	2051
7326	8992
7341	1899
9837	1892
6361	3473
1780	3738
3764	4342
8893	9068
6556	363
4303	3616
2804	5247
534	2901
7097	1055
1095	9193
726	2886
995	2557
5867	117
6159	4617
1279	5194
3486	9315
240	9813
6825	3334
785	9073
8232	8301
9567	326
3000	4399
8145	6211
1477	9683
7012	1229
2806	8078
1338	3006
5167	9269
3274	9912
2744	1897
3956	2038
7192	9275
8075	9597
141	3519
2460	2746
9431	2585
3272	93
5548	5401
3584	1231
9697	1477
9444	3015
677	6113
8128	9085
8178	8515
6258	4121
8065	2383
4519	4043
1880	3662
2096	5611
2091	1098
4843	2554
925	5905
7444	2831
8204	3791
8591	886
5679	6145
3008	8640
3298	5841
1711	9009
6407	6032
7039	1587
3589	9262
2350	4814
6248	214
3766	8131
9136	5468
9626	1059
7365	4550
6709	8615
5892	943
6476	6702
3394	4335
3989	1292
585	7946
7259	178
677	3590
4398	9894
2149	7483
5247	6848
435	5914
1746	7320
5379	5579
1327	9220
7702	6556
5302	5456
1619	7231
7282	1284
5267	7158
9109	8304
4807	3672
9152	4522
1426	1119
6111	4523
3463	7856
4871	2561
2549	7141
756	815
9725	5400
248	7910
8639	1296
5389	9305
8126	3885
6109	1611
2726	9710
1748	7962
853	6555
5925	9915
7476	7782
3751	292
1792	4376
5725	6869
759	3781
