500	1208332
3856	866
7153	4663
7092	8954
8545	8082
5906	591
7813	5449
2707	3316
9768	8214
4392	6680
2551	2484
2170	1837
2062	5490
7515	8410
3032	8268
3892	3825
5126	7886
6678	1474
5754	2316
9586	2209
8395	6750
9444	4552
2384	3786
1482	7016
2027	6732
7041	4883
7149	9970
9728	3843
5569	376
3771	8157
2639	1791
4183	8370
7841	4814
9017	8670
7807	8446
2663	4318
7261	6325
9779	1932
2656	6694
1365	4951
1647	1989
7096	41
829	2150
4885	4775
47	2666
5147	2180
6266	388
4467	2296
3167	356
2303	7850
3299	1760
3592	3062
4566	7302
3675	518
7563	701
163	7986
1994	5694
7651	2128
9287	5210
6978	7172
5954	8490
5085	6986
2764	487
1834	6615
5755	2919
6569	7297
1164	6501
2843	1990
4498	4820
4725	7759
8421	7150
2280	1614
5017	3236
2305	3329
7138	6079
8428	4167
541	6697
7927	3893
6528	8578
6322	6000
4488	454
882	4492
6206	402
7635	1537
4673	8505
7683	3389
8585	7486
1522	3797
5998	2157
835	3155
9362	6594
3944	4757
7265	4150
167	8746
3985	4029
675	372
1957	6655
9805	4438
141	575
2074	7422
4157	6950
9159	256
8954	9388
1160	1116
1394	8864
5959	6224
1614	3989
4312	977
6152	6903
4406	1837
5755	1831
7203	7639
5628	5191
9271	55
8843	6936
1591	8740
9496	6766
5746	8277
3810	593
4584	7882
5899	1445
7245	3413
2400	5089
4096	1566
8376	5091
7684	1883
2042	3773
7965	4372
7363	6396
3524	3505
1237	2644
5153	6393
7406	2857
7256	2770
3243	440
7249	7046
9200	8905
8071	8175
1212	1179
4735	549
6854	5789
3319	8877
4216	9973
2628	7887
9257	7229
2950	403
9600	9721
1618	3835
3794	6149
2854	1700
4892	1204
7600	2496
5332	4707
2945	5813
6045	5482
9542	882
4596	6858
3355	1799
8385	7924
2677	9665
4904	1097
2694	7141
6932	4373
688	5164
3852	9531
9408	9809
3363	255
4183	3010
1960	4978
8634	7654
6400	1469
595	6196
2150	1206
258	5670
7775	7218
5931	7457
1720	4704
1918	4117
9426	8656
1799	9391
9054	407
8160	2399
4377	4561
7034	7554
7575	1423
3995	591
2812	4656
5284	741
7205	7736
3330	933
1869	894
8278	1283
4767	9390
2733	325
197	6851
6354	2609
3103	4024
249	7966
9498	7927
9856	8435
2731	864
6413	3390
1400	3889
7203	2734
3945	6493
7331	6250
3599	4561
3342	626
8080	8203
565	5606
7036	4129
6731	1258
2142	120
8847	5693
1973	6655
1524	8582
3010	8910
8197	2849
3231	2190
5142	5833
5550	9030
8083	1259
9508	3876
7824	1176
998	2463
2693	8916
571	6675
6352	6563
2601	2763
6321	6948
1729	6825
7874	8941
5747	163
1693	3710
1413	4881
9922	7071
7587	5518
4341	9125
1765	6882
4329	1441
5152	2632
8058	8162
405	1409
9376	4210
5562	97
8629	3149
6632	1475
2996	1660
7258	4162
6581	2187
7179	1955
3447	1191
7406	3373
7904	7051
3953	4664
8760	6197
9172	1033
3035	3696
6135	4761
4157	6221
1397	5838
7070	6188
979	2653
7133	1511
1185	1189
7199	1605
7926	4097
4511	3348
2429	428
9389	2819
5654	2033
9	4902
3878	5161
1616	193
2098	8508
5686	6532
7972	3451
4753	8803
580	2837
6850	3681
8643	4474
5344	7118
4699	6540
9561	3999
7425	9849
6491	5739
8047	392
903	9919
347	9171
2602	3150
1263	3765
1489	702
4255	2658
3841	3435
6657	8565
176	8686
4023	5544
452	1893
7434	7234
2601	9712
4937	8853
7354	636
6173	8922
2302	3191
6651	3531
3991	1575
7261	9062
427	3254
8892	6780
7270	5332
306	5723
3468	7945
2191	9976
5847	1582
8128	2681
2103	8561
7014	484
5346	3296
8487	1630
4165	6418
8523	3773
1839	4453
7287	9860
8563	5152
3981	4636
1774	3085
9798	6919
8782	8757
7604	1228
300	6344
1544	7668
4975	7830
974	3103
8350	7990
7375	1631
8141	7119
6527	1970
8427	6304
3024	6406
7924	4484
6863	1389
9327	8262
8325	4090
4133	7746
907	5402
2155	764
9520	8577
2354	4991
2712	1416
7939	4632
6458	5328
3339	2041
9720	7730
6374	4095
2769	8108
1554	9146
5053	5521
4318	4662
1522	6696
5615	7116
8094	1087
591	8250
1090	1753
4091	1581
8033	6508
9897	7348
7878	6707
4454	456
1302	8644
40	3103
7434	172
2610	6529
2310	9464
9351	6353
3539	2144
6412	6829
2476	2630
7331	2998
482	5556
4512	5818
2819	5770
6987	6968
3274	2408
29	8306
4188	5155
6653	5172
4629	6259
9008	5733
2026	74
6314	3289
3318	8277
6701	4230
2866	5377
1419	553
4913	3081
5551	1742
4144	4970
3544	1179
2714	2104
2411	6206
6559	8331
338	8632
3658	6757
3319	8018
1383	5892
2860	8536
5169	1108
9356	6832
601	9176
6635	395
4326	4838
4279	4856
3213	2809
213	4414
1512	6070
1454	3383
7580	7422
8833	6820
6464	9895
6802	7725
1055	1120
4453	2199
2089	841
663	5926
4725	6552
9012	5244
9077	5519
502	7388
4821	5627
6537	7008
1805	664
8946	8565
4772	8787
1391	3593
8235	8370
300	6529
3235	4028
6963	4426
9010	1334
5842	2072
4224	7437
7875	2279
7914	9146
8659	4861
8729	7559
8790	6765
4160	694
1134	1557
6901	6831
2289	7441
1367	8542
7628	7754
9295	7115
563	1145
3299	1513
7057	8463
5220	8433
7385	4710
2167	1037
7114	228
6669	7579
359	8953
9384	6527
3759	6349
1483	4836
7667	171
6304	9509
522	678
6117	4425
3815	7202
8515	5935
652	2381
8380	3471
4324	8304
4851	3278
8423	5642
5501	810
2475	3874
1509	3082
8872	6234
9035	3298
7218	4260
1967	2301
1614	8712
3008	8467
9463	3395
2652	1611
3394	6685
8067	6145
1985	9575
7653	7653
4627	3869
6114	2961
8258	4126
6433	4311
7587	7701
9140	9540
4374	110
3319	6707
8603	7394
970	6653
