500	1841544
6785	4638
2977	7966
573	9680
4931	3955
2202	2780
4581	2371
9135	5501
5066	259
1606	6056
4692	4646
9804	8982
9033	1535
6129	5649
9289	735
6616	618
4618	1079
8935	5261
6384	2130
5249	2648
7054	5992
5239	6915
4543	1170
607	7404
2645	4522
2657	1354
6643	8813
2291	3172
7801	5502
9162	3683
5697	2272
5115	2993
6260	7220
6707	5085
8360	3007
7755	4282
8720	3524
113	6566
7600	9114
9963	708
3200	4630
1641	5480
1991	8451
1944	9021
5484	4307
6385	2518
4694	9820
3195	7617
7346	3349
8101	6971
3346	715
6017	3295
9815	2817
3349	4113
1141	6358
1433	8142
3611	9680
9200	5254
3533	3827
6083	3070
7962	7916
3335	2275
4621	6372
9442	6900
8267	9215
5997	3249
8427	1615
1232	4397
33	6151
8238	253
5789	2075
7961	8258
294	8299
2355	6141
2890	714
9990	9951
6329	2866
5691	3579
4209	629
9008	1519
1669	1674
8081	3245
3171	5270
9540	2964
7245	5829
1685	9889
5414	3736
8997	462
5467	1553
1492	8886
8629	5239
4825	6067
1896	8247
5349	7815
7465	504
6594	3414
4365	4519
5693	4175
9362	9341
934	4714
6809	4847
1883	3937
1236	7858
287	8040
8131	9648
1555	752
5069	7349
1373	8598
7647	7716
2717	212
4603	6646
9642	1277
2745	1160
9364	9961
3378	8742
7592	5160
8364	1490
9945	120
934	1864
3319	8419
9919	9921
6047	1158
8616	9445
1555	5668
9162	2276
1609	6869
327	3754
8346	3887
7966	7763
6033	5978
878	1729
6850	6437
8137	4891
5508	1597
6111	5742
19	5008
7494	5520
576	5142
2519	6943
7769	9219
4578	4820
3418	9977
1276	958
1572	1115
6560	6630
8236	7547
340	8391
8036	4989
8649	1640
8475	5340
5672	2072
8106	7078
2713	2380
1489	2128
9806	2568
9771	479
6573	1774
3713	5994
5255	249
8189	2051
8298	944
3321	5683
5935	86
1059	5744
1979	3824
5515	7059
3271	5356
9953	5701
851	638
1092	9279
466	5257
1059	7687
3217	8681
7960	2714
8021	5948
9063	8480
8374	3078
5243	1830
6051	9111
6604	5578
2044	5663
8318	9188
6489	9358
4349	4856
4389	8740
8770	8485
7010	5361
2995	3819
4484	2912
7309	8956
642	3484
572	3781
1897	4167
5385	1436
514	6364
5282	2589
7451	7997
5008	408
687	7005
9869	2739
7696	1358
2882	1169
992	4255
8400	4826
2976	9190
7764	5328
5572	2263
3015	6346
9457	1019
9381	7356
1240	9218
4996	8161
2649	4772
5359	4520
679	6575
7165	3618
3006	9569
5763	2862
6656	2948
5891	2740
4309	2302
8538	2259
9258	1416
8834	9757
2069	5835
9497	3485
572	3417
2830	880
7186	7672
7509	5358
1789	738
9437	3421
6056	3820
9208	68
3772	5528
3007	7300
1259	6472
1804	4308
5917	5823
1898	7028
1275	8197
1484	827
2186	168
7328	3017
2680	7715
5584	9514
1367	4967
1722	8770
7683	5336
5333	4691
1660	9730
5000	9537
5118	7718
8298	607
695	7697
79	6146
8670	5658
8138	3454
6052	7317
2431	464
3166	8525
1499	5291
4921	1458
8066	6786
4360	7659
4874	3830
5624	5164
6882	7459
1576	214
7292	5117
622	9089
7632	7081
4187	7862
9305	4561
8894	1246
6251	6554
9190	2244
9166	7084
9613	9772
1829	2226
8591	2393
7888	7566
3982	5095
3825	6558
2957	6473
7527	1836
5642	4567
2029	9421
2291	7342
6467	7476
7127	8245
9211	1087
6457	1417
8976	528
7528	6667
9525	5326
3956	2109
896	2813
9157	2851
5377	5198
9399	809
8361	8263
1989	3819
3890	462
3877	3348
5474	1752
4463	1380
1379	3316
7639	7505
7937	1590
7664	6168
9415	4491
4368	6867
5373	7946
7026	636
3842	914
1996	3361
4769	2888
6457	332
146	8448
5553	6914
9444	9132
6934	989
8821	5648
9211	9575
5653	4368
5629	3193
9445	2247
1439	7127
1971	8875
751	8880
1365	5776
1294	7688
4167	2014
5588	2276
1133	6672
6072	3769
6965	5566
5614	2396
4531	8334
4034	1163
4958	7972
6132	4075
8777	9813
3567	7907
3350	9707
788	9810
9463	5019
9875	9476
664	6329
218	6077
1446	3575
2009	3852
8997	8541
2153	2293
5487	5964
5927	3733
9651	4846
9418	1152
297	2858
886	4652
3010	9653
3324	2265
5581	7745
9362	3330
8397	6126
9607	7893
2084	1169
164	12
4745	2961
4092	4996
9035	200
7171	7766
5122	8210
5334	1441
3908	9374
1616	9451
7518	1146
8020	6222
2493	7837
4941	5141
8443	8563
1191	686
2172	3126
296	4668
4068	8688
9618	9355
9162	2052
1175	3933
7839	8067
1883	332
3157	4769
2940	3714
2127	2768
514	1495
2261	633
1903	6788
2806	172
6360	2829
9330	1753
1884	1280
8462	2208
2131	8154
3778	4898
7089	1228
6091	6819
6186	2892
5578	3063
1087	4119
6695	72
6303	6858
4395	4535
1977	559
5496	4272
4919	1991
1213	8581
978	729
6476	6980
5749	9255
1849	7910
471	4941
7078	4621
4441	5128
523	3013
9927	7729
1184	9289
9145	5279
1581	9725
4175	6090
112	501
9079	6928
5569	2350
7112	7769
4389	496
5079	7462
8532	5964
619	2828
1949	9646
4463	8293
4970	245
5227	2741
8151	1115
2914	8939
5341	139
5157	5301
1510	7323
3408	3251
8165	1201
8927	9483
1441	8593
5603	3979
9380	6042
327	4069
8756	5052
8052	2765
4394	9762
2121	5972
7980	306
4250	8782
8377	7103
6096	4219
1197	4791
3833	5200
6132	4647
9655	6284
3067	717
5838	6165
2134	9702
7681	1699
1278	828
6185	4674
7964	6720
1939	9521
9587	4799
6608	2624
4472	4227
9795	1265
4909	1937
8778	5864
2687	1638
5338	9940
6282	4415
4007	1104
9706	8448
5597	4746
5078	9913
4475	5134
1669	7928
3861	4484
7861	9857
2116	77
5774	7206
3201	7264
4660	3487
3957	5523
8681	1679
5717	6380
3540	9700
3145	8805
3138	1060
7625	1479
