500	2190616
6405	8073
6771	797
8530	6968
4991	1228
4609	8297
7932	3898
2537	2906
7466	3229
2686	225
5405	558
6204	6592
1706	4884
4589	8399
8621	4406
7115	1181
1721	6622
9606	7651
2429	1516
8359	3894
350	3173
8873	459
9923	7707
3387	6627
4143	2571
7636	9104
404	4933
6144	6228
5399	2568
3068	5910
8742	5675
8662	4338
4227	8177
6971	8852
5689	5736
8164	2385
7741	7825
1771	4553
6793	4693
5357	2686
1077	8547
4423	5197
3037	5885
1659	9694
154	984
3510	3688
696	7668
2442	198
9794	8578
2476	9427
8047	1043
6285	2348
6956	4585
178	259
8762	7260
5946	8187
4479	4983
5858	3567
7281	298
8239	989
4965	2688
5272	9902
6086	8789
1402	5182
8213	1764
7780	8456
9831	8468
6684	8953
8989	7757
9770	290
3613	8720
7167	8173
9992	7870
2960	9513
7156	398
5872	9235
6453	3972
1785	4066
59	7486
6871	7765
9986	1420
2243	1307
4148	9380
5606	7969
7853	6449
4788	3216
2039	1949
3495	1323
341	6248
9511	6262
3917	512
3485	4561
7053	1897
5553	2244
8145	3148
3108	6844
4812	2000
3572	8142
412	857
5560	2597
4405	9073
85	2484
381	8223
9329	6552
2597	6412
1745	9387
8294	6503
3297	291
228	2316
9872	3865
9063	155
4266	8463
3788	3777
1608	9258
460	6604
614	4344
3296	9928
111	2870
8562	2592
7428	2225
1639	4522
7605	5360
9133	4037
111	9998
9953	1913
1380	4354
7267	1998
8708	9537
190	736
3106	3224
8179	3492
8806	2399
311	2057
4185	9029
5067	976
3856	964
4724	4736
1729	7949
9415	2597
4311	2178
4840	1953
5314	3435
3820	7400
8403	7352
5581	975
8789	6911
3049	5901
9142	7520
5626	8796
8354	5535
3684	7446
8626	5870
2276	3334
5531	3804
7128	2447
4047	5110
7491	5120
6298	1568
2586	3994
6204	493
5699	5171
8555	300
4578	6481
4870	8988
6060	965
2538	4571
5841	7918
222	2267
6155	3207
2834	2296
3309	2299
8643	2961
4604	3042
1971	3802
7902	685
6856	7990
1917	6361
9091	5139
7141	3855
996	5863
5310	9955
5911	5178
2827	8036
9013	4784
8504	2060
551	5673
8769	4684
7298	1176
1	5122
1044	609
2328	2987
1005	6069
416	6513
1796	2860
7923	670
9686	4659
4866	7917
7553	7021
8857	1252
5776	4513
2633	2302
5734	8681
4946	730
797	6779
5759	7440
651	8828
5451	8007
6120	3625
7089	2564
2687	7163
1835	7661
10	5359
8703	4596
4334	648
2687	8612
6665	9418
5892	1711
4982	6640
842	3604
994	9471
1694	4883
4168	4431
9423	9746
5054	6306
7402	318
7545	8365
6644	1055
6555	456
8155	357
7595	150
5287	7730
3641	6942
2449	4995
4458	4697
2848	5629
462	7387
337	2448
191	9167
3104	9723
8531	1580
4295	659
1513	6219
7216	3891
6016	5044
8769	6235
9663	5492
7723	5982
1432	1488
9439	2152
7220	5320
8451	9270
6691	8701
8950	8382
7783	3620
5906	4085
6738	9178
4211	9725
1612	4492
7762	4142
776	148
6552	9776
8789	9887
1842	6604
915	4144
8378	7594
285	6784
3398	6404
1546	5135
1178	8128
8023	5868
9817	2400
1679	2030
647	435
5684	6475
1066	6398
3542	7477
8272	1544
4399	1012
8725	6793
7942	6719
4575	6965
6943	1434
5364	8026
6747	5971
8368	6346
1211	3831
5678	4722
7367	6114
1184	1985
9980	8973
3152	3804
3878	8560
2552	1784
2309	6734
6701	5536
1218	1064
2892	1429
2722	2184
2919	6327
4019	6317
2255	2170
7390	4962
8514	1038
9038	4564
110	7975
6164	3326
1678	1773
1522	5089
8953	2356
7522	6506
1628	8331
4245	693
8418	7040
2750	8576
4716	1442
1463	6526
7569	2399
243	3166
2789	4207
9773	1506
1975	9277
5012	3089
9396	5727
7223	4756
1333	7367
2501	1942
4374	9295
8326	3239
7517	8403
4558	8937
6598	2698
3235	7260
9722	3343
5965	168
5171	399
4685	5873
1160	1938
7412	9229
3767	4083
6946	3211
1317	9076
8167	3899
836	2122
635	8075
9834	902
5236	8087
7173	5329
5064	1870
8904	1716
1702	8887
8230	3013
1809	7279
2780	2495
7473	8732
2932	2377
6398	844
3455	3157
5593	5085
3093	9585
5836	6356
3215	232
84	5694
4993	1537
9514	1331
322	1707
5020	6243
5607	5850
5551	5181
8566	792
5151	4768
8625	2857
4943	2300
9633	425
2031	4886
7248	1409
5233	1743
6898	8752
4858	5661
6540	7967
2422	430
3632	7544
2353	1679
7545	4716
6730	5795
2020	4631
4883	649
4702	2467
7557	6018
8696	3041
1687	9971
6119	1696
7149	5255
2979	7494
4453	8871
5791	1563
9467	5584
1058	1991
3015	9828
2832	9408
4065	1589
5274	5004
8577	5132
1531	8161
5092	2547
9897	2148
8458	1055
7677	3318
2738	7545
9012	6019
4720	198
1979	171
1079	4252
9383	7479
1561	5814
6391	9821
4627	5118
9567	808
5487	9458
4450	7078
6692	9465
9617	3061
6382	4836
2188	8571
5985	7514
1294	2777
1020	183
9256	8837
7839	2202
7622	4530
4080	8730
2084	6608
5913	2613
6867	2764
9797	3937
6065	1747
5636	7247
1060	7842
6204	8540
2489	9372
4544	4148
8555	5162
1119	8437
8441	2283
4306	2347
6809	1985
6488	2118
5363	1110
6833	7956
1473	4963
6339	5635
5898	7123
3473	3674
2979	9696
9610	3112
7029	9651
9871	3849
6098	2820
2393	98
1314	9214
8587	3104
7376	9178
3796	4457
2974	5888
9853	2173
1356	7557
5059	3787
1690	3289
8554	1160
251	7534
9525	8051
1366	1973
223	3388
8488	1652
4598	2438
771	4714
1565	6461
9076	7214
895	586
3048	3974
2005	4587
8801	8895
543	5272
5328	9532
9055	7370
2730	2188
7138	9645
9558	9333
4728	3390
843	3017
9271	5391
80	185
3133	3330
1364	9307
7985	7535
8997	2962
3384	4849
8579	9030
6404	2870
682	6012
6661	4957
3580	6516
