500	262283
2139	6335
5027	9196
352	5705
8214	4365
7569	8595
8072	2202
1178	6621
609	2854
3795	1887
7863	6763
4283	8077
6307	4487
4084	1814
7154	5338
4311	6451
1381	4028
7891	465
2954	9000
8122	5221
9188	136
3649	7191
8216	5761
8418	4654
1962	6816
2582	5976
3979	5008
6978	8919
8930	209
7243	1425
9180	3760
7367	8945
2400	4240
4902	5894
9519	2750
1907	7716
1598	9471
7905	8407
3262	9295
3616	7490
2463	2265
4253	1048
2748	4637
588	1325
1193	8731
4510	1738
9123	1376
489	6712
5393	5619
3415	5409
986	6421
3376	1582
6494	8876
8149	7806
6683	9005
5918	7012
1297	3298
154	8751
4306	8736
8953	7111
6511	6981
3945	7308
1609	2268
516	8521
8150	8654
3290	5310
6801	4495
9833	6109
8609	7611
9989	6160
8645	8668
7200	3747
9599	9257
469	5444
2838	6120
818	9639
3684	91
7469	8110
7695	6830
5275	652
6727	7727
9840	9356
6407	2214
5532	8456
8303	5195
6819	469
5941	7112
6309	3601
7845	8032
9708	4713
1345	2472
5884	9799
3413	1944
7421	6198
3779	782
4461	4191
5792	1793
602	9237
4268	9226
9209	8925
6352	8082
4413	6720
9409	6875
7345	1575
5107	8612
1087	677
942	5674
5289	4897
7403	8574
8985	8779
7913	6181
8529	6869
1989	9715
6438	2693
9372	6004
2855	6117
6018	9328
590	3277
4458	2772
967	2553
4272	1616
4149	6210
8775	8632
3159	3922
2449	5755
8943	6942
8721	5751
9832	7836
170	905
5778	2283
4045	2174
8521	1890
7651	4858
9574	8906
5838	4648
9544	9327
7120	9537
2507	7656
6647	5690
3485	961
2392	2551
1341	3443
9697	1054
625	7384
7230	9505
858	4321
4319	5971
309	4609
5336	20
1528	451
3879	3548
3631	7969
6103	7894
2314	8455
9235	2922
3131	6211
7678	1136
8012	3729
9827	6436
3138	1064
363	6212
5836	5755
3125	8895
571	8888
4360	6884
3551	7636
328	4395
3015	8521
9272	2876
1573	4554
994	6384
7142	7509
6723	8243
9664	6448
7889	6786
655	4278
8680	1619
9837	7942
5059	678
3981	5124
3792	3692
6970	7135
419	8229
4347	2088
7617	9667
7823	6644
2270	9363
7009	7038
4683	7811
4364	1265
5679	2416
557	1770
8952	1249
305	9927
9142	9211
5032	8938
8487	6961
1113	8763
6390	54
7920	8098
1397	8892
5863	1382
4891	8332
2396	4825
3287	7540
6077	8055
6551	657
4882	8445
6842	2169
4571	6267
6543	1794
7680	6831
2124	5314
1381	3539
3081	3679
6527	1922
9643	6159
2378	3977
1957	4416
4123	532
1028	2644
8290	5677
4279	3757
7231	3319
6584	4906
5830	335
3566	3541
7845	4420
2595	5787
4269	6442
3527	5583
2888	8922
9582	1329
9376	4934
9088	2207
5207	4664
484	3672
3940	6640
7842	6191
2373	4523
2287	5914
8741	548
4204	9849
2880	3052
7418	1441
8109	5690
2298	2351
4629	2690
9436	3942
6387	410
7211	2058
1316	8396
5995	4270
5106	2487
1656	2310
9629	8811
4775	2792
9935	2957
7442	4001
2843	8323
4524	1220
7115	728
9988	529
7054	3497
7653	1525
5633	7978
7014	5795
5492	496
7196	8507
3637	2902
2384	1731
1416	8212
3952	2493
7605	6199
3165	1842
2116	5511
1068	9304
7609	7185
777	3976
2331	7708
2752	2487
6342	1118
5843	4466
1073	6374
667	6140
8098	6716
9837	1599
213	2661
6221	9139
8850	5221
6846	582
2833	3860
9811	6481
899	7616
8116	433
5935	2933
9113	2361
6235	5055
4124	8281
9356	1100
5108	6774
6303	1775
8344	6529
67	9004
408	8190
716	8156
8379	2436
5579	9191
2944	5394
3024	7566
6548	7682
7612	3236
5825	7635
7087	9299
5070	4666
7958	1724
3677	9036
879	4030
1583	1148
5950	5865
6885	8775
6189	3030
4170	1053
7048	9682
244	5404
1187	6072
9856	7999
688	1860
9993	1403
1452	8428
9423	235
3005	982
9721	7610
8476	1202
7884	2924
2731	8809
9385	5058
6340	8000
9276	4393
611	9367
6426	442
4590	1908
3833	6266
8321	9842
557	157
1377	861
9133	1949
7534	6200
9543	8037
2001	6400
6755	5906
9706	2942
116	4343
7859	2166
7746	690
967	1668
3626	1790
2516	4083
8999	4379
8999	4968
4758	6949
1765	5157
5982	4014
2222	341
6018	7953
9988	4609
5938	7344
8893	7371
8698	6300
4661	3828
7964	9705
7974	6972
7605	8262
2823	3324
9864	8902
4380	937
2402	4287
9864	7199
7320	6218
6065	98
3204	1478
6686	5795
1892	2302
2630	2586
5320	6743
7235	5168
6591	2130
5924	4680
8286	6823
9506	2166
5634	4755
7222	4221
5534	4906
4845	5034
4981	5413
1963	1010
6403	4587
2028	176
7317	8359
3555	8171
9480	6164
3312	9121
4889	7401
7928	9353
8915	7803
4368	3534
8666	3998
4044	261
170	7886
7223	3862
5447	892
5540	1507
8164	8693
8547	616
2840	152
6198	8381
2636	6156
6759	7443
7261	6844
534	6087
9066	7045
4858	2685
4445	5631
7192	2562
8191	7966
8913	4486
5280	209
3542	6093
5845	7809
3063	9253
6605	9261
9361	5031
8567	4657
9179	6407
6250	5608
4837	9916
6643	7208
6026	9138
5405	2619
2063	9106
1787	8825
1779	9684
1130	8006
1363	6939
9101	7866
6445	9223
5017	8024
354	4619
1060	6065
7055	5519
5041	2368
589	8424
69	5278
6609	38
8085	5661
3007	9009
6775	1379
5135	9485
6085	9665
5852	6825
2043	5978
3491	7674
7907	9589
7433	8796
3981	4540
5430	2448
7718	2458
3315	2405
2107	7450
5739	3869
8187	9423
396	8710
6676	9849
908	9667
2471	8091
6127	6189
8553	7061
9803	6561
7880	4192
4514	5682
9241	489
9938	3150
6379	2626
1671	7235
5935	2619
3497	2698
2948	1443
7145	6236
530	6553
8096	8509
8527	3283
6432	5212
8755	632
136	5027
556	8419
6842	6851
9555	4214
3169	8869
8842	2665
4965	948
6820	6983
