500	2205250
20	7964
7618	2173
9067	3511
1474	4674
418	256
7428	1060
509	6875
9564	3553
1594	1749
5390	1112
9028	1733
9021	3370
3872	885
8138	3407
839	3261
8269	5936
336	514
9172	4674
4750	4040
6915	2220
3533	7887
6355	8604
6957	8421
2961	9617
1128	4687
8034	889
1040	8414
2766	4297
4392	3582
922	1724
5072	7739
7304	797
6466	30
3452	9389
545	306
5644	2135
283	6626
6078	6694
4762	8930
208	3559
8	8804
8705	6429
7532	7812
5691	2479
3042	4001
3152	8673
8152	8371
3826	3119
6445	5918
7153	3212
4770	2465
9237	6998
2244	1748
6543	1269
598	62
7425	1125
2502	8185
7612	4693
2712	2375
6641	4020
8849	3095
1493	2059
993	2644
1881	956
1798	1159
1734	3025
4091	8041
6540	2339
4584	3917
6746	2479
8750	3903
4803	6638
2924	9476
8883	4119
3936	6298
47	3936
5514	2811
1742	7075
807	3489
2526	2643
2802	6974
4632	6069
3453	3599
3389	3513
2377	6399
3697	934
3315	6175
6228	8333
1712	147
1665	6124
8861	2058
7275	5112
9141	7985
100	3158
4064	8069
982	3680
9224	8637
5852	5616
9039	7921
9202	5371
9773	4935
5195	7604
3477	2737
2338	3022
7906	7749
5752	1211
4731	3644
998	9297
1021	4397
8783	1358
4090	2299
8067	1483
1277	3015
7404	8105
2327	4323
3529	4422
2632	6860
5630	2483
360	1887
7366	3363
8094	8280
8355	589
8233	7471
9683	9970
9822	6108
5187	8290
3414	3645
4556	3419
9673	7744
8974	569
6083	4266
61	6003
9693	3702
2465	4840
3440	1380
8072	3699
474	7350
6070	6275
4164	3934
1559	219
98	9121
3800	3532
6735	6496
2989	9017
9631	1810
9837	5509
7655	5230
8569	6716
4192	5136
3584	2119
5878	8966
1630	5448
4917	4751
4577	9981
2945	2899
1061	1040
4504	8808
960	1269
1729	2630
9059	2212
1347	3494
5040	17
1333	2696
1426	2952
9242	8522
1260	7388
5107	8646
5214	5311
624	1180
4303	3963
3478	1894
5804	2646
4948	8537
7950	7892
8258	6638
4898	9539
8520	5080
5115	8164
7101	238
3029	3983
2665	7850
4809	5862
5359	6456
6091	5672
1155	1541
2007	5994
2433	8326
6516	7088
4015	8635
8207	3938
93	2999
8580	6917
3451	9645
3496	5190
7560	423
710	8069
7778	3049
9947	2566
5564	4046
9773	8894
7322	577
9215	1664
2670	2135
3209	138
8104	4410
2831	4479
2339	5828
4156	7907
1486	5372
242	3747
8601	6365
6458	3301
2808	2350
6862	1866
5241	4346
5894	3717
9242	6693
3992	2486
6522	8876
7833	1547
5076	3658
7088	5135
5600	2445
5478	7504
5711	2685
654	2457
4629	9057
3297	6598
1488	2407
7837	2851
877	4022
4331	3571
6077	4921
265	2135
1	6862
1973	886
2941	6144
3526	8197
9012	8788
6694	1546
674	2987
3844	3758
1822	3534
2403	9391
1714	7627
7723	7496
7837	4648
7904	2239
4881	1998
8027	9088
1701	9787
8404	1133
279	3185
6372	5850
953	8911
178	1721
7120	4877
343	6841
1439	3115
2545	8849
8191	2649
8333	278
6678	9420
9543	9331
218	717
8836	5150
3462	6626
3240	8687
6864	30
6421	3462
7826	2481
2422	8793
9043	1182
5514	8654
6529	8758
3793	9967
8699	5032
993	8775
4948	8569
184	4512
8793	3423
507	4751
2817	2325
8509	4802
5206	8362
1464	4919
9775	4171
326	955
8923	4202
4539	1090
5536	6554
7276	7147
229	2914
9431	5159
6187	9803
3259	6296
5818	3785
5003	7815
5773	3684
781	7008
3888	1258
6775	6434
5312	4743
5595	5460
2888	2725
6202	2914
5224	8977
5404	2925
1992	6908
4665	8601
4633	1282
3657	3948
8103	4323
6838	1482
575	6055
356	6461
1564	7623
747	6884
6611	9518
1831	557
8715	9410
8982	5468
3994	7776
9547	6708
9276	644
2774	316
5405	3128
171	9656
755	3384
7147	1452
5877	4854
5707	2395
8056	866
2227	3358
9119	244
4400	9796
9822	7877
810	352
7379	6480
5675	2631
4200	8711
5093	6896
8615	5623
6819	2521
5313	9981
8094	8680
4822	5961
6706	4257
6374	9687
6110	3783
3651	5796
6439	8745
619	2451
1167	6013
9350	3103
4272	8318
232	6656
9426	2333
4632	2596
2911	330
4919	2815
2770	703
4541	3776
6110	6220
2350	9846
7065	7853
7687	7740
1606	2206
8421	9146
8771	980
2030	7428
4878	5325
1325	5000
4894	7327
8625	3833
1745	2660
8684	9272
7301	2849
584	1620
8418	4208
3603	5774
4869	4966
9590	2892
6399	2722
3973	199
4597	5101
179	3444
9634	8770
4594	7356
6109	5784
9086	2010
146	1451
5035	2862
9520	2978
2688	7947
8705	6135
5736	4271
6841	1605
7157	3624
2908	5848
2064	3
6760	5318
963	526
9201	7560
8945	4143
4364	3803
414	9699
9989	8815
4641	5817
3154	8650
8835	6495
9834	5812
4728	1520
3185	4479
6671	5551
258	6137
3692	3333
4753	9236
201	3603
1154	4196
7264	6527
1561	7537
8805	3429
1545	7929
313	3387
5100	6614
7715	6666
362	5887
9302	1080
2864	7028
2512	3033
980	3476
9319	4328
6075	1831
1255	1677
9649	6334
3156	1928
6383	9277
7504	5389
7667	5844
5379	8754
7505	8069
7363	7400
8837	504
2934	1748
9809	7974
2125	1620
1037	8378
2378	4343
915	5884
2577	9067
263	2280
2875	8179
6678	7539
3977	1890
8024	8552
7284	3066
1301	8189
2595	9126
6950	7648
9474	5384
45	6699
795	8459
7525	1101
3770	4086
221	9477
7656	6447
2772	8836
5710	4055
9754	6544
1990	2806
1258	4389
4500	7036
5696	5584
1942	1128
7095	5825
702	3727
9754	6792
3500	122
7803	3072
8165	1610
4394	6856
839	9355
157	4966
1395	9854
1170	977
5640	2712
4442	6016
8605	8042
8760	3356
8108	3299
943	9951
1405	7989
7001	2370
5346	8055
105	5132
6738	7973
1116	3779
8578	799
1890	6100
