500	633606
2767	874
6898	6446
5788	9567
285	9208
7591	8409
1507	7151
3632	8636
5837	926
9751	9697
5901	98
4333	5194
6605	1300
1910	3457
1998	2452
637	8461
3750	7209
6545	4117
2883	5958
4508	2315
8234	3965
9615	5377
8560	8636
5133	8256
53	8149
8248	3677
9438	2688
4598	9262
7864	514
8097	8945
790	9934
4624	2860
1837	3828
5237	2286
3321	4555
8446	8514
3177	6225
1355	444
1868	1363
9015	1327
8594	195
9349	1693
2846	9999
5798	5402
9533	9314
2785	5596
3092	1419
3071	3609
2758	4589
113	875
60	9501
8043	5224
95	9031
6184	7288
3315	6806
6373	8608
9740	9679
1728	2057
5006	6324
3805	7707
1613	9687
1351	3271
8421	2262
9894	1247
882	7772
6046	5245
1791	2543
2284	305
2237	7657
3746	3956
1144	5712
5900	1057
8001	7014
7352	6728
9921	8781
5104	6260
7480	6936
86	2331
1667	4087
2590	668
8807	8092
4129	9868
8473	9502
6180	8286
8051	9871
6122	3356
8916	7589
4894	5735
3130	5996
8099	7884
2560	3989
2574	1394
7445	6976
8661	2850
9702	1256
7465	4501
3001	4069
6771	3505
807	5026
6359	1435
2770	2163
6364	3851
438	6679
6762	966
8861	1381
4325	9850
3738	7556
686	4388
573	6394
5531	345
903	3585
4209	9239
9919	2460
4100	2684
6565	3520
8766	9858
4581	9023
1428	9752
7312	5220
3206	3447
2143	1534
2010	5014
9489	1694
4169	6310
2051	2012
6087	7063
5967	3569
2767	3319
1905	7757
6566	8608
8010	4668
6925	4454
1962	2645
657	6415
9900	1721
9011	1356
7363	8663
3511	7124
8922	8671
8010	7782
396	2244
2868	1696
7548	9361
9217	9178
1333	1531
3211	2663
9407	6214
6859	7992
1044	432
2542	5514
8323	9879
842	8090
9024	4663
1595	6292
2809	3459
3183	7693
3663	844
9140	1208
9984	9502
2424	9660
6946	899
5077	8186
6848	4250
3998	1036
4138	3666
3187	7160
1021	7338
557	2096
7959	4931
1711	7693
300	2214
7213	6963
6281	8335
2890	7694
2608	7249
8225	2201
9831	3815
133	6836
2184	1329
8606	7131
3734	2327
9906	6432
3843	7640
533	9739
8433	4070
6350	5998
4819	5242
8210	4190
3458	8637
641	2799
8063	4046
4784	571
374	6557
6196	4541
2665	6453
6823	4858
6021	9523
4553	9700
7445	1552
470	9843
367	3384
8916	6172
7934	9681
2050	1046
6291	7335
1734	1040
4613	4016
4863	4725
2989	5837
2895	8075
4228	4470
7896	3740
1590	4605
8774	8976
5412	3216
8719	3374
4010	7315
9841	6558
4940	6747
8069	3113
267	961
6596	8433
9184	3673
6827	6865
7223	3463
2000	7871
9232	8852
9671	8213
2589	9895
6566	5842
1628	9056
6568	4611
4663	641
5633	9189
9360	1149
1191	4571
4628	9834
5130	2483
9362	3551
3883	865
9054	3775
3461	2030
9045	14
4459	6723
9630	618
1874	716
4886	9120
548	2012
5574	3002
5331	5717
3479	116
9385	3382
1401	5025
8382	8791
505	7233
9534	3664
5581	5320
455	4541
660	1007
9239	5596
4317	6800
1400	4893
6535	9557
8406	1595
7772	6505
8719	6039
4760	3190
5546	4934
9498	3789
8866	9891
905	6358
2570	6203
1227	7036
2054	5524
3666	6243
9705	5991
6806	6390
8054	7910
3746	1702
3209	4845
5993	6073
9942	3806
7100	3811
6123	1985
9525	9805
8725	9496
3201	7319
286	9833
4226	964
6144	7031
5933	9309
791	9177
6385	4389
5471	4475
5570	9464
5712	1960
3518	8430
6031	6717
4678	442
5209	869
8885	970
7464	7888
6746	3570
4213	6551
4045	4777
5432	790
8716	9371
9149	7728
2436	3130
7573	5531
7764	5122
6739	4794
4155	642
2284	3442
6276	2883
9296	1632
2293	8267
8308	403
6353	8150
7948	3073
8858	1506
5770	8319
2124	6073
555	940
2280	6405
7808	622
577	8867
1439	1950
6072	8576
4061	3527
8021	7444
6445	8440
1692	2016
4306	5470
2776	6794
2444	2116
2411	2038
6759	9545
8021	81
8430	782
37	8546
4671	6966
7098	9106
9963	6248
9476	1446
2799	7591
9742	4334
4613	8520
2519	3343
2422	6038
5728	2370
2023	9747
4840	1599
3829	1405
112	1908
1487	7744
9113	732
6782	2765
771	4354
715	1957
8163	5068
5298	2961
9370	2120
3411	9833
6044	9236
6937	2681
6692	1673
4994	1062
2436	6262
1859	1808
7458	7377
6870	1519
589	5099
6291	1460
1988	6837
809	4982
7326	3063
2685	7048
3218	5445
408	8236
4695	5758
8692	8468
3061	4378
7485	8814
8735	2454
4240	1525
7229	335
3102	4755
9462	8984
2382	6923
469	4023
3416	6185
3576	2700
5120	8858
2753	5883
5701	7896
7317	890
3080	210
463	3262
2366	6027
3982	645
708	9699
4038	9708
5073	9834
6121	5328
8946	5997
6782	2038
4907	5673
6197	582
5223	1262
881	7246
2143	1719
9353	6748
6908	3252
9114	7887
2176	503
9553	6286
4568	3946
332	5143
1038	4033
7348	7083
4566	5777
6027	6993
2839	3895
8056	4665
2185	6057
44	1812
1372	9262
9544	133
4959	3159
9753	3600
4268	3354
77	319
2414	7040
7600	2318
8548	3031
9182	905
4352	4655
5571	7284
959	3493
8955	8864
6089	3819
3081	6095
3525	2861
1384	3559
2592	5662
60	3836
2522	988
1981	8116
3596	8030
5082	7840
7331	375
7837	3912
8127	5145
9766	9367
6050	4392
4848	8145
5644	5568
6016	4035
3006	1112
7759	2713
2218	1927
6077	6747
450	8018
3253	6953
387	7562
9148	3402
3695	578
3677	8709
6749	8446
2487	264
1848	2239
634	9632
1254	7090
967	785
8403	1812
5692	9721
3391	1519
8469	7720
2482	4559
7012	9868
65	7108
105	9985
5938	4589
8937	5277
6761	3470
2977	5620
3295	9246
142	6051
5289	4985
8144	6605
9337	164
2249	9593
9732	3682
2107	2071
6850	2470
4464	484
943	9396
5084	1910
8521	3537
5930	3707
