500	2404141
6869	5696
6007	8043
3953	9152
8447	1324
7649	261
5022	6750
2216	1747
6813	7979
7617	4940
2648	2654
2386	8741
4775	8725
2184	863
3578	3373
7298	7140
6826	607
9475	3175
9925	8628
6664	9766
2415	4299
7516	5935
822	4492
488	6505
8871	6121
7296	7644
92	8832
899	6428
1414	4716
8885	3724
4448	8741
4381	9798
520	6055
8064	1721
8045	8512
7033	7703
8181	8667
4985	9629
6925	7031
7370	5408
6826	5735
3854	1645
143	2065
4267	2221
2902	1285
3086	1742
4345	9953
5919	6581
7330	9828
3717	224
1544	7855
1851	5294
8235	8992
7800	9065
6134	527
7884	3319
9092	8082
9281	4198
3799	2883
9571	6049
864	7545
2333	9620
1629	8667
2221	3871
5243	6871
3030	7890
610	1284
9384	2014
7461	108
832	4785
6844	9777
2210	9323
8256	8425
3737	6241
5225	7893
6794	1796
231	6539
1516	9386
553	5018
240	3614
2912	7906
553	7075
5769	3159
2533	2829
7426	7562
981	1612
2086	818
7622	4644
1317	6931
2643	9334
8215	8034
9310	321
1315	1801
8878	1199
232	164
5238	8414
9544	1611
4631	8226
5944	1027
8768	2112
8505	8590
928	5942
6386	3629
9677	8993
7937	8134
1834	6512
4965	1763
9857	7128
1967	1262
9151	3638
4027	8394
2376	6186
6308	2016
7865	4133
7427	5152
1043	4687
1149	3793
5785	3999
9323	2289
221	7738
8614	394
4409	8561
1683	9615
4817	5541
9543	8371
9747	5728
1804	1327
5355	2257
3589	3725
3528	440
9666	2038
1148	5809
7547	522
2602	3515
7229	3822
4612	4711
3213	5692
9972	2514
7135	1450
9102	834
4021	4503
6456	3698
9252	8289
6954	5842
3175	592
4897	6959
7130	1427
1462	4583
7842	8448
3962	6169
4401	543
4457	6928
6580	8698
6135	7525
5743	5458
4036	548
4852	8515
6030	7360
4722	8378
416	6962
5807	4761
345	2488
6028	9517
4681	5689
9920	3719
793	367
569	9212
8882	9613
8262	9370
3404	3598
5806	371
2017	6378
5852	8624
2382	3341
4107	8086
8347	8933
1063	9666
9260	9051
4396	7172
3202	2478
9821	9114
2621	1890
3387	2085
3931	1618
7492	4613
3467	8832
9578	9795
9140	3470
3757	5538
6637	1162
3840	7379
5307	9967
8791	1464
5276	9174
4592	1281
8467	4750
1262	4105
4924	6462
8744	1885
2973	4873
2434	1544
5000	8772
4446	5136
8198	8991
9960	9977
6815	2045
7267	8547
5346	7771
7871	9455
6106	8939
1607	9995
8419	9540
1731	3809
2185	8300
6639	7462
7156	5610
6345	7120
5313	1426
9450	1840
5006	8929
7996	4958
2111	6613
5887	2872
8588	2492
9122	6991
6357	3800
2953	7171
7647	1946
8256	5181
778	9710
5477	6583
4525	4100
6762	4347
555	3790
9500	8940
3917	7264
5335	3294
8037	9653
7809	9252
311	3673
3855	4937
4848	8029
5133	7346
8473	171
500	331
7227	5996
8025	8116
9964	6151
1384	1858
435	6259
6436	9656
4042	5437
523	9411
5807	1426
6329	1975
1687	8157
3519	9135
204	5068
1342	5200
8500	7295
1788	2883
8569	4287
6150	5082
179	9967
9009	4038
1384	795
2961	1156
8402	6593
9174	4247
6389	508
3074	3038
961	4402
448	7446
1034	9403
6842	357
6314	2020
4166	9258
5939	9725
9723	7637
4346	2519
3296	8171
9100	2521
1560	6162
5480	2752
8419	272
9174	7425
9838	3871
292	1523
8825	1167
3288	9801
9894	3154
3336	2675
5098	1017
8761	7524
2983	6695
7172	3719
7233	3956
4486	8884
9317	6383
1916	8302
5814	744
1660	7023
2435	8647
6987	8876
1068	1191
7895	3889
8655	6346
439	728
9928	2685
3570	7736
1910	4782
5682	2329
6536	8721
1578	7264
5904	6887
5467	3874
7199	2361
5281	8061
6600	1608
8407	9953
1805	6955
3551	8916
3066	6167
157	2914
6262	9451
1419	7278
7411	102
4582	9930
3591	2255
5875	9704
5802	2624
9941	6668
2557	1855
6380	4159
5728	7343
7975	4041
4843	7780
4346	8226
581	8919
4068	7524
6511	5404
2933	7588
1789	6426
4781	1831
9875	4762
8015	6625
8793	1333
9042	9336
9063	8908
7631	2542
6105	5422
9329	7677
5049	3380
6484	4526
373	1987
6046	6236
9829	891
1414	4353
3674	9900
6726	4603
6737	5887
4401	9038
6736	7314
5347	8707
2282	2712
1467	3429
3311	2785
7097	571
2922	7760
6253	7026
7013	7374
9097	6589
5937	1993
3398	4863
2634	3130
8743	183
3263	6981
6068	4923
997	4140
9659	9486
5568	4248
5644	3036
8423	3283
8323	578
6128	4425
7258	1328
2150	2582
4555	6090
6226	3681
1650	8916
8336	6364
9895	164
797	5590
2411	8046
7296	6326
5509	2937
5410	9442
2985	9269
9888	4770
2315	7955
4556	4824
75	6941
243	6185
2434	2573
5416	6480
5809	8393
8522	6439
4470	7661
5863	2836
3841	6456
6315	7528
3505	6514
8715	1716
5272	7469
4239	4250
6755	4199
732	613
4256	1848
4701	1960
3303	2356
2492	9860
7259	6164
2937	8222
5506	6929
1101	2158
1578	9585
6472	5640
3059	6530
9443	3236
2129	2804
4287	2449
9354	7696
4424	669
6246	2073
9451	2303
5176	968
6078	6090
220	7297
2109	774
3744	3235
1011	4735
7989	9952
7075	6564
658	4410
7432	9381
9491	7557
1523	3406
4363	3877
963	3585
7290	1979
6616	4969
3500	4303
6226	2803
7708	7420
4086	3294
3041	5623
2852	7569
7346	8456
249	8752
5768	8928
1438	9546
1256	5916
1196	1655
8526	2027
5952	6175
4087	4679
1347	7278
7359	9447
6535	9249
9583	6957
5034	8950
1064	2882
6320	6959
7818	337
1175	608
9407	4137
481	9038
7641	3136
2657	4494
6692	3710
711	9683
8746	1778
8037	6700
6512	1520
4385	8539
8136	6858
721	9886
1230	9365
7717	4308
4982	3656
4862	3597
4577	2344
312	3357
1564	9121
3134	836
9273	9062
6286	3395
7399	1942
736	8921
9977	7526
4005	8240
