500	2304156
8200	630
1646	3822
8713	7539
8159	3683
7964	3937
2126	936
9215	757
1711	3010
8630	773
2380	7239
1811	2916
2400	7654
8445	1767
976	2963
1103	1602
5332	4808
5328	7349
255	7839
2295	3408
5923	5740
9992	8934
5610	5429
178	4317
6660	9697
7930	7226
588	1570
3275	5075
6458	9910
8309	9770
6911	6994
1719	8628
4707	178
5609	8787
4148	1411
2717	4253
2428	1344
9361	9733
1750	6957
5064	116
5029	5975
5092	8006
1805	9381
7710	678
8888	1155
8822	2036
7320	9737
9628	725
1523	5533
5364	6975
3175	6994
7177	3957
4283	8488
4164	9909
8810	8654
8458	4640
948	9152
9563	5009
260	7375
6885	255
4333	1068
415	6705
945	5852
9664	2522
7375	9437
7156	6264
6038	2541
1698	1253
1226	5456
4278	7856
3649	9338
1375	4506
4526	8699
1301	7789
883	8943
5300	5917
8059	7413
6252	7282
3750	1488
5338	8272
1937	4770
5639	9266
4579	2498
168	6901
8839	6795
4428	4162
3889	5341
5973	8900
573	693
1115	9691
4516	1108
3126	9896
9096	9628
3520	44
6446	4051
9234	5744
375	4625
7933	3479
2815	1720
4844	4733
1011	2287
9203	8272
4625	5315
4163	348
4319	9895
353	7923
3321	785
8768	4485
244	473
1296	7150
4052	8921
2682	6641
5773	8831
2226	489
9258	3495
8820	7108
772	2327
6930	6433
2788	9871
4908	6803
8742	3574
866	9694
959	904
8318	3243
132	6583
614	6410
5408	4285
4778	2959
549	4491
5733	3512
952	7007
1785	6606
8369	2579
8969	1722
7747	9895
4194	7560
8866	9779
530	3325
3317	4889
8158	1313
1795	5811
8171	6787
1420	6045
4301	7430
3957	2666
4326	8452
4937	1668
5860	353
4168	3559
8527	2014
6950	4651
4483	3075
6500	483
5670	2362
4860	1037
338	4859
6838	5443
1383	1118
5659	3382
2388	9384
5127	7829
7143	4324
9303	7918
39	3401
8923	1001
7692	3435
9062	9327
1245	1387
6480	617
3671	623
2447	378
8120	1183
6571	6525
2647	5488
777	9213
6045	8878
7255	9365
9379	4902
2746	3835
7878	6649
8537	1606
5902	9772
7992	5103
10000	4371
4477	5899
968	4675
312	7292
1542	2167
6807	1918
6302	317
3881	6219
4119	3848
4313	468
7073	4707
2254	6822
6742	6284
4493	154
8414	8221
227	3296
925	8879
6080	8455
7210	1352
5827	4623
4595	1849
7903	4441
8237	2138
7211	8711
4739	2476
8305	85
1828	5736
6287	9651
9326	4910
5722	9170
2666	1801
8554	5150
671	1557
1563	5244
3888	7344
2363	116
9110	9897
7516	4847
1748	2086
6277	7113
6202	192
7964	1524
2956	7180
5162	3625
6060	6837
9358	2963
3215	1998
1431	4682
2814	886
7250	7530
9567	2967
9681	1784
448	2271
5644	6867
804	8426
8241	8498
2835	6107
5206	2061
9797	6602
5914	9230
9920	4163
2058	7153
4833	2118
3910	2650
1508	7745
9398	4284
9462	2288
6760	3690
9677	9392
9717	8206
7895	6140
4576	1753
7312	3350
8810	4612
1482	4280
3061	6097
406	6218
3999	8221
4462	899
1858	4227
640	5019
6892	933
5672	9363
2715	4263
2520	6332
7361	6154
1158	7973
9441	5505
4576	2996
5579	5057
9582	3021
7432	7973
7857	2667
4027	7403
5320	4988
1117	3438
189	8879
1671	7223
9324	1072
1400	6721
6883	4489
8946	5952
4038	1110
6063	2330
6885	977
6478	9478
7420	8632
4198	7727
1785	1016
3357	2857
7296	6921
2325	5987
1930	8028
3285	3830
839	9575
2733	7357
5617	5626
1334	5213
7563	2774
7074	889
7043	1194
1987	3499
1286	6551
7817	4235
2048	1880
5610	953
4236	5262
9642	282
4816	8555
8224	8590
9137	3154
6838	5995
9509	7702
4494	3112
9989	5028
2846	6015
2086	7181
9128	3712
7307	3294
7935	4629
1482	3608
9605	481
5231	894
4932	7515
1247	2199
892	9156
5862	3381
3540	7005
8939	7311
5061	8034
7132	6901
9749	987
2471	6027
6522	8006
8264	665
4142	1873
9968	5374
5447	9646
5210	4125
2650	5596
5022	9122
8258	7289
3308	8644
3682	203
2072	5931
2288	7937
7916	5015
5984	5682
2354	5033
6185	9136
5048	6006
2818	320
7105	9332
7806	2761
7059	3475
6715	2888
1343	158
5216	8502
6795	9248
9872	5157
3589	290
9211	7686
672	7352
1785	6856
5736	4933
5472	4314
387	7906
6132	3625
3583	5562
6312	9836
7284	9699
5157	2838
1834	1945
5443	8281
2057	7833
9729	7336
8569	769
5022	1312
3887	5881
2905	9754
3073	4012
9013	7779
5719	6326
8666	5393
6661	6978
2664	3998
399	6007
8323	546
4739	1120
9564	8842
9416	6872
1161	1911
1730	8359
5106	3490
2312	7693
4572	8056
8454	9668
8765	2900
4262	1859
2243	1088
4850	6857
3290	2796
314	9689
5841	4510
1512	1313
1720	8599
568	9807
5807	3496
6721	2960
745	2615
4482	5954
5659	3935
4964	8211
7903	7261
7975	5006
7063	3923
4692	299
6025	5747
7646	1926
6891	5870
6126	3636
8034	668
4895	2275
993	4265
8605	5995
5951	5784
8906	1194
2657	5720
6528	2227
7190	8755
2112	9097
3856	2349
5404	3486
6406	7731
8532	2739
5188	5956
4682	650
8091	7424
2862	4742
9327	1173
3632	7836
7306	7284
5013	8174
9169	3557
9765	5151
5495	5168
4251	1531
3687	9125
5539	5790
7751	6930
7274	8541
5625	1815
8701	6324
8346	5947
4982	9562
8127	9628
9643	8760
4444	6588
1430	5831
4497	8902
2253	6515
1226	7033
6191	2230
5109	3091
2327	3163
1802	545
962	8748
6511	3264
2008	9967
1589	295
5790	7244
1748	4737
7333	8057
9455	9318
6299	2924
4337	2245
1709	8732
599	4532
5117	9665
6036	6645
2897	8585
7183	7310
3887	7207
1024	5437
7270	1841
8145	6794
2866	2754
6889	8808
9146	6090
7795	5641
6699	9015
3270	4339
7630	2965
804	1105
3814	7323
9745	6338
7975	5803
4144	7180
