500	1836579
1408	8575
127	6777
6933	9501
8669	4416
572	8181
4392	9027
7112	1179
675	6416
403	5313
5003	9373
9333	5300
2299	3171
7396	2203
3561	2856
7287	7781
9795	6227
7521	5031
2430	1909
9178	7714
201	5111
5302	896
5187	1291
7250	4099
5032	9549
1529	1089
2399	3623
5309	3265
5419	4139
9984	191
4149	7018
3167	277
532	5906
6122	6524
9363	5036
44	2672
2856	8334
4862	4670
1055	9696
7161	3994
2114	6186
6625	2360
544	4905
5612	7240
6796	4890
2376	3408
9384	789
6996	2243
8826	4288
411	9140
5534	8031
4130	8734
3598	8839
8222	1510
2434	784
9289	6077
7914	3429
5995	2043
7334	8230
7578	4900
3564	7936
2254	3616
2738	9890
2418	6186
5032	9639
663	2595
1112	6944
9071	4334
5883	9018
4875	3004
6736	2396
5984	1370
8179	738
1610	762
9146	9068
9902	2989
1439	7232
1194	405
7118	68
8191	8673
3982	9702
7899	2520
6013	261
5348	3839
9525	900
9992	4029
2741	7325
5810	4162
2137	8304
7645	4054
8161	6727
6367	8013
5620	6740
4595	4305
4943	5617
2928	3941
791	9410
169	5960
8535	1355
7802	2451
7494	4317
4631	1606
7801	1320
1445	6726
1421	3579
1338	8518
8237	185
45	4635
1439	8408
9307	7743
3585	9209
6311	2192
2559	27
2974	181
2143	5336
2839	9159
848	9068
3449	7394
5591	329
9591	7895
1052	9370
8381	6973
5458	8001
7600	5352
7741	8049
1321	173
1372	9923
1819	6523
4367	4455
6258	9824
3495	5133
3003	1260
3628	5679
3862	490
1450	1660
3740	4769
1131	3963
3259	4777
2800	9972
8575	3816
5697	4313
6577	7555
6340	2636
4211	7137
3364	5286
2463	8038
2409	1981
3296	8078
8408	7436
1861	5268
2790	2044
9935	4195
9135	9665
8142	694
6676	7810
1408	2205
8974	2263
2845	8159
9864	366
2999	5441
8538	5700
331	8983
7243	9485
8484	4896
5728	6883
4268	9119
9036	5473
9527	2904
4124	8332
4831	7507
1619	7664
886	1562
2069	7388
2757	2354
6613	7788
8995	1104
350	3279
5079	788
8804	135
7325	235
4987	4528
9068	7782
9410	3500
380	7182
603	7277
9488	4177
1763	2079
8442	8538
5046	4892
7379	1014
7452	7167
2777	4440
4733	1993
8437	4390
6656	9068
1287	2931
6964	8514
9526	3665
1567	9304
7324	1880
1625	541
5149	6391
3490	7420
6668	6587
8004	8615
9176	9848
4075	9802
9452	8406
6247	7366
986	6346
735	8214
9390	9206
3068	8371
6430	6597
8601	1779
9202	2858
8846	6558
5434	4509
7394	5337
8393	9076
5696	5281
5744	7464
8261	2599
3453	3394
6380	4213
4405	8547
6807	2320
2178	9046
897	7500
1992	2092
8049	8273
9023	4560
7455	6627
4331	3899
9977	5149
8036	358
7395	9152
2117	977
5836	3710
6010	568
3613	1419
458	2756
207	2030
1128	5072
3828	1043
770	9535
451	7942
4002	3094
1191	7565
1375	2193
176	5018
7354	1774
6839	8607
8486	4735
2617	9767
5476	8524
1223	318
21	1817
1970	4096
5525	2023
388	4697
7232	8802
4851	9106
2259	109
4714	1945
4685	4868
1650	7240
6840	7053
1714	4746
3083	1736
8796	7225
2248	974
5713	3858
9944	3362
1069	2444
9502	995
5857	1136
2236	2027
6404	1604
8041	9138
3318	247
2311	5311
9203	1214
1512	8123
1143	2363
5528	1647
5413	2891
3655	2948
9679	550
6704	7113
3876	8451
3257	7385
1348	8214
8180	5957
1856	2734
2104	2824
1969	6115
2983	9930
6245	2350
414	5631
4296	5197
5326	3957
3578	8139
9735	790
7124	566
5345	9004
1621	6760
4950	4215
2117	3809
7023	9813
4359	160
7670	6131
7418	8247
360	853
6053	2321
8005	2346
4604	7743
6149	4503
5303	9582
4117	710
3791	2238
774	6399
1102	8731
1571	4781
9720	1666
2048	1517
2061	6930
4889	8179
2276	9399
6093	9738
8563	8521
8987	3862
2936	5482
1896	3092
7058	9064
8817	3944
6042	1798
3810	2801
1797	6331
2652	1556
6574	3571
4601	5187
3277	5456
6111	1312
9797	2466
6896	1998
2512	5479
7556	9762
1827	7390
5333	4015
1034	7055
5202	7760
9130	5541
8446	2823
2091	5646
4167	2683
2699	3462
3453	5891
6477	3116
5427	1103
3979	53
208	298
1199	1434
4232	3135
6494	4660
8853	9298
1774	17
4802	4345
7613	2615
2977	2776
7012	7806
6826	2278
9033	9430
27	887
1301	3557
9897	1011
4308	222
3990	5055
403	4782
9138	4695
1567	7643
2952	8806
4453	6566
7950	3488
830	1317
1599	267
7595	2457
5106	7280
602	3723
5269	7054
1050	5371
6063	5106
1089	6577
5311	5325
6637	5054
5345	4269
5377	5337
8302	2487
2967	1982
7720	4012
1858	9759
3736	7131
1737	4762
3460	65
7282	2938
1704	1900
398	4430
8702	123
9199	6888
4002	7650
5773	2628
9199	6774
1671	7750
2546	9410
1657	4169
7762	8479
1214	5980
5141	9057
1121	7458
3047	2059
9268	6075
517	2500
609	6984
5634	262
2147	1721
6628	3488
5063	6925
311	2206
293	744
6840	415
8358	8519
4805	7993
7575	246
6043	2773
4457	7501
6805	8076
6077	5945
8403	4245
1797	5494
5404	2203
1959	135
2812	2642
8950	7393
2278	6738
6416	7546
4613	615
5858	7426
8327	4556
5276	1405
711	5964
5919	5262
9652	4795
6653	9528
2634	8784
8539	8884
8790	4086
3334	5595
879	5520
50	6252
8024	4455
9665	105
7515	4542
4277	7316
8127	1871
5081	8592
4765	9109
2218	6600
3941	7902
8075	140
1559	2483
3065	6168
4464	1309
5353	9236
6624	8086
489	356
72	4009
6608	7035
3563	3969
3605	1087
9257	7152
5540	8876
6464	4326
7565	1206
83	9850
2559	8326
9188	2707
6248	4648
8834	8505
8380	2712
7377	9305
9362	2981
1367	6211
5085	1958
4280	1982
7551	1766
5073	4737
3307	2471
9639	5456
6063	1237
3384	4690
1893	144
