500	251281
298	4276
7551	5566
9095	1090
2163	5006
5424	3428
6925	4586
4750	3798
6637	7453
3586	5787
1552	2942
2888	8905
3771	7254
202	4121
385	5870
8717	2049
2886	2466
2149	8762
3986	4290
800	1028
1136	7565
1848	7785
4358	4663
4020	5393
4727	5601
2894	5336
7288	1749
607	4108
2539	644
2398	5688
3617	5580
548	3216
3892	1455
5099	6625
1882	4722
4193	8420
5219	1405
957	3173
333	4528
7439	4588
8920	7082
3505	1174
5625	6556
7930	4646
5905	874
498	8095
3474	3100
1724	43
7382	4023
4969	7432
2171	7152
9533	4104
8705	5253
2698	3344
1873	7902
6601	5381
7682	6792
4002	2834
7585	9706
5730	169
2940	3237
6718	5913
7391	9874
3091	1561
8354	8206
9880	8496
7703	2389
1527	7722
2139	8667
4170	3415
2175	2263
1379	8578
6567	7887
1682	5820
3396	1810
274	9697
1059	7246
2046	1167
3741	8001
4978	2055
3787	6271
8672	4789
609	4948
3090	3655
8441	7473
6661	3089
286	4966
8979	4505
6004	7204
1837	3382
8598	5042
2693	5975
3693	7140
398	2808
1009	576
81	9668
772	7720
5446	2233
3672	9240
3508	3911
9165	6983
1657	2423
5578	8417
1549	1484
2106	4115
2598	6463
1287	2547
6338	6909
532	5227
7398	1164
8986	4113
3117	8365
5053	9557
5121	4126
1661	9234
8165	4420
8270	1030
657	9682
6957	4502
8717	3730
5046	9552
6640	4187
7223	1056
4653	4491
3000	4539
1018	891
9848	2981
5938	1823
8723	932
5839	8421
7674	7957
8360	1116
5557	8515
4218	3296
8019	2419
1690	5483
3493	473
1007	1903
638	1137
596	8895
7040	8876
8290	8122
7724	7400
4176	1265
7921	8333
7906	9085
3613	3604
52	4303
7278	9926
9287	8133
3914	4975
4438	5263
2631	7355
2934	3685
3456	6828
2024	4108
6757	759
9405	3007
1555	6969
9486	6006
2436	2081
4422	9026
7379	7551
2614	6879
9984	7684
1235	3274
5444	6496
5345	7910
5686	8085
6268	5284
5292	9581
7169	7286
9794	8394
3919	136
3031	936
4213	9997
2196	1478
1217	9025
2640	4682
1133	6039
9770	1823
5026	6833
3548	7511
8102	3994
3093	8263
4167	4703
1754	7551
4746	8183
9160	5847
7204	3032
2818	4546
308	5065
7295	7039
6690	6325
2031	5222
2918	3183
1958	8923
2205	2071
8877	8047
6271	7318
1170	6784
3885	178
1901	9989
1241	3915
2452	8221
734	8153
110	4499
9813	5314
1531	5098
2052	9138
6901	2051
7495	5282
9040	3948
355	4201
7225	8650
2428	7761
1415	2377
1076	7726
197	9221
228	8682
4392	8323
689	4260
657	9612
6117	7166
5617	5047
9528	8030
9962	3642
9427	3646
8234	8492
4020	6746
5500	7769
4709	176
2198	7212
2069	2181
817	3605
7918	5287
1501	6047
8977	2090
4229	142
4587	5325
2920	7878
4229	8454
125	6153
1197	6197
5274	8124
5397	3653
6582	9303
5244	6540
6549	4289
6755	3135
5212	7549
7375	206
1199	2442
438	5103
3818	6871
3135	6377
8347	3831
4581	6783
2191	5094
5113	2620
104	4206
1428	925
7301	6137
6102	8445
7765	8075
3616	562
120	3916
426	1480
3863	5321
8865	648
7555	5198
1000	1690
6674	7880
5981	6261
4680	9598
787	3306
3267	8775
4885	9351
768	943
301	1666
6718	2739
5048	646
3671	5548
7171	8484
7373	7900
4388	3788
8773	614
2198	8315
8225	4933
131	7430
9391	6695
4972	1141
8752	9046
4199	8175
4510	6606
3712	9975
3253	114
9029	6449
7779	1313
8489	6319
4798	3348
6785	4291
6537	4511
5829	158
7225	873
3046	7258
1112	8809
658	5155
94	4894
2269	1552
1735	3630
1459	411
7340	6586
6970	6016
1827	7343
1937	6593
2457	7916
3862	5280
6909	4612
8938	2397
2213	2247
7390	864
1693	313
4900	8573
5812	9277
9335	8620
7003	607
2882	3704
4378	6761
603	2388
9809	433
2167	3551
1496	1663
7783	606
7256	3204
9644	9384
4486	8677
7350	2567
5419	6290
4737	5778
4211	724
5919	5228
6895	161
3752	3679
8830	7549
7429	6824
9891	5006
5568	2223
4352	5383
7724	8251
2540	729
8784	8604
7250	8631
6899	8364
2522	9653
7439	9343
2098	9073
9751	4018
2975	8062
9518	7681
9645	5259
1177	4645
8470	8823
2340	8825
9494	213
8162	5239
912	219
6014	5662
7047	8274
2452	3322
2287	7397
7053	4914
237	886
3486	276
5148	2986
1320	9996
5421	6287
5041	9382
240	2665
4763	58
9611	2749
3731	6028
6898	1827
9932	57
5911	6523
9016	9323
1224	2919
1203	1358
8014	1909
1390	1048
1736	6183
7784	85
1059	2832
315	4800
7478	3014
7243	3697
9126	3907
5299	4607
9213	9906
9532	4467
3769	6372
9743	3048
8360	3028
4056	4604
5302	1547
1160	6700
3318	398
6539	7491
6055	1901
8745	1546
9117	1784
4517	2779
2390	5780
8437	3293
838	1370
7872	6549
1646	6650
1988	7993
4351	6452
3437	6875
383	5900
8022	4431
8410	1202
7861	2931
5989	2676
4674	7503
2869	6265
6458	6261
5564	8072
4412	6977
8646	190
2534	9750
4459	6831
1098	7902
5694	8691
3427	9497
6675	2090
3696	9642
2073	4870
823	1094
3665	6217
7334	6378
2009	4957
3584	2073
145	5413
7991	3134
1689	1832
4335	3768
9553	6485
793	2832
8039	8411
5169	4058
6568	2823
8345	1269
7324	7910
4844	3514
9012	3369
9503	813
6407	7352
4279	3762
2645	2818
7108	4370
9471	6008
4238	8412
7990	6497
1190	3325
43	832
2840	7513
3945	6597
6002	1759
2349	3909
4152	496
1630	54
9100	3577
8224	5980
4313	8948
394	9844
4598	8629
2086	4409
9144	4240
5561	7456
4297	4679
2969	8391
7225	1985
2665	1590
784	1205
6910	5827
6096	2244
5837	2839
1952	65
5932	3493
2883	1438
3166	7763
2905	9870
448	8084
346	50
378	8953
7753	623
4031	3543
5397	6135
7555	1922
