500	1912023
9377	3037
9426	8375
1635	2806
9834	1749
3518	4991
8321	7639
7812	892
253	4344
1348	1820
9762	3264
7014	1402
4094	2424
2840	920
8815	2667
8676	9083
5496	8155
3924	8006
9876	7107
268	8967
5243	1834
2221	6613
4438	4549
5413	3982
7824	6893
2605	8893
9892	2016
1597	1351
9044	6618
3313	9867
9204	788
737	9251
3038	3765
5787	8658
1136	5147
9471	5499
5056	2745
3371	1592
7982	6728
7978	5943
6115	3532
5387	7236
8556	5219
5840	6441
8917	6729
865	6913
5100	2468
4857	1559
6859	1633
3996	1180
8	8809
1969	1660
5428	6130
8974	9225
5305	1340
8857	7200
7007	671
2333	8239
9572	1809
3992	2810
7843	1497
6939	2164
7770	9436
1942	2793
2881	6156
9467	8727
7142	4946
2964	8804
3277	2062
1333	1222
7345	6503
7550	7278
555	4557
2890	3998
9445	5006
3327	3838
4469	220
5287	756
1451	7455
2193	4041
4224	5695
3077	4814
7635	2744
9149	9165
1724	170
7047	6753
7975	2737
3995	356
8874	2176
6101	8153
1485	7441
8741	5920
7217	6828
5338	4067
4500	4380
4623	239
7053	8552
8667	681
2940	5653
6200	6492
9772	776
3404	9058
5192	6299
7526	3981
9410	3958
5287	7619
4139	7511
1460	3830
3116	5529
3763	2919
6840	9185
4875	232
333	1713
2980	9576
5048	2249
6140	4706
4257	4389
9091	9409
7021	4900
682	7689
41	259
9358	2440
8921	6924
9601	6516
3008	3834
6633	9565
6574	8882
7510	5438
2927	9198
3791	8064
3817	8850
8866	5782
1867	646
6749	6493
3532	4129
5277	2903
8367	6993
5745	4471
567	8110
6065	2338
6734	4478
6117	3161
7318	6815
4723	2132
7863	9815
6272	2925
2130	4620
9991	4301
5724	8096
442	2863
7114	8002
6996	3565
3533	52
242	8212
475	4925
5165	917
4799	6121
944	9359
5322	7671
9527	4419
9106	625
4369	2049
239	3810
4800	4325
8549	8640
2167	4579
2173	9119
1573	1669
9277	6275
9608	6568
9943	2373
8163	5508
9905	257
6560	30
4089	8941
7931	6868
2706	3599
3312	967
7143	2632
2513	282
9539	6797
1628	182
4056	444
8692	3108
820	5302
8250	7207
7535	7915
8214	6682
5573	1634
5210	6268
2913	1920
448	8971
3870	7022
7682	6264
199	1474
1337	3335
7755	7322
895	8598
3458	9776
333	1250
4141	8067
6557	9315
1382	2012
5042	4889
2488	4049
956	4534
3143	679
5906	8927
2422	8672
1450	8622
2263	7819
441	2209
4306	3063
2211	827
1429	2512
6253	8018
6413	4350
804	163
2092	7767
7649	4526
3700	8318
7333	4571
7837	9768
8546	3883
5838	3686
5139	1392
8554	9786
4914	4038
8699	5371
4003	3820
879	6066
2151	8966
3674	3254
6012	2376
5474	9393
9284	9380
8703	9081
5215	5266
7167	5390
9996	6867
3336	9137
9790	4879
6505	2487
2805	4327
6189	726
9309	2639
1672	7003
2837	5834
3880	5687
4332	6281
6516	3869
234	886
3899	8781
5128	8372
1338	8076
7476	1638
2114	7845
7791	9938
3510	1796
4318	171
1165	4008
3144	9856
8179	2410
7206	7104
9221	7157
6910	3034
2037	5826
3003	3057
3899	6220
3008	3876
5596	751
7572	4459
4044	8848
9226	5499
9487	1500
2656	4801
1136	5529
9087	1599
2930	4573
6728	8804
6853	4586
1574	9855
1209	841
4043	8394
5972	3332
8638	9335
2976	7986
7155	1394
1853	7945
8790	9621
8686	9589
1646	8654
5071	5908
4705	6035
3066	5986
4165	9172
919	9064
9971	3767
9127	7882
7221	8599
9402	6521
7984	5401
4629	820
1809	1847
8187	512
7299	290
78	4482
8869	3192
7449	1476
6495	2041
6656	7650
8229	2989
1462	114
4209	2378
9278	1905
5840	6595
8071	3300
5998	2832
9819	8958
114	7299
5634	3642
5412	8794
6702	5949
2401	2898
3193	8255
1611	5205
2519	8489
5740	7364
1399	684
4387	6887
5996	92
3907	7484
7299	7406
5573	8222
2959	8396
1917	8467
2150	6009
8471	7885
4943	7420
4859	3083
9313	4275
5771	634
1633	2546
281	2523
321	9710
3329	8678
5769	2346
2808	3923
717	7704
5747	5165
2833	4141
5342	8943
402	2399
5509	7866
9924	7911
2497	7814
5241	2458
4315	4805
476	8438
9272	2259
8482	2942
9947	4512
4455	7955
1510	8851
6892	104
33	8757
1364	558
9965	340
2087	2554
9838	3888
1198	941
4505	4359
342	7573
8002	5188
9306	6849
6884	2739
8576	7027
2144	6937
6508	1989
3512	4866
1910	7717
6389	6130
962	8748
6986	6573
3429	6452
4601	3639
3523	8487
1936	724
9167	989
678	9043
5016	8871
2561	9959
1625	9061
6524	8914
2316	8470
4976	6195
5759	1475
2720	9356
1480	7564
6688	905
9347	5771
6055	867
2172	5401
3480	4685
3383	5957
4749	1683
4616	6488
1798	4694
2853	3989
3810	113
6936	8819
704	962
5673	1636
5221	5233
3289	8853
6063	2513
9299	9400
9483	2397
4157	2546
406	5315
5976	8901
5325	5707
3445	6788
1947	6157
4316	6996
5073	3150
571	2184
4852	2641
4056	2329
2281	1635
9007	5024
834	8539
4979	9690
2502	1180
9301	1001
8059	1863
788	7127
8604	3727
9429	1973
2303	3887
9575	9422
2115	8620
367	2456
6382	5823
5631	7108
6144	5311
8896	1658
5125	1036
4734	4716
6874	7751
8170	6311
1647	6038
153	5790
5640	5210
3334	8178
9120	6804
511	4325
9154	9071
9596	3133
1065	1584
5521	8918
2274	7863
2311	436
4013	8259
4860	6910
386	11
3618	6923
991	5398
9311	7037
5179	5793
1770	6782
9556	6032
6772	1693
2259	5295
7843	457
2064	8842
6219	4164
8535	9907
5534	6746
4551	4010
6546	954
8454	1912
2882	4405
1177	1010
3472	2146
9844	9283
3316	8582
1719	1024
8022	5741
25	6564
6752	7745
8525	4396
5109	5225
164	7390
905	9225
403	8529
3964	7487
7734	1887
9188	445
1596	8694
4592	6129
