500	2245865
4669	4949
3138	938
3125	4939
2603	7239
2714	7765
2341	7665
5206	5307
1642	5232
9693	6041
7760	1267
4412	9787
3701	4197
68	8948
1659	9219
5584	3374
6280	7099
7266	9190
7347	5925
7454	6201
819	2532
9834	9548
7354	70
8380	8344
4466	3832
6708	1714
5040	8963
793	1450
7326	626
5490	8547
3001	5874
7268	1860
7023	4331
8988	7729
8436	1338
4990	4477
4821	4087
100	764
5789	6976
6704	8295
690	3031
8832	9150
8569	9104
4016	5234
8657	184
285	4497
2753	192
5810	4330
3806	4892
9716	8326
6599	2727
7083	1290
9806	617
5052	2469
8581	3660
1162	4857
8393	7644
1608	7837
327	6906
891	9710
6699	6065
8025	8810
3454	5803
7612	325
2643	839
9458	1442
9708	8268
5808	8691
8355	2450
7351	492
3498	3147
7128	7192
1023	8848
7812	4891
1116	9592
8994	1282
3606	2479
3518	7359
9909	9098
7901	5532
6233	8917
8928	1114
5769	7467
7640	5489
4888	9680
591	1025
19	9790
1449	6076
3210	2976
2812	5132
9500	5223
7178	286
6147	3370
5987	8580
381	8108
6959	8762
9797	5824
5831	5251
750	8474
2687	578
1136	2509
2591	4581
708	7218
4283	4931
1596	7087
9356	8951
7073	6560
8244	319
8594	5525
8378	5443
3581	4355
2368	1532
1695	1950
5526	805
6315	3860
4852	587
2934	9801
7617	9194
8035	1906
1869	8649
4973	1270
6433	2484
2018	8874
5406	6467
822	58
5945	5622
9103	4944
8017	417
8830	274
5634	5303
4074	9571
789	4000
3460	2455
6013	7840
1893	9328
9461	2026
2912	9119
8490	291
2579	3790
1445	2700
1840	3024
4290	9719
7863	7273
8120	4169
6946	3356
1645	4144
3268	1939
9986	7480
7610	1973
8371	9667
7093	9829
207	6356
2126	9015
8583	9144
3323	6461
2071	9054
8233	9059
3523	3786
2735	363
7236	7643
2096	5907
5968	774
3296	9021
217	3877
9427	9598
1355	2437
9317	464
6	2226
9623	2902
8673	5697
7120	7690
7324	3294
6579	8924
109	3665
205	5721
6850	3640
5056	4600
6303	4170
9764	7581
9471	3963
7017	7995
4987	7459
5179	7543
4589	3890
976	986
9036	1790
2316	8346
6357	7763
1908	9810
4908	5963
655	8180
9387	3030
3457	5851
5752	9028
9103	3354
8023	5752
192	6697
9149	7277
432	8765
2074	4636
2687	8117
1699	363
365	7012
1777	2689
7247	7267
8447	8885
2127	2692
5978	1367
7128	1900
3747	1645
4082	4155
256	7257
8207	4156
7310	611
3202	7570
9505	6367
3413	4570
4082	7497
4248	4482
9304	1233
5691	2027
4350	5610
4323	5782
9185	8986
3764	3399
6082	7010
7056	9253
7546	1767
8664	3762
34	4127
8488	755
8318	3525
4097	4870
2800	7383
3266	8275
9040	3275
8154	1063
2558	5946
6390	7134
1632	6009
2092	7963
2625	4701
8282	4098
785	5115
7655	4768
9503	3939
8424	8345
8852	6706
7210	6431
3668	9334
7959	1517
5904	4831
561	1620
8039	4512
3325	9396
7537	4972
9895	9849
3100	9918
7093	3119
7485	5433
571	5980
9735	6789
9623	350
3910	1538
1126	6866
3821	7237
8941	3357
8103	5653
1984	1459
4996	1532
8933	2724
3914	8540
1496	4331
4140	9125
6727	720
6736	5664
2359	6287
8933	4275
8881	4962
6574	3705
5859	6377
523	8667
7378	1679
6457	5707
4859	2552
4321	849
9403	2599
9501	1513
109	6500
3818	1114
4355	4882
868	2877
7214	2666
1440	6139
5406	6436
950	5408
6995	972
2100	773
8949	7129
554	4846
5974	7838
3502	3859
7866	7425
2745	9927
2276	9793
1962	3208
7103	2125
2954	4236
4245	2921
7331	1125
3656	1750
5127	664
962	7614
2157	2199
4416	2750
3337	2086
8087	354
5265	4130
699	5970
518	1713
9641	7547
7323	5027
5130	8834
2982	4088
9525	5077
6337	3380
603	5752
4826	7268
3626	1803
2247	1932
6380	2690
782	1662
7218	8670
5405	9304
9787	9308
2912	5862
5325	6390
459	434
3089	7103
3249	673
6005	1568
5847	6286
5922	6784
9781	8289
8483	5164
7774	1840
4856	8206
3241	6254
1245	8343
9469	3440
1285	567
184	5801
3134	8413
9174	7927
5896	4190
2387	9055
4014	1397
7960	4801
9211	4258
2885	4256
3533	7317
5107	9897
7208	9140
6901	8304
7900	819
9952	7332
8470	2015
2710	2394
1603	9277
1251	1620
299	7443
8713	1694
3613	9408
1227	4816
3816	1769
1456	1530
2446	5412
574	1804
5921	1065
7107	6867
8057	5598
7677	2380
555	8487
5745	784
735	7291
4994	9194
8292	3023
742	7027
703	6216
5432	6425
5331	680
6059	5916
2889	6030
1310	8062
8932	3454
4673	4982
4559	4942
6219	2457
6623	8786
3261	3704
6831	8703
958	526
7966	494
3644	9081
8439	8529
5131	1163
2135	4623
6888	8538
6121	524
7929	2075
7571	1396
4613	6072
2501	1353
2420	9037
8909	4320
708	8404
7609	3821
6333	9049
1789	6437
7623	6350
1252	5988
3593	9804
4525	1397
5276	5709
5353	2842
6181	4124
3340	8528
9993	192
1964	5272
2613	112
7046	6748
3384	1014
8930	248
5627	8236
4995	3622
4700	6545
5301	2098
665	5323
8614	6048
5870	2491
8627	2587
8378	6257
1850	9731
1796	6235
642	2623
8036	4630
6256	4228
4853	6704
3548	4805
3959	6952
3550	24
7642	3377
3821	1101
6532	1444
946	8337
2818	6638
5061	6016
5324	2468
2868	4996
4836	7876
4635	2724
3652	5010
5530	522
2403	9002
4028	9216
3057	7487
5437	8096
9501	6207
6263	2426
1935	1879
9619	7374
8938	3289
5410	5493
2580	6235
4366	4685
9936	5675
4720	7443
6249	6553
5546	8339
993	1675
811	6288
2227	7917
2135	3068
1875	7648
5870	1968
1390	5275
5136	924
9356	246
7583	6701
1532	5964
6058	7434
4187	2763
4030	5339
9878	1296
6731	1202
812	209
2730	5868
3371	3025
7815	3796
1785	6266
8283	845
