500	601523
5147	5921
827	7321
5418	8066
4766	5048
3554	3153
4631	6606
6248	6998
5685	737
540	2666
9376	1798
842	2877
535	4492
9640	8455
723	4272
7381	6785
9234	2831
3268	8220
1128	1100
8938	1199
1785	6606
1063	4423
5842	901
4212	5516
9565	381
2728	5817
4968	7131
1050	2311
8096	4590
9524	8164
9744	7378
4796	3942
615	5272
7079	3138
2679	6068
1367	6624
1412	9149
5856	1451
7305	2473
9430	4966
2286	1980
1176	7535
205	9136
8084	7858
7758	7964
6789	9845
5731	9918
354	7018
5118	7159
97	2474
2523	2160
3955	1742
2454	2083
6151	1376
6447	2131
2849	7476
8552	948
7178	3175
9357	2625
4026	4627
1412	207
4302	7229
1633	5867
7795	5012
1600	8556
2820	3369
7353	8862
5699	1503
5185	8351
548	9811
6018	9318
9009	4840
5677	3339
636	484
9612	5230
8584	9953
2529	6286
5536	8554
3459	3401
6648	6486
2721	1307
2153	5391
2583	4748
4348	2200
9641	6958
8616	9513
3922	3633
7070	667
5594	49
6660	882
7487	3788
1119	5336
521	8219
6127	319
6872	7003
32	4764
9476	5766
1358	3998
5511	1564
5124	2007
1059	4362
6037	9013
5572	4426
2629	288
1542	8844
7123	4531
7601	1862
3148	2777
4253	7309
988	8527
6489	4910
4958	5188
5826	3616
5621	4677
4759	4795
3413	7493
6662	5650
9905	6661
7482	2737
4152	1316
3938	4197
6362	9493
3783	2580
9224	6520
8038	2076
9847	5395
6693	2886
5368	2537
950	1023
2561	1108
6198	6163
6455	4841
1388	4731
1692	8133
3539	8252
7689	3002
1550	1536
2251	1511
8936	1038
489	1995
7329	8800
2741	1562
4274	5768
4563	4531
2235	6157
3092	2194
1192	9040
7673	1711
5776	4297
9799	6134
2882	1499
2119	8583
3817	6442
8552	8192
2791	9177
673	2620
9642	5024
702	4911
9972	9851
2116	4883
6408	1456
5687	6203
8122	356
3913	1235
1452	7054
6984	9800
3681	676
5041	8050
9400	1445
9737	1213
4459	2358
5071	3197
366	7888
2430	210
8636	694
7067	5602
583	7853
7160	836
144	9402
5727	5984
6311	6637
2577	5040
1743	3738
7536	3970
9533	8166
7929	4043
244	926
7703	5160
1971	4292
90	4285
2267	4802
19	7232
8413	417
9078	1863
919	9916
4318	7724
1414	1577
1088	6543
5877	2117
2799	3206
8273	4196
2199	6554
5210	6200
7843	5175
2855	6844
8320	989
7688	5287
8353	2869
9730	9401
9567	2583
9456	3886
5621	9810
5820	3487
5475	6522
4984	677
7676	7436
6025	2353
8289	2417
6264	7940
5145	3055
2793	8101
6668	8485
2673	8638
56	9212
1269	7464
8207	5806
83	4736
8805	2067
4327	2780
8408	8611
8721	1639
2669	7815
5039	6752
1521	7493
6512	1288
7693	3186
3979	556
6571	7978
5686	3853
4047	213
3506	2462
4418	3995
9471	9589
2912	6918
4730	9234
2284	5779
8020	2691
2450	2536
8898	317
9473	4709
114	5873
8554	2913
5200	2105
2318	5070
4632	9837
4625	3359
4158	145
9177	8309
9331	6560
3000	4302
3039	4878
167	6377
3653	4440
7867	3925
1859	3541
3348	9306
2181	919
1039	2780
1777	7988
96	9254
7163	4522
1317	1562
1927	1604
4718	1223
1581	3818
5875	8209
1691	6910
5138	4128
605	9125
727	6139
3452	5917
7674	2526
149	4483
8222	2853
6737	1219
1992	3264
1672	9543
5655	2804
9637	5638
8979	5578
8081	6712
7373	9578
2064	1444
9707	8557
2815	5372
9223	2126
3667	5205
7414	6244
7854	1948
3459	4447
5004	5337
1478	2194
1821	1962
3814	5714
3122	3754
4854	1556
1735	9930
3254	725
6101	2464
6125	1621
4789	4952
3882	3935
3466	5807
5344	472
6795	9441
8268	4661
5874	469
9817	2732
7996	2089
3886	9281
4639	7260
4154	2612
7003	3582
8552	6578
6869	3117
2579	7845
3158	9936
7026	6643
191	9665
8897	4157
851	4310
2546	3424
2771	2745
9685	9261
2561	8537
125	4321
8932	3419
6797	2463
9706	3025
1491	1424
3239	447
8709	671
9299	9022
7007	7443
3048	3311
7520	7168
7029	6526
6822	5405
4061	5190
2831	8424
9718	4656
9922	5550
1864	5062
4192	3379
1941	3075
8078	4518
8702	3785
2381	6219
8791	7233
67	5757
6578	6752
4543	1695
8998	7605
7155	9487
6048	9640
7345	2518
5	8818
5652	1064
6275	645
491	2173
82	4983
1467	9024
5956	3659
8071	3127
7317	619
6112	8564
2299	4909
1483	6776
9173	8319
2994	7188
9800	9742
9784	1109
6972	2698
4962	9612
4202	4565
9327	2025
2147	4951
3143	5088
2172	7057
4995	486
8507	7817
6992	328
7223	5053
4575	676
4694	4226
8618	1153
701	8649
9037	7922
4349	4151
6236	5946
1425	702
2119	9328
2913	5322
9791	4714
3867	1841
2694	1231
9888	5597
2830	7044
3095	5174
8327	4559
5101	5509
9058	3527
2893	7655
155	4701
942	5542
5797	5484
3114	1163
6209	6690
3226	7722
1850	8087
3346	8037
825	1177
6290	6963
7657	8375
6750	8816
5914	3542
3654	7151
8230	3316
8164	1202
187	1833
5157	367
9717	6238
3089	1957
5826	8030
4740	6998
6148	6818
5362	4162
3134	7070
9667	6301
7263	778
7893	6947
791	1589
7633	5876
7895	6063
1412	2059
7066	9001
8607	1350
8413	9568
1976	4017
9029	5201
1639	3296
2382	3682
2975	1147
6163	2169
7312	2745
8164	1390
3996	1081
1526	2837
4398	9843
8657	2386
8882	2425
7495	6426
6591	5407
2745	3920
672	4791
6131	1170
6226	3207
8678	4524
647	5584
2541	3302
882	3007
5261	7447
220	6977
3848	303
9502	5036
9484	1997
2739	6411
1375	232
8007	6979
5685	5722
4564	3876
2853	9848
3667	6397
1932	4676
1418	1375
2743	8963
7196	9356
6083	1908
4673	5411
4538	2120
6968	8068
9165	8964
299	4630
9905	264
6921	5391
6949	4892
1814	8410
5239	9345
7461	2797
6322	1656
8064	4279
