500	635920
6445	8728
7740	4367
6876	833
7156	4641
2065	9889
6589	1204
9502	5833
532	5792
2836	7870
3754	6914
3780	1702
3429	3450
3769	5523
9472	427
2187	5535
2619	9349
6999	6861
2282	2273
9287	4980
5646	6735
5338	4725
8014	7431
9617	9896
5390	9232
6654	6923
2573	1506
7189	4691
7694	1015
3504	1065
4926	7716
9085	1540
7130	8075
6190	9080
4254	3367
4364	8268
9251	3703
3740	4437
9678	7405
3124	3274
794	1641
9096	9563
8996	6331
8797	9368
9807	5344
2622	4127
7215	9156
3629	1172
7935	8660
3582	4071
5533	6518
9013	3470
451	3955
5932	7057
6487	8276
3578	282
8085	4405
7345	7067
8767	3058
8110	6295
6499	6120
8873	9636
9883	1064
8037	5448
1285	5186
2994	1179
6089	89
3928	31
9754	354
4973	8786
565	6727
5182	1993
6731	9037
2819	9237
9529	7521
4829	2838
1445	8163
3889	9684
6302	4638
2719	6849
7465	3752
548	8799
4470	549
2722	4931
3034	4218
9459	4317
6781	8682
8267	9651
4802	1528
7893	2317
2082	3737
2725	275
7300	3032
4129	7743
8034	1866
2964	6695
2801	1272
3592	6485
2150	4159
5085	8295
6412	6005
6874	7139
9343	855
5714	5504
5727	6417
4287	2360
539	1019
2558	5349
2990	7042
2954	1113
3644	3392
3476	8094
8255	6925
1555	3595
3830	5950
9076	1132
812	7426
7701	7867
495	3177
8054	7488
5254	3501
4570	786
7735	9478
8645	6836
2916	5390
1259	3038
4178	8144
7251	3137
7207	8140
7947	7271
9657	2921
4562	1515
9879	9410
611	3952
8296	9951
6117	728
4192	9550
708	1927
792	9568
7752	3108
1423	8972
4388	8297
9291	1148
9838	8847
310	9354
5402	6580
3196	1884
4995	5340
9030	8382
6142	8126
9598	1377
8750	269
4472	5776
5937	8499
7414	5416
1126	9871
416	5275
5044	5707
7976	8442
7598	2500
4758	5652
6597	301
22	7777
4222	9965
6649	9225
4584	5904
1729	719
9471	328
8685	5959
7838	1216
6793	8192
7608	9066
3	9434
5631	1828
588	5533
9959	1400
8011	4545
3954	3279
4385	2550
2694	5599
7092	1663
2743	3410
4061	9048
1825	3452
100	5611
764	5927
3740	7884
2518	184
9221	379
5330	6409
825	4354
4334	705
5660	3683
1258	5178
8799	9559
924	9634
842	5620
3862	6806
3985	3338
4882	5883
8277	4911
240	3047
7240	222
1391	756
248	2191
5896	7492
4749	9630
5379	5425
1158	1647
5060	5027
1382	3948
6245	2767
6911	3078
8666	5036
7375	3076
2687	7274
7530	403
6735	8939
1274	1228
1279	4388
3820	4203
1299	6011
5710	9631
8111	988
2849	915
2122	9006
7441	3922
2377	7932
392	713
2282	2504
2091	6836
1392	8876
8148	5486
4845	2128
1100	5512
9969	2722
4139	5727
9371	6249
5980	6260
8876	8007
1547	2189
7067	4914
3809	4584
5704	9524
4980	3649
9068	8084
138	2312
6677	978
5304	8116
8601	7665
5960	8992
8316	5530
807	8457
8750	8023
2729	9714
4469	5408
2836	6774
4771	6213
9647	8579
1481	3818
9169	5095
8594	929
2734	7438
4951	5208
4184	131
806	5559
3699	5069
6704	1209
1057	5197
966	9194
5919	6845
9319	8105
4604	9008
981	9922
8374	1465
3712	2921
6933	1852
6566	2776
78	9693
1472	8194
6612	2215
7333	2921
6357	7646
128	3393
4317	5883
781	7716
7838	9622
6100	2411
3601	7793
5527	6183
442	8632
1106	2861
689	3052
7865	581
1549	1982
445	4850
1189	6881
4984	6069
241	4671
956	41
2774	4593
8854	2492
2656	9726
9699	2397
3820	5725
6648	2055
5484	2806
6279	121
5781	2123
7927	5746
7155	1293
540	3508
7469	1328
1842	5282
2957	9025
9145	688
28	4156
9548	4152
5193	5245
9772	1918
2764	6206
6940	3117
15	7183
6632	2958
8941	3481
8544	7717
3492	73
4883	923
7944	4121
4718	75
4255	1273
1229	8421
5897	4444
7788	9995
4767	367
8390	9552
8998	7350
103	5039
604	5035
8084	8674
5648	3589
7726	4314
2608	9339
3999	7408
9981	4173
4715	1988
8668	7643
7973	2481
5203	4808
7740	8277
2624	1496
5833	8517
7949	8405
3018	9251
4491	3070
6693	2051
5713	7483
1741	3409
5270	812
559	3482
2152	8864
70	9269
6569	2361
4326	7272
6874	8007
4089	9224
9936	9765
9562	583
5982	6059
1332	5414
501	1344
6888	8097
123	2414
9091	4632
3348	567
6521	1422
721	7169
5983	6288
7831	7112
6010	748
927	5134
3608	329
9575	8910
2322	6102
3876	8036
552	4284
8356	2944
6017	6000
231	9631
4601	3856
5361	453
2495	9448
5939	7492
3191	6035
7489	3648
5819	7880
4869	750
6639	4443
90	206
4160	338
7549	2738
8522	2184
9919	1982
2844	3767
5810	6858
535	6420
3560	9196
9971	6606
6068	1295
2095	6563
1	7773
6723	8069
8754	1660
5438	7567
5398	2160
8535	4421
6070	5741
5154	9357
3620	1720
9532	2495
8430	3868
6545	9917
6405	7843
1381	8917
2574	3795
573	9947
8610	6453
1112	2057
9005	5573
935	9009
3538	7813
776	8472
9409	6222
9521	7443
6809	2689
1343	8736
5100	4956
5739	4115
981	5040
1	9431
9723	4096
1232	981
7064	5071
3988	5051
8781	7957
165	74
7428	2435
6107	5923
1353	1897
4300	7759
8630	6290
8484	2796
2962	8024
430	1296
7813	5264
4618	4207
4789	1532
9116	9751
8712	5596
644	821
9630	1477
1321	1207
4212	6933
1807	5343
8734	9429
6677	9103
1092	8942
3744	3441
4513	1056
7940	1802
8339	2636
8848	576
1441	5644
5332	6231
2244	2041
2547	769
4944	1435
9832	8992
7489	3639
4148	712
6681	9104
1918	5554
2139	5248
8833	3885
547	1877
7607	5636
3384	8133
2545	6707
7428	9764
5555	2643
5559	4798
3011	6063
4380	2355
1506	3922
605	3897
7102	7190
1289	7246
5217	9708
994	9605
5411	6697
9636	4381
