500	243840
8860	7113
9306	560
9931	4959
3381	4683
2567	5248
8045	9904
5008	7192
7834	7644
9113	845
8277	2315
4799	7959
2425	6860
4582	6950
139	3198
7598	7981
6609	6469
6114	838
3016	2594
2584	5313
6859	1566
6261	7643
390	3764
5222	5018
3265	9332
9441	1523
616	2868
4759	4011
5821	8668
3297	9289
4850	1537
2210	4972
6797	6331
1036	8028
2373	7993
8426	9625
6495	1552
6020	3639
7726	3355
640	2250
9756	9738
4996	1724
8208	3238
1430	5798
5530	1274
4006	1112
7843	4231
8812	994
8169	4511
8432	772
1017	3114
283	3653
7650	2938
7265	5179
4264	853
5002	7960
7998	7927
6521	5889
4128	1855
8672	9668
8661	1794
8205	5309
9979	5639
4778	3574
5951	1739
9248	9212
7309	1006
8809	4090
8564	6899
1673	9532
4885	7843
9745	4328
4296	716
6003	2949
623	874
6831	4267
106	5656
8711	8135
740	9377
4256	7904
6775	677
266	9277
5702	5779
6713	5606
4855	2905
7021	4334
6674	4164
5282	1456
4506	4245
9945	346
281	6581
287	6688
2693	9622
9178	4315
5601	1943
5312	9743
869	1902
7411	3960
7675	9717
8553	8984
126	3805
1139	7048
9519	7913
502	3583
1424	5065
2806	3917
1018	3918
2624	6978
7369	3266
2764	3344
7293	695
8249	7027
901	1611
843	7211
4834	8674
5530	2093
7693	7226
9177	4980
1027	9155
2745	8291
7016	5118
9657	4507
1157	6628
8812	5427
7005	1990
2706	1297
5115	7849
2466	6792
479	3999
854	7269
922	6440
9271	5823
4751	6734
2894	1602
4757	219
921	4922
2028	6315
5282	636
4602	4655
3708	3951
4352	3492
7787	5826
6839	6258
4180	7032
9398	3695
1143	4540
3057	6448
5238	25
6534	2391
3193	1751
5305	5693
9997	6517
6103	470
6851	5232
6202	474
3442	2100
2481	189
9766	1930
1363	3181
4002	4335
2587	5485
86	9785
7147	6380
9758	1012
1350	208
1134	3204
2339	9587
3720	7257
9348	284
4788	4598
2391	7656
9197	3926
1693	1489
5025	3057
7074	9110
2352	6445
1203	7481
6383	29
7000	6513
9276	3221
5656	4114
8153	8851
3331	7351
6627	1556
9053	5433
5459	4844
3642	1241
8582	8981
9768	952
2955	4358
9255	9590
2433	9401
6969	2638
1977	3133
6845	744
9632	8761
3393	3264
7182	3319
2386	7446
1579	5151
5621	8459
1388	8997
785	3039
6787	231
5494	7637
7506	5758
5215	3329
4178	2427
8061	4966
6982	1159
7719	2873
93	1301
3580	6066
8440	7009
1781	9192
6579	3068
3930	2699
4906	1476
4469	9719
1376	3415
469	2355
5442	7726
265	2913
2476	5873
2903	8832
8422	2175
8228	739
8298	3785
4188	4013
2349	7339
3260	2050
7773	889
3073	8871
4185	4647
6752	3974
8710	1539
6508	6187
9479	1833
1573	858
7066	9044
9422	1436
8184	9883
6989	5649
7763	9417
7803	8376
5787	6119
9047	415
2344	9816
7267	2380
62	4246
6220	5278
6290	6859
2521	2975
8990	7532
9858	1130
6397	7435
198	7756
1025	1068
2578	8184
6809	4586
478	9610
1541	4569
8312	6992
5011	9056
5037	4815
7479	1565
6368	3136
3934	6339
3219	4514
8349	3614
2023	7674
9387	1013
894	7080
3953	6356
1217	9916
4613	796
5356	1008
3237	5155
380	9922
3697	3197
5111	9593
4020	5665
4151	3111
5410	4781
1712	4798
8844	8508
565	2821
767	3861
7837	4534
3589	5781
8519	4467
4923	2376
1768	3194
3900	2237
9884	880
2188	8792
1872	7874
9516	346
6765	384
4484	238
6513	9145
6909	6938
7401	4489
8500	8992
8229	9076
8483	3801
856	5434
6225	3498
8135	4197
4177	8584
3657	7417
7426	245
763	9874
707	6236
7708	1751
5981	4984
5670	3117
4540	9527
6238	5930
1916	5726
1338	7250
7584	9277
5347	4888
2912	9928
7387	2204
6189	914
6969	900
6135	1820
3680	9711
4721	6163
7969	1035
6780	2743
6530	7157
8574	251
8691	4715
4317	8367
838	4069
1714	8832
4995	6482
5866	4182
4022	9212
4513	6476
4755	5818
1800	8062
8725	3748
9030	3766
130	6549
1288	6484
2342	2386
9204	8403
3953	4953
7771	8957
7959	8106
8747	2784
2742	8469
8664	6797
5378	3852
5563	2757
97	5588
2917	3044
5361	8564
389	857
6351	5657
6637	7424
6057	4043
6433	3664
8197	2440
8530	5477
5000	414
6387	993
6875	6229
7723	6675
3769	9703
8849	1525
5490	6613
7926	3352
7044	4727
734	9615
9993	4283
1271	7132
9988	2015
2644	4690
8107	6982
166	9323
6156	2987
881	2446
7817	2101
7516	8714
9326	5666
1625	7152
9268	1419
1504	4797
5331	9498
3823	2487
3477	2357
6619	5232
2280	5720
9605	244
4346	2669
8029	3934
9972	5842
3225	6139
9056	4123
9686	8030
7575	4412
985	5966
7797	4556
1908	8372
6946	4020
8268	3167
791	3012
3851	828
6314	7342
5655	4911
7562	685
5142	349
2300	8199
647	3169
9540	6715
9638	9053
2046	4629
7201	6496
9763	802
8840	1542
3008	1287
7887	9131
7962	7615
9098	9610
8942	1092
3353	1424
8148	4847
663	2615
72	2779
5890	2411
3871	4887
2856	3231
7454	3046
1366	5595
6475	4262
3350	4716
8854	5972
5639	5248
4246	7009
5271	4256
2505	7088
9512	3753
2457	5122
9832	1429
2370	187
9881	4705
4425	5240
3501	4230
1119	9614
2023	8083
3881	4818
9826	7787
4023	3160
279	3102
4343	9899
632	7150
1995	165
837	3304
2023	2991
7464	4246
8035	731
6780	7214
4311	2734
8116	4876
8830	937
5054	2114
8896	3871
3695	8424
9871	3234
2727	5137
4543	205
3116	4798
6770	1887
9794	7978
3010	2790
1913	1948
4101	9513
2271	5925
595	8010
7086	691
2923	9013
8198	7914
1859	6291
7148	7946
2815	4065
7197	6314
2247	3464
6635	940
6375	4376
6262	9792
9538	9856
6007	8025
8863	6076
2366	6285
733	1268
3383	2277
8377	2059
