500	1878871
2393	3052
3201	851
581	5622
9752	4388
4963	6658
5670	7937
2082	6534
7749	6257
9142	3098
3555	1974
8207	4024
9107	4400
9410	3275
3126	6800
386	4331
3220	6943
4466	2526
8257	7864
6044	2802
9655	5644
9283	696
6893	9973
5903	7228
1365	1534
7430	8334
9717	1133
153	5760
6790	7433
3442	8978
7551	6889
7620	5058
7931	7524
5480	5502
4108	2156
5390	6404
4399	624
7167	8379
6451	5748
841	6004
7159	8628
4911	7762
7650	9757
7938	7069
8758	786
4078	825
2173	4373
4966	8100
7547	2237
315	3020
5476	1420
1496	7987
8259	4050
6607	8431
7533	7471
4037	849
1640	8457
6741	3663
5176	96
5596	8662
6205	7246
2291	1517
8411	223
3080	9230
260	5978
8720	4552
1905	6692
5127	7572
9378	2693
6533	1944
8963	3923
6929	92
8125	9828
9423	4
5728	349
1751	4440
9072	9558
9157	1278
5843	5940
7580	8918
6878	1608
5172	7408
2050	417
8595	7124
6168	5818
5836	7174
8726	9067
3107	3345
976	6301
1524	5345
6856	9198
2638	9086
4204	5489
2996	7822
8658	495
9981	3890
8515	2146
3805	3819
5168	4063
2787	3445
6861	7970
8934	2064
9504	3589
4164	8162
2271	9890
965	680
8519	226
1666	3606
7967	181
9529	2412
4781	9640
7519	6602
6274	3018
1075	8747
4114	5836
5362	173
6904	6194
9535	3140
8461	4013
6391	8111
2462	5105
2215	8734
8353	727
6933	5043
7092	5929
151	887
5900	6390
8903	9567
9076	2407
9045	4154
2784	1262
4841	969
6894	9211
5637	6582
7518	7768
8437	8994
663	5098
6179	2960
4383	5543
6540	2635
1058	1550
7118	5630
9218	3626
6698	4213
5232	315
8606	3531
3490	4100
4524	5356
9765	6900
6445	8648
9186	4495
1831	3528
3413	5694
7001	3984
6943	1442
1589	8760
526	1491
9615	4974
3568	388
4833	7089
6665	9802
484	1812
1046	2085
1189	7386
1599	9725
3249	3001
4704	1845
793	9637
8014	6890
8150	2889
4064	3522
7797	2138
8022	319
6076	2889
6123	2417
5178	2559
7611	6193
5596	3232
318	8924
3769	4798
5939	2976
1845	4834
580	3798
4964	316
4246	5160
9576	7796
2739	514
6207	3833
9139	7491
5470	9272
9305	6658
9667	2895
5439	4369
9561	4254
4746	8108
3169	6068
2026	3638
1849	3150
503	3113
1284	2749
51	6659
5981	9846
397	5898
1658	3752
4214	4184
8782	1667
3235	2007
7454	537
5679	5174
9162	1219
6200	9567
6161	4349
6295	8001
9126	2366
2663	1910
5392	5617
5027	9404
1009	879
1804	3456
2665	4797
1441	5512
1057	2412
9450	1001
42	7163
748	5922
1664	1087
5395	5435
4498	9402
3931	5384
6924	7311
4522	8961
2162	6036
3322	9683
1402	9687
5070	4599
6212	3667
7169	1927
8010	7213
8410	4738
8515	3299
12	8527
515	5207
7827	2872
6884	4320
3290	6034
4209	6530
2590	2239
8513	5338
6436	1002
3526	9926
5057	1722
8654	7248
9044	9046
2493	1012
1066	6157
585	2685
8421	8176
5423	9733
5787	1500
2556	7379
1298	829
7642	3979
9916	6166
8275	845
8569	1776
3840	316
358	6398
1709	7005
456	6830
506	8610
4621	136
9200	4167
7158	5367
2155	3709
2610	8745
87	6012
695	3622
5287	3912
1998	4958
3782	3811
6867	2719
8660	9856
2889	4063
2697	9743
1159	7041
3078	6392
9737	9759
6651	3383
240	9070
8119	3687
9179	1050
9548	1096
7456	7404
6437	1223
4728	4935
8757	4012
2711	1330
1694	7767
7636	6474
325	1949
2822	9346
7926	6783
5058	9638
687	7690
7894	9510
572	387
6407	8486
8570	9288
7465	434
2459	4086
2161	8307
9699	5370
9474	7448
4923	9933
9428	3191
8775	5609
533	2881
8209	6269
3697	6330
150	6716
9843	1875
1696	6694
3105	6004
48	4855
4915	4194
4092	9097
9020	6376
8335	7388
4279	5771
33	71
6677	6819
7540	8398
8341	9565
8160	1453
8505	2164
1552	4759
7066	7989
1063	3091
9058	1272
6176	8889
7344	269
2044	6269
7583	9879
1660	2116
2813	2684
882	3591
4054	5743
8473	8803
1364	7131
3574	6856
8805	7467
8314	6982
8711	3546
6339	1879
2659	9544
3350	9702
1967	5725
9726	8884
3484	5327
5199	4672
646	5942
3332	8510
2700	8471
7891	395
9640	7281
2492	344
8127	6512
5353	6943
1053	2447
5699	7290
3862	7059
1389	1823
7007	6900
2561	3304
2427	8220
5727	3850
1520	2592
8264	6931
9220	1812
8338	1269
9849	1966
7934	9634
3724	5891
1042	4214
3339	9642
6822	8471
3348	593
1892	4505
6403	6753
9875	2555
4669	203
6268	7765
5010	5947
5937	645
9300	5149
1872	8547
9471	2914
1413	4545
5025	8309
758	2436
8404	9657
7276	9098
3984	7879
3023	2003
1284	1336
8832	95
5851	9325
3441	8077
394	9272
7611	6464
7247	6955
7725	4056
4306	7384
1855	2970
7128	5788
3417	4498
9494	241
5679	1812
9564	7055
5830	6245
7264	5002
636	582
8538	470
847	8419
2988	7712
2092	4728
9087	7764
9656	2840
5055	5846
5378	2456
6596	3
7041	2008
5584	8135
295	5878
6738	5887
3803	6530
6690	5621
644	92
7375	996
6392	2568
8948	5210
6082	1632
3905	7662
5475	9902
8050	4401
1609	8368
8085	3694
3708	7775
6213	9310
8614	1954
2435	1071
3981	9421
9673	5580
3937	1437
1500	102
1423	3669
7725	4111
3795	3595
6295	2121
3654	7359
5314	1724
7891	1672
3289	7690
1384	8188
4983	8785
6815	9432
4593	2363
4039	582
7637	422
2596	840
1469	8663
8039	869
8810	254
3854	9690
9795	6656
778	6802
3036	5294
7712	7404
827	9179
9337	2794
391	4989
9342	4234
1837	5758
9719	6278
8758	3530
7285	5046
8797	1314
57	2651
647	5464
5065	9736
7272	6688
7171	1772
2196	7027
1043	4338
5861	3491
2619	3159
6933	6529
5123	4287
2509	7055
4053	9218
8661	568
