500	1872101
7994	3132
1728	7914
7383	7480
6157	5823
6387	2338
8691	2429
2540	6126
2757	4569
9966	5646
6006	4311
9634	8324
2386	2600
5702	4225
6818	6971
3440	2947
9895	5659
9750	6812
3094	3203
6969	6262
3864	3416
2580	388
9323	7906
6029	3482
4165	8840
7260	1420
580	3818
4084	2928
6664	4083
1447	263
5245	406
2536	122
5752	9108
5865	9501
4009	3166
6829	9304
6067	6271
2059	9951
1275	6799
3849	5317
3241	6756
3470	7587
4809	3415
8807	5048
1146	6057
2082	1477
9957	5840
5915	8682
4975	4701
9022	5496
7975	8106
1778	1908
1118	8103
86	8409
5202	4922
5479	7117
8081	101
868	956
6690	3644
5962	4089
1910	89
9715	1037
8248	7530
5786	5676
5579	851
7513	3496
5341	2279
3496	3914
381	4435
5633	8152
8616	7616
2376	2549
3852	4130
1445	5951
8282	1956
5092	2938
7115	7934
5825	7366
2818	9440
854	1050
9751	1765
8011	8211
6389	9570
7306	1027
8591	2778
2442	1504
3587	2847
8432	8563
6653	5152
4512	8000
9054	8162
5134	6055
659	4700
8643	5184
3162	3312
5305	3574
9055	8159
8238	2089
3841	1544
7430	786
5425	1537
7569	9384
8256	6948
8975	1268
8175	857
2065	4188
2371	1258
2283	5404
4280	2211
8730	5429
3605	5868
354	5634
178	9727
2429	9957
9123	1095
6190	7905
8300	9995
1512	1349
1998	7855
1920	9954
3320	9998
7063	1278
9678	7476
6471	4054
8605	8430
8366	1179
5882	3175
628	5280
801	6370
5448	4469
3246	2430
4275	1716
81	5424
1706	3587
2157	6917
8273	4314
7446	4803
4440	173
1791	1498
3351	3052
8229	1940
9727	6660
5302	3137
9617	6331
5730	3363
7809	9130
5724	4397
331	6433
3903	26
7736	579
297	686
7627	1686
8775	9190
2232	9243
3123	4382
8124	6432
1401	8146
7294	9773
4119	4544
1786	3122
3542	2689
7384	910
5933	5021
9109	5778
5237	3203
1354	6834
8354	8128
4236	6735
6888	293
9838	9869
9306	4136
3945	3839
8737	1718
517	887
560	2673
7314	8668
7037	904
3796	2719
2197	4936
1806	1361
3683	9312
5006	8187
9970	2922
650	6517
2278	7780
3715	9060
734	3571
6931	6704
7580	1146
8861	1405
7505	3244
379	9162
1167	1558
1943	7377
2078	5934
6474	5592
8690	7060
7044	5401
857	8550
1360	4772
3572	5627
8518	4190
9746	1495
9899	8002
3292	2375
5336	4759
9711	2126
3735	368
8364	417
195	2590
7692	1232
8169	8912
9518	3074
8591	1702
3473	2359
5665	5855
4359	3693
742	5681
1963	6298
7019	2159
7457	7723
7012	478
8702	7717
6121	4271
8216	3287
1886	1113
1726	5776
1282	2301
4912	3046
2851	839
1074	3652
6014	5673
4280	3471
3253	6275
3709	1073
739	2982
8537	8512
5945	1820
7867	9284
7917	4789
2285	2510
5001	794
5467	2927
8408	2388
3571	1999
9389	4513
3898	4432
9102	9343
1156	5483
9418	8246
4072	8227
8204	6168
3720	131
1990	6491
5500	5198
6211	2993
8349	1750
1074	6963
5806	6721
4133	591
1760	1727
2869	4345
173	4049
1165	6687
7067	8255
8214	7230
9444	4669
8234	8092
9275	8081
4692	3537
7710	5370
8559	6246
2876	8384
4259	7483
347	9572
1485	250
5851	3188
1798	5876
8665	6896
4385	4340
3500	7882
7962	9128
6687	8317
2788	6607
7674	5014
357	8679
592	1738
6345	7292
6077	9511
234	2087
4645	6404
9660	8899
4270	7777
1166	2117
5008	7321
5296	2255
4212	1200
4052	8411
7096	1556
5018	4889
3726	6351
9681	7450
2669	4946
233	8408
4436	2460
5920	2850
8521	3312
9188	8560
6808	6915
2905	804
1334	9705
3874	1143
3069	9402
3706	6928
5892	8938
5697	7647
1169	346
3901	3286
2240	717
8552	5624
3874	5144
6180	8543
5795	2433
7430	2984
5072	9328
4610	7637
8541	8909
6598	9164
864	1971
1187	1303
6893	4216
9357	8446
1806	4188
386	6366
1944	4483
4518	438
498	6907
941	651
900	1419
3135	9282
6064	6005
2122	922
2012	2341
7242	3308
3374	9751
9284	2181
5832	9657
9092	7455
3099	5613
3667	471
4385	8299
5150	9395
6854	2474
1572	4079
9727	7950
5627	9557
1808	792
2125	2018
6310	9734
7733	9108
5837	2612
2012	8887
5945	7779
6880	3430
9193	6058
4889	2019
7324	5724
5643	9856
2026	2416
4839	4914
5927	2935
441	6808
5071	9154
6355	6362
2485	1597
6010	5183
3320	5285
8644	8433
4758	4208
3740	6075
4905	9178
2151	993
3275	6862
4644	3154
9121	5979
3029	8312
7211	9015
5578	505
4920	607
4018	2216
8681	8309
9389	9781
5735	4351
6662	2635
939	765
6198	5392
1970	3014
1705	7657
5338	4835
7155	592
3363	228
5648	9483
289	959
5582	6046
7170	7261
7414	3829
7658	8652
2383	7276
9724	9815
3384	1218
6476	4458
9301	4958
2911	684
8458	3488
4922	151
2285	1992
3370	2304
3839	7130
850	2553
4920	4134
4175	6021
5155	7003
1288	133
9222	8076
6201	7592
9867	7953
7479	442
779	2136
5069	5626
9357	5130
389	9484
5254	9600
3047	3123
4051	8169
4092	7206
6846	7980
2366	6257
3823	3048
4534	5854
5720	8649
8303	3396
1242	6982
7667	1264
7246	769
2067	6123
6762	1559
5173	8921
6431	8763
1769	1154
8919	4448
6481	2905
5522	4541
5518	8295
2012	1452
4381	3518
9628	704
134	6943
5993	7194
5055	3861
9640	9912
5878	5904
9968	9723
9853	1945
6481	1866
48	6205
7488	411
9416	4460
6521	9528
7593	5940
8439	5827
3602	1497
6634	4165
758	7842
6474	5809
3317	3751
613	7306
7402	316
2238	3732
8865	6946
4567	9718
923	9995
8836	9754
2524	44
2899	7177
4509	5741
4054	9922
7454	1905
1923	2834
3891	5622
8665	7002
7912	5987
9856	9527
196	6876
6973	9314
1713	7184
4032	4982
3806	3556
9939	6838
7917	2253
189	9138
9680	1716
