500	637785
9971	5212
1161	9685
6302	8307
9885	4415
709	1831
2195	3927
3866	2803
8348	8442
588	5310
3553	1716
4955	1211
2843	9093
1935	2780
6425	9599
557	2642
9373	8351
4327	8532
5931	5300
1127	6814
2882	239
2288	7568
3167	3080
9344	7722
2557	8451
2964	9829
1544	8747
6235	4740
6420	1892
1658	5655
3187	123
5395	2059
4023	317
5696	3456
1955	3930
4158	3241
7876	82
8827	6182
1588	5680
6916	2303
49	2022
4098	1018
3826	6816
140	7567
6072	4029
9816	7068
4611	2131
1395	1162
4529	8784
4269	6373
495	3303
1669	2814
8080	5123
4215	3097
5739	8982
651	7395
7441	1047
462	4453
4091	6495
6780	4350
9153	7281
4547	7319
8395	7039
1623	6197
4015	5192
9664	2810
1188	9494
2898	2001
3759	5693
445	4585
7889	6760
4925	5999
6097	6897
1277	1520
9311	5714
504	9274
1484	9974
2574	8920
4743	1412
1075	6151
2667	9073
2879	766
1816	8280
4256	4865
1174	5456
7415	9847
564	99
2109	6695
1364	2527
5666	9207
7589	9330
3169	5889
2057	5141
4278	3024
767	7361
2158	4885
6378	2638
5260	9467
1263	2124
2459	1856
1652	3275
4447	2880
5821	9839
9716	3516
8552	317
4747	220
4932	9325
8246	6544
8706	9347
3783	8996
5300	1368
1717	7006
3569	6098
3128	985
8369	2143
364	8790
8209	352
1682	4866
8124	860
8572	9299
5667	8741
8016	5629
7745	3789
5785	8956
2767	8448
5057	4546
2386	1276
9332	1852
4891	2555
4527	8573
5410	9622
2986	7057
4506	9496
5978	5544
4950	4000
6957	6612
4207	6367
7479	7044
7915	7070
4453	7838
5168	7182
434	2731
4770	2966
3022	9315
8776	1877
4738	1017
6825	9281
3991	6162
2402	7057
4654	1239
836	4650
505	3933
9830	3277
2943	7432
1117	2106
134	6766
8048	547
2952	8177
7453	4818
8327	2419
8226	1783
1899	3389
6477	7977
5966	8943
9325	1873
835	8685
4008	2022
1229	5365
4252	8533
4397	4806
2163	8694
4356	829
9186	986
4435	1290
2568	1421
3066	5900
6421	401
7528	4492
6743	1404
385	7204
9569	8762
8630	2397
8067	4103
1103	5342
2268	729
7029	379
9297	1103
2511	206
1076	3918
3884	9145
2214	9581
875	6919
6578	7187
549	4465
2449	8614
4392	7541
6763	1063
1153	1053
8534	1836
8691	7717
4434	7856
6349	6077
5833	7593
616	4845
8310	3207
7064	6275
7175	1719
9621	357
6417	8762
1964	7853
2196	2103
2613	2068
4931	9172
3436	3765
3393	1568
5417	7663
9473	1329
1241	1818
744	98
1317	489
3037	9665
553	1303
1800	659
378	6929
7838	9609
2245	2289
1992	3884
3677	8276
1227	9343
9883	4622
9928	2863
6524	8742
6156	6387
9573	4714
9637	6573
5967	9411
7306	5429
2014	5932
6392	9309
766	5190
6336	1408
1677	3831
4705	2025
4676	2806
3566	7850
6730	699
457	7868
247	3115
4816	670
6120	3815
8747	1613
6153	1566
8658	8555
229	3516
989	3881
2017	6523
9052	4699
2850	8492
2763	8742
3070	7833
9454	4507
208	8870
5743	571
6620	714
6113	1329
7379	8931
5313	2729
6390	4850
9194	1759
860	4685
9894	9825
6357	1276
6225	9768
5692	9980
2555	6469
8424	5992
4615	117
6966	4461
1017	3250
1972	7239
4002	5862
2581	2187
9840	249
6970	5729
1150	1726
247	7920
9967	449
3962	7669
9578	4676
6185	7580
8118	9654
5337	7914
8069	9115
938	7894
9016	9086
6501	9840
8351	7798
6033	3716
1565	6344
823	7306
1178	4727
5981	5478
2954	7190
6488	633
7151	3678
4166	4984
7704	3983
6789	215
6352	2491
6441	6020
6871	4435
3985	4789
4217	5308
5076	3710
9483	2402
640	9471
2973	9535
579	7578
6854	6429
4101	5652
8829	930
9168	3137
9957	6302
7959	2853
8097	4971
4989	6202
2081	8268
4835	3173
308	9149
4519	2500
9558	3697
9680	6889
8140	5263
3829	6073
110	8325
7304	9090
910	9426
82	8389
2758	315
2690	8445
923	8412
9682	1382
3033	1230
549	3954
5533	6099
3165	4260
3250	955
9985	1385
6277	3661
8218	6565
4646	2921
3696	7728
9260	6956
3082	5889
6459	1902
5760	3917
9318	7165
9674	8430
4555	7667
7814	3761
6994	2550
2458	2666
8356	6799
9057	2517
9565	9287
501	8229
3638	2511
8913	2851
4309	6549
8407	2226
9371	8738
1741	9973
610	5811
4030	446
6303	6551
8929	4438
8015	6333
7287	7543
5103	3245
3154	4684
1540	6110
4302	6622
114	6177
2138	7323
9051	5296
5868	3849
7410	7133
2471	7141
4229	4313
4710	1553
9607	7022
6034	8438
5390	2204
5565	2142
7860	1306
3166	6488
2192	134
5703	7355
6683	1611
1003	7350
526	3143
3569	4581
782	4379
9877	1335
7415	6536
8950	8491
780	7516
1260	2384
4677	4691
1716	8068
2460	975
5270	9875
3946	4777
2496	4148
3300	1908
7247	1063
6967	8820
5367	2980
8263	3993
4651	9860
991	2230
3945	7872
2689	5390
2446	7134
5636	6340
6705	248
2922	2659
8481	9268
2828	5071
1424	1862
9533	9507
7174	7908
6630	5074
9169	3236
8198	771
6170	5134
3082	5170
8829	5186
4331	4341
8296	9980
2817	3393
5125	966
27	4578
5018	8538
6135	7575
7880	3292
4445	4926
3066	8842
2980	293
8187	6623
229	1226
9066	1224
2515	1749
1068	859
703	8788
4389	403
6641	1144
9368	7638
9450	9882
2271	3358
1347	6515
385	9269
5826	8157
6213	5888
9501	7298
8681	7961
8211	4391
818	3997
8025	8595
5266	5644
4938	3076
7210	4352
5470	6321
5181	552
1233	7123
9097	223
4314	563
7275	323
7952	8934
7292	7093
3758	8333
899	10000
3500	8032
8562	7335
6875	4901
9732	8435
8286	3460
1867	8153
5587	1345
2784	2541
3064	5398
5816	8373
6810	8477
6091	6032
9210	679
4790	3190
4938	6308
3044	7008
8213	6018
4221	2901
7681	7492
