500	237827
186	8795
9992	1030
5969	6885
5837	9734
9919	1188
6776	2278
5384	5074
6347	5062
3070	2833
5626	8371
7896	6515
3999	16
5287	5493
4537	2914
5797	9328
8217	4408
6710	2051
5679	1999
6746	588
6464	5992
3730	694
9703	1162
7592	1488
9340	7772
6084	4881
8797	776
7259	7457
6276	8969
5786	8841
8707	9758
9293	4209
1052	826
7896	3170
8017	1135
5101	2833
3727	2665
7895	7855
77	8584
1379	557
9665	5469
3877	8715
6681	42
8411	9350
4995	9367
9150	4410
4247	2712
7921	2626
7591	3223
1538	8120
5301	8739
7742	9562
7228	5744
9659	529
7017	3476
5222	9839
459	3382
2981	1815
5666	2616
3367	7847
2889	2909
2940	4173
5233	7038
9022	808
1830	9837
1969	2024
4676	4258
4390	9635
998	4566
7697	8896
2389	2516
1235	861
9951	2756
8945	1838
4734	8632
4328	8963
627	3915
8974	517
8253	7383
6215	8766
6237	5801
6685	2574
5651	840
4121	3521
4156	7481
8984	8459
9473	6137
5253	2578
5303	9373
5829	2360
4863	6543
5045	8388
219	8184
2922	2977
6346	669
6806	7534
3981	8182
6760	7383
8621	7228
3058	6597
3767	9126
3030	5378
3285	280
4733	5139
5951	6331
6516	1146
8477	6878
4970	6391
1076	3937
4073	3188
7202	5211
5465	238
1737	7290
7133	8935
3275	7155
7651	6316
6673	8177
9948	7971
3566	7838
8436	3555
9812	1478
496	6617
6011	5648
374	3661
7628	2737
8535	8072
8028	8900
8887	512
902	7164
345	6780
3918	4418
94	3769
1157	3612
5050	8333
1478	6819
4473	6673
8557	4684
2805	5886
7955	7455
4227	6681
5171	1395
748	746
8138	7099
7648	5962
6877	4813
2898	6057
1041	3663
9594	4947
4492	1470
7944	3817
3777	2397
133	3576
1516	4912
5391	8489
5749	2644
3892	4653
1500	4682
743	7787
9192	6520
6496	4963
5904	7116
9701	1322
8565	4807
5864	4457
823	3390
3018	9476
7302	6505
3081	2010
1611	3159
8640	2284
5728	6879
1967	2974
1316	7050
7953	2215
3370	4110
2964	793
1896	1876
6870	3602
8264	15
2504	2034
3074	3718
3474	1120
4253	7118
3892	9245
6557	2262
2353	1842
2734	7517
3917	4249
4566	4084
3535	539
1941	2093
6030	1637
9016	8700
983	2183
6482	3558
3203	1744
3711	2408
3271	3021
3827	8827
5179	2334
7487	5719
9563	7385
6737	2785
6271	6867
8919	6976
8174	7051
6601	6584
1212	2053
5784	7587
9536	6802
6032	8822
7534	9965
347	987
3988	6255
4217	7363
5253	5816
1422	8742
3902	3190
2836	4176
8732	3341
7850	2679
4431	1192
6887	8358
4203	9051
247	6651
2776	3790
4648	964
1388	7049
9914	3194
9954	7675
2430	7093
9135	6865
2126	480
233	3167
2970	4454
8420	8598
7038	8631
1260	2054
2660	6514
4408	2165
5717	5869
3260	9595
4634	1633
7782	9639
8580	7543
3190	2202
642	5825
7378	7149
256	2897
6153	9753
1616	1273
9112	1019
8450	5426
4632	7160
6165	6906
8859	4520
5782	3114
4869	3534
7197	8514
4846	2713
4158	4602
7497	7148
1807	3257
8858	884
2529	7238
9723	4365
7959	1239
7988	7302
6458	3063
1455	7659
7593	7941
5151	4366
8697	1940
6136	2072
693	2827
9011	5918
268	4261
3737	2472
4347	216
8646	6364
6572	327
9764	5610
3725	1751
5875	4838
6013	9377
6496	4486
530	9463
4211	7066
5675	3103
2376	1006
8513	9627
2545	7564
4934	6039
4887	9315
7986	6896
4052	8323
8179	5725
4129	922
8649	439
1561	3209
7922	2838
7853	4835
7233	4260
5254	2818
8969	8629
5120	1159
6635	1387
4193	7093
4850	8239
2445	2344
4249	436
1662	7404
3050	2086
1191	6073
4637	3219
133	3726
3821	6049
6414	4735
5530	222
6430	3841
6713	6512
9972	6852
1726	5886
3376	1583
3969	3302
5025	6032
4981	4714
8500	6401
2648	4540
7752	3064
9065	3090
2979	4835
7726	968
5500	4418
8967	8194
105	6704
1619	9247
232	8669
4884	6522
7747	685
9436	2283
1896	8495
2276	3790
4211	8891
2231	2427
4990	3447
1707	4600
8612	2198
6459	5789
6974	6749
4107	2301
5630	806
5881	6680
8388	4012
9541	9718
6663	6450
8075	8775
4896	4381
7127	2184
4272	4232
5348	9546
2375	8536
1222	5544
7319	6103
682	155
4279	187
2071	4441
5825	3845
1864	250
3324	910
8197	9338
6785	9178
5315	6014
8038	6797
7415	496
1578	156
1940	1929
1922	7737
6271	1853
7079	424
9834	1630
3775	4794
7956	6511
7890	2689
4026	7105
4766	7395
6302	5852
2118	2474
3954	4326
1464	5027
6762	1313
6327	3713
1228	5098
7390	1193
1154	466
1282	3945
1270	4538
5465	7051
9306	2384
2839	5045
3893	5872
3653	9107
969	7306
6349	9495
7753	8492
6002	2884
401	7644
7670	480
2892	5865
8644	4395
6018	7105
5144	605
7707	5130
8146	4850
2009	1900
546	8286
3359	281
971	4503
6539	2416
6509	2099
9925	8077
3236	3527
409	3080
4678	1948
7020	3441
3055	2219
1100	7601
489	8999
9181	4998
8527	2535
7360	597
5321	6735
7524	856
3248	1998
2763	5593
2134	2469
5423	5059
9824	3394
7911	2190
5334	5364
8206	3374
2220	2425
4896	9474
3616	8561
8070	4239
182	9424
3847	2330
5980	4439
9001	71
4204	1603
1519	14
5986	8164
4001	9315
7119	2179
9851	1501
5543	1153
4443	3024
8553	861
4652	8855
6170	5059
3432	2168
84	8272
9258	7495
34	3489
7229	6275
7687	9452
8158	4165
270	2342
8007	984
2394	513
6841	2646
1300	4730
3842	2966
2351	3192
7654	3287
8318	6219
2508	4489
8639	4463
3380	7833
9144	1122
256	2491
9834	1630
5096	6632
9360	6269
8581	3204
6440	3120
4838	2004
2013	8427
4552	8845
7146	5229
6055	5358
1165	7409
8060	9992
2017	7078
1022	8
5825	3744
9267	4462
6131	7302
5161	4195
4558	1567
8041	4236
