500	2231090
3038	3216
210	3813
1605	4372
8590	5418
2407	3538
5348	9611
8943	7472
4420	9020
1841	3285
862	9958
9892	5681
412	678
4038	2124
1043	9056
9298	7295
2159	4349
4958	6302
8881	4940
3050	6561
1935	8953
9740	2021
4151	57
9612	4202
3377	2045
8185	1809
1198	6181
9740	207
6317	3655
4481	8619
2396	6956
3724	2976
8523	1784
6074	8835
5719	4423
2974	1603
2925	6337
2369	3483
5511	384
8184	6148
8582	5940
1305	4209
3264	6970
1891	2296
338	504
3056	2936
304	4769
2940	982
1576	5490
4698	7432
4438	7584
9348	730
9139	2574
9267	7299
1096	9188
7533	9788
5338	6896
4959	396
8453	2929
1654	3519
9137	4769
9245	8817
5589	3361
9797	6418
6564	5468
9863	9116
3901	8676
4164	1457
9532	5892
4918	4228
7521	417
1710	2958
3538	3534
1249	7112
4877	9715
1275	5201
3330	7554
9962	2405
8358	6739
1557	7780
4715	2259
3304	2013
8601	4059
8387	2689
7692	3991
7408	9344
7793	9739
4055	6099
6835	9959
4710	2714
9697	827
5305	1345
2357	6887
306	1113
215	7810
417	7421
3497	9419
5824	3523
8421	657
3926	8413
7647	2033
3623	4526
7590	2094
9537	6124
2993	6170
4128	6546
192	7188
1269	8663
4834	6563
2953	3737
5714	1082
3373	3591
3149	7711
5628	388
2522	6279
7266	6778
5278	6129
4809	4159
8791	2417
1061	4857
9701	7837
8405	5189
3171	7304
2982	102
2277	9655
9283	4109
3511	4721
9852	9501
3537	2212
1711	8703
6627	7341
4754	5234
246	8419
6879	6206
2203	5549
3745	6394
1914	9426
4157	1018
9436	100
6308	8892
9738	493
7208	7475
2882	6645
9524	8753
8016	4720
8501	7830
3723	6700
7014	6687
4358	3920
5308	5638
4954	6783
9362	9410
274	3393
2716	5842
8985	5778
5405	7794
2272	3124
9621	7952
6605	3789
9697	4479
3398	4060
24	4758
5674	3679
8206	8923
7383	2863
4772	8686
8020	9407
6685	9122
9670	6524
2066	3558
5840	6841
7263	2544
6557	4794
425	2125
8388	3380
9921	6643
603	4962
1586	4631
9512	3645
9372	1427
1679	8103
6651	4242
3168	6413
8230	8301
2145	4658
5799	2522
6298	2040
4689	6963
4823	1351
1470	1480
8362	2672
3303	3464
3234	1688
8380	2373
6921	8225
5590	7409
9243	2751
6646	5708
125	2393
9522	2195
2337	5686
2114	1236
6391	2279
7676	9138
8596	5570
8058	5554
1175	9041
9315	7408
1608	5542
2185	9900
2609	3587
5747	862
6477	7801
402	6231
9370	7102
7745	64
2403	2033
4360	948
8894	5964
4721	7703
4900	9774
5325	3479
6740	4419
8738	5411
167	3590
2268	1244
7511	1514
9784	5330
5765	9216
8811	202
8078	2917
1984	2625
6232	6067
31	5839
6807	5355
8437	9403
7641	2846
9045	2846
4263	5705
7660	8740
7789	4133
3143	5954
9989	8711
9839	8253
6485	9441
8414	2166
2880	4099
9942	9795
1853	5680
5657	2143
893	9308
1726	5905
782	7306
2007	9235
4838	4024
4922	1810
3595	2789
9880	4933
3934	9900
4211	2060
1906	643
1534	2412
4869	9932
1935	2336
6935	9816
2874	5741
6878	374
8676	4157
942	6734
7688	4156
3133	1767
5682	2763
2832	1635
4712	4418
843	3873
4532	5734
4810	8903
2686	7902
3174	4923
5439	7496
5096	8156
7333	2620
3325	8843
6443	2065
7583	1594
2449	8173
1253	9120
2687	9893
8788	177
4173	1681
2749	3886
7694	1353
7007	8523
2345	1537
3775	677
7282	7168
3309	7149
8988	423
1569	9006
7387	4276
2370	4892
4080	5974
9124	3351
4297	4226
1308	1924
6256	8567
190	2538
4783	2044
4529	4525
5668	1908
4045	9751
7755	9334
475	8650
881	6834
9540	4977
40	7829
2229	4305
2292	1571
4352	470
1855	7581
3406	1085
9305	5526
5873	5286
1614	9787
2704	6272
5107	2899
6988	1348
6068	5668
4512	3177
8046	7727
6542	2084
8002	1839
4802	6873
7804	7945
6399	242
7433	4310
4564	9607
2511	8727
2703	9042
4922	2636
1626	4233
7148	2211
7599	2449
9953	3585
5176	4441
6060	4614
9039	3868
8033	2507
6433	6183
1966	838
4561	1327
5888	6753
3557	4004
8368	7708
6910	4182
3910	999
897	6554
2310	3790
924	6012
5421	8872
1097	7769
9384	4564
5551	665
7922	6312
4226	8037
3697	9697
821	3751
7738	2658
227	2654
2306	6247
1943	622
2326	7476
8222	489
483	7376
341	4285
3979	9253
1246	2180
1540	4282
9531	8543
9972	3019
5316	2730
633	8262
3148	6010
4008	5360
9252	8003
7437	2130
104	8548
8462	5011
7497	4194
6673	978
219	2452
3211	8217
8067	656
2390	2988
7459	8476
317	7534
1875	4578
3899	481
7248	1833
2035	8775
3230	9420
4773	6878
4975	4407
2149	5484
4002	3365
6018	5723
4923	2966
4612	7466
824	6914
5582	4415
1137	2027
1645	6566
7222	3444
3102	2045
6484	3814
1436	5511
3465	6526
8738	1408
3650	3981
1920	6586
7237	2536
5301	5537
7024	8235
8564	1979
5395	3123
8053	5418
1554	504
318	6351
8250	8183
4465	6340
4935	4808
4349	5313
6266	57
4992	5042
2291	7030
817	7689
2846	8462
2479	1591
9756	1204
748	8847
2522	3590
8097	6614
2755	5589
9922	1054
4702	8208
6856	5532
3452	4248
7781	1344
5542	6802
6696	591
6981	8156
8909	6131
1959	9759
7777	8235
5635	4928
4106	402
1224	5433
8322	2579
4453	3197
653	6117
7584	9544
9967	9153
5666	4380
3903	4138
9115	470
3457	5373
8018	2689
1372	276
6107	4376
7799	5057
2176	2449
962	6846
6631	3228
7267	7801
2442	7554
1613	2521
2089	3281
7008	6990
5527	7556
4227	621
5292	9908
2007	3983
3313	96
4306	2016
5373	3826
4213	742
1341	1387
5239	6858
609	3519
7243	1444
94	1874
9254	1730
7233	4700
3569	7770
3265	5484
8455	3860
6939	5386
9589	956
1534	9654
978	6919
3905	92
