500	2327412
4938	8324
5073	5017
2939	4853
5112	9044
9853	1536
2585	9180
4158	4928
3682	1512
8480	2666
1188	3250
5885	1422
4782	583
6331	7041
3270	83
9699	5841
8130	2940
8088	713
1552	8160
2154	4578
6125	6407
6326	1891
3045	8657
5158	9253
5788	7915
6021	8957
6102	5931
3513	8535
1074	4520
4274	3038
7386	7342
1857	7374
7865	9570
9694	8592
1677	3120
4073	7642
5783	6878
4373	1406
5494	3794
5547	4803
3550	7087
1243	8211
6066	6595
1321	9757
6005	905
4386	8708
5053	9699
3484	5703
2275	7703
2852	524
1195	8105
2647	4807
899	8449
4618	2696
8077	9579
3416	5881
6331	6863
947	2035
3139	3991
7910	4243
5291	1953
4909	4057
3629	4646
6189	6789
3846	9537
2019	1287
6058	7003
1605	3683
4453	6712
1903	5664
7131	8357
1702	3233
9982	7325
9160	6069
9280	5097
1705	585
1226	2876
7575	4779
867	7502
7143	8283
1045	3974
4295	1731
1420	1321
5990	2631
9474	1387
4072	8936
8891	4436
7803	3132
5807	5985
9877	9138
4632	1700
5888	103
1592	2837
5408	9360
6416	3688
6663	8
4984	4424
3175	4743
4784	1242
814	788
160	7235
6160	2815
9547	5699
4820	6837
5582	7608
1451	3925
7822	1783
1166	5730
4717	7302
4208	754
4056	3371
454	7660
6638	734
5378	307
603	4560
1345	6222
9774	3183
9270	9935
4216	7805
1602	4643
7933	5050
6003	1991
8504	3181
3526	4698
4520	6400
7892	7971
6421	5313
7727	1074
5891	7233
269	8197
4053	5460
795	2814
1456	6321
4137	650
9310	6379
5112	3028
1152	5
4962	4157
9810	8096
6261	2207
1924	1643
1336	8440
4144	2094
3321	6907
7385	8643
9492	2668
4839	446
7449	6587
1864	8299
7961	7851
9493	1133
4431	8475
237	8246
5816	2105
6793	1657
6653	8617
7477	4568
2888	9461
4334	2747
3917	1630
3411	3519
8964	7177
4780	6634
7839	3470
5117	162
4300	8221
5894	4526
6791	6429
8326	5100
4746	9686
157	4776
4983	4022
6640	3311
8933	4884
7619	1708
9081	2999
9289	3972
6545	8437
3432	8489
1481	6761
8699	823
7808	4148
8714	9946
4910	491
2876	6233
7576	4469
4968	3887
2132	1096
1070	6244
4792	2436
3376	5402
7187	6277
4099	2206
1473	1763
1648	1795
9357	3780
446	4180
6055	8763
9003	5908
8601	7011
2229	9439
4538	6013
8991	1006
7955	1302
179	7978
6248	1630
7397	1806
5339	7347
3854	2870
125	2034
4255	9427
9646	7293
4382	7058
9217	6480
2501	4597
9097	594
1112	4669
7199	1990
126	5376
7865	7405
6083	1307
6631	1404
5082	9792
7930	6018
1490	7651
4749	456
951	5395
3009	5682
3487	2259
4016	6830
8224	1246
2306	1949
3145	283
8805	1582
6208	2040
3889	8501
5316	9168
2466	5970
3398	1914
9802	7450
6326	1028
5415	9537
8524	4451
77	8319
3928	6527
2212	3257
3256	3442
866	902
7899	8677
7742	653
5500	9615
611	8708
2395	9264
3783	7461
477	5567
5751	7575
9881	9489
5282	5967
769	9651
614	2635
7710	7057
850	4537
7767	1558
3148	7375
9129	3208
8155	7636
767	438
8999	1727
8272	9083
98	7985
7712	1637
5968	9961
620	3526
30	9364
593	5814
3953	753
7197	3025
1316	2083
6662	9643
1244	1464
6971	9114
644	1086
7397	6170
3035	9636
65	5029
9916	6539
8719	1412
3550	9354
6330	9856
2534	7347
4097	5619
5537	4814
2270	911
8508	9589
34	2523
1155	6766
2236	2339
7907	8814
4889	3126
3698	6672
3451	4332
7305	6356
3270	4230
5576	5705
4611	5429
1334	1369
4565	6896
2876	4977
1836	6063
6578	6151
1283	4739
2253	6342
8787	2473
5147	8567
4056	9477
7225	2310
7452	7216
1215	4095
1223	3012
833	7761
5213	9485
3883	9446
3812	3172
701	5199
7035	7640
9174	6683
6930	7230
3099	1940
8074	2066
7513	2301
1300	3801
3325	6780
8530	4709
7788	2143
3599	684
7216	3565
4144	8039
6089	9678
386	9674
9733	7344
2214	9033
5029	101
3982	9066
1440	5581
8018	7581
1490	8205
1709	1320
8145	6350
8515	8342
7331	2512
774	3463
4349	1186
5479	2913
6769	9362
9390	9028
2305	7878
3319	8391
2127	8050
2967	5159
7830	2225
3029	5070
5617	2992
95	6760
6708	4955
7131	266
5668	1828
153	1396
3053	3892
4086	9778
7799	7647
1366	30
3344	7748
1795	6800
7545	7750
2493	6182
5569	7686
6156	9657
2931	3591
7345	6155
2719	8923
1455	3193
5201	446
3055	3314
2561	4908
5066	6605
2808	887
8782	4954
251	3775
1347	3933
6364	248
2527	297
2942	4441
2303	8404
7193	5439
5373	5430
5245	4119
1826	1559
5901	8254
8027	6882
1174	7533
1138	3094
5563	8293
6380	463
4880	2692
4483	8642
8847	9318
3615	7745
1425	5532
5119	8556
7809	8584
5443	9990
5025	5494
3119	4086
6319	9797
2655	8387
9396	3454
4804	3767
6124	1944
6834	8496
271	8702
5541	4048
8049	9845
8685	8053
5290	6959
7006	8554
5953	5395
6867	1214
5877	465
7232	216
6520	5922
7042	5574
404	5
3102	3538
3560	366
3392	895
1001	6361
9312	4756
8120	2905
9431	3462
3503	8119
7399	889
5912	5252
8434	7421
7005	578
4546	9153
1716	8414
2108	6923
8635	4167
4347	8488
6461	5212
9923	3762
781	9845
72	7713
5160	5291
9125	6830
4775	3830
1144	5807
4311	705
1920	7773
9577	7367
7703	2908
7817	8680
7937	165
5828	666
3184	4724
29	5806
5694	8111
8454	2275
8672	3759
5284	4336
9524	1897
7451	1452
8595	5805
8608	9909
4636	3706
6981	5664
5102	6597
4612	8163
4886	6273
5374	9731
9222	8878
9140	2377
5281	6663
6115	7705
8794	3515
4069	6
3288	4322
475	9997
6310	8028
6109	6902
15	3412
251	5008
3201	9697
927	3029
5553	7366
6687	9080
2134	1935
5761	4022
3907	7408
2961	5771
2483	4551
