500	1227518
4638	9556
8075	1154
559	1763
7199	6223
5503	3335
6324	6802
4950	9836
2137	8610
6258	7433
7589	9899
1789	3901
4357	9694
7449	1147
7815	2398
3564	4020
2506	4804
7368	7492
9368	715
9608	1363
3380	9068
7086	4598
2773	6359
2758	9087
8672	2159
4419	2172
8400	5753
9636	861
9562	5390
1343	7255
6744	2823
8424	5968
7193	8477
7045	8080
6143	3214
3652	9252
7650	8764
5369	2466
9973	8270
3621	1483
8855	7066
8785	2589
1777	1982
3669	2671
6383	3937
6342	2578
2422	7363
5691	2466
6851	162
9644	9747
8062	4516
5869	2402
5617	2649
8053	6403
8964	5495
1499	9965
6141	2105
3556	8593
1932	3406
1026	5320
6998	4099
4241	1898
2526	1383
6358	8712
439	4305
1206	564
6487	9125
7436	1085
482	5962
2787	1645
653	6320
6420	7435
8774	3436
3112	5117
3239	547
9168	2138
5158	5043
4059	1165
664	3929
6936	6906
3012	7906
5706	6399
9251	2555
5022	2420
1813	9996
5498	4154
5511	2584
6649	9113
8426	533
1639	4242
7165	5317
2289	6314
8516	7439
3900	9726
1784	2314
5061	6765
6553	4660
1659	6617
4067	4612
2106	4280
3412	765
6409	3081
6536	8378
9921	3824
5558	7528
24	9690
5979	3164
3027	7192
2601	9459
5979	8000
2631	8185
4906	41
4228	1259
2765	7187
7222	7689
3501	9064
5571	7414
1777	8177
6636	3350
4163	6430
3590	1318
2244	6421
1856	2414
4451	9778
4677	516
9711	7716
2831	4620
1141	2284
9394	840
5215	5113
6893	3431
2340	3540
1281	5537
413	2454
6224	7680
5089	7669
5715	4702
144	2772
3886	7621
5919	7041
5912	7516
290	2324
2402	5751
8964	9431
1461	9502
5909	4632
8285	6211
5610	3410
7151	3753
6050	879
3024	1102
107	3007
7951	412
3519	3314
6622	5559
9110	7002
4801	6550
5489	3792
6933	6126
8657	2819
7048	4164
1707	6599
289	2700
2828	1281
3293	4513
2875	1157
5290	8451
1185	8199
559	8656
9499	5939
187	9956
7025	5927
8308	5902
2970	7021
1819	6724
7521	974
4489	3463
8627	2817
2404	6673
5134	3443
3760	2907
10000	2941
8351	9986
8297	6917
3135	8179
2717	9102
3320	7343
1693	1144
4307	6061
335	371
6560	6412
4954	3469
5037	402
5600	7094
9447	784
2058	1978
7173	8445
6055	7756
5605	9796
8350	6369
7779	5745
6816	4663
7614	2538
7790	3530
2517	5961
8078	6090
841	1389
1006	7677
9265	4024
8952	7849
330	5613
8044	5436
5502	957
8391	898
7202	2391
9152	5771
7707	1468
659	5944
3136	5741
1610	1368
3742	717
6074	3696
1822	7986
7730	2867
8528	3106
8864	2191
3783	1841
279	273
3176	3691
6826	4254
3882	5184
9964	6877
5240	7686
6964	4394
5771	6132
3506	5780
4343	9296
8366	7756
4821	5807
5916	1279
2491	8692
8659	5400
1082	3908
1041	767
2955	3589
5923	6832
4356	2763
5084	4818
5403	8706
7379	127
5057	6840
7346	1594
7091	9493
3508	8092
194	6227
5090	2583
8665	8818
4160	9595
8200	1973
2188	272
2012	6499
1488	457
6381	4576
2335	6606
944	5582
8600	1407
4085	4669
2445	4866
1469	458
4073	5920
3770	3737
7082	5465
6100	7337
9264	7824
9874	5806
7518	4128
682	5961
8753	8316
4181	5636
8073	252
9794	1094
781	7178
449	1862
3380	3247
947	2321
9176	3271
9256	4456
4018	1983
4240	5235
4933	7144
9490	6355
6153	1641
1784	301
1808	7936
8263	1412
2638	5813
8886	5752
9538	8379
2212	2394
5412	2232
4626	4240
4892	6468
9441	6256
6386	9629
3242	5800
125	6188
2503	6293
4936	9623
1599	6982
4137	5931
6904	1502
1254	7342
2312	9109
4870	602
398	7477
8487	169
3345	9652
9565	4935
1635	5088
9470	3345
2418	6213
8176	3312
1344	4758
7742	251
9866	6549
2014	8688
3135	3620
1625	229
780	6974
7900	4415
2278	9209
6136	4159
7772	4194
8360	563
1066	1257
8958	8682
2390	8387
8289	3560
5061	1690
7465	5418
8455	1449
3712	4775
6176	3051
3439	6294
3672	1077
7105	6420
69	1279
640	4455
8751	7226
7904	7575
6870	3642
2602	6712
1569	8283
284	8200
5078	461
2542	4413
8552	1826
8979	9639
6017	9239
58	2766
4319	304
3704	6540
6153	6308
3577	3032
3061	6392
8311	1786
535	3996
723	6783
5947	4699
6259	4871
6866	6333
3445	4088
8678	6431
5986	6684
4745	4982
1127	109
2614	3579
6329	5402
8263	6171
3380	6148
4260	8962
3926	4348
1028	4748
7782	9011
7398	1258
1878	1992
7214	1032
8212	6509
5123	5406
7109	3303
8951	5099
8786	9967
1035	2616
6080	7150
1021	4916
821	2593
9646	7425
3432	6249
5176	8701
6507	2839
3262	9889
3095	3241
6922	6883
9009	3513
7877	6028
632	9677
4128	4310
7455	265
2141	8969
5198	255
6608	9133
2034	7744
3049	483
104	2626
958	2104
3871	7921
9123	178
1337	411
7113	2440
9358	5204
6840	9414
3554	1442
1059	9953
5772	2725
8014	1118
9434	2288
9463	3324
2559	7110
7812	8670
8534	3089
2108	6045
394	9755
1722	594
2864	6778
5446	3535
2943	6265
2809	4552
161	8086
9629	1370
3737	3838
8576	179
340	5360
4536	967
4623	2456
5024	2169
7550	315
7353	5325
5474	4376
2104	2994
4641	5790
1542	1711
3784	9905
8058	6078
3338	1593
1301	871
3585	7347
5456	7221
4575	9605
9154	8216
9880	497
9477	1732
8437	2403
4298	6127
4871	6495
4388	6754
4984	3885
6097	1353
6221	9890
247	10
4629	9817
6654	4634
9091	1153
8953	9341
3902	2582
623	3
5316	6999
9297	9219
9468	9786
2046	6998
2484	7923
6094	2028
5489	4792
7707	958
547	6687
4015	8027
7496	9227
5696	8634
611	9015
4376	2008
4393	1463
8467	3158
4248	5047
751	5293
330	3423
4925	403
9434	782
7028	2499
1104	6337
9804	7698
3419	7349
5309	9869
