500	1230554
9564	344
6004	8905
2748	3051
2725	5595
1479	5150
2305	8680
3101	5380
202	4824
4686	9764
6529	811
9732	7687
9164	7201
7889	5464
9505	9144
6527	6223
9275	7118
1837	7113
5038	1564
5973	5145
6267	8832
5027	9774
6337	703
1938	5003
6381	9939
8791	2526
3263	5042
4486	8125
8705	768
8902	3673
5579	5352
3826	6085
2164	639
9117	8875
9999	241
4716	4787
5997	2596
6968	415
752	7120
8580	1987
7768	8032
8199	7267
3133	7835
9227	1749
7300	2510
714	6432
6135	7291
6104	3918
5571	7863
7263	8161
8811	2473
4486	878
4878	1744
3980	884
3414	973
3238	9350
4440	901
6365	3091
5990	6208
7294	6671
6340	9120
4144	3927
3437	3514
3017	5823
3264	3929
4753	9090
9134	8208
1448	3683
2920	8294
1489	6043
484	4429
9001	2433
3108	7185
3463	4648
5485	575
1301	2590
824	2032
6705	7065
6268	5547
8097	101
8024	9594
7592	2053
2185	4424
5510	2083
8197	2119
3950	4459
4823	9464
1147	3062
8274	125
756	8867
8683	3115
4560	5374
9759	4302
4627	2876
9194	4888
5172	7743
2800	9989
3908	7710
9553	1867
8180	2104
366	258
1843	842
8269	6555
5482	6594
1769	4652
2734	3571
382	6483
1570	8940
9616	6313
2223	4560
712	9404
490	6273
4866	5159
1181	3948
2623	8978
8674	499
3104	4785
6573	2833
7140	429
4519	6146
5664	7056
3281	9647
9980	7633
8297	334
3270	2031
4100	3694
7862	2284
9812	2208
7810	1913
7527	6113
1166	3950
5478	5137
8599	3785
1997	8713
4517	2479
8961	4897
3831	5646
33	5221
8316	2915
12	5125
355	2361
1049	5608
3246	2822
1389	4571
3113	3873
8899	6531
2953	3872
5792	8731
9409	7236
7625	1178
3616	7008
7167	4683
373	1663
5920	6401
5009	1681
6541	5664
198	4808
9677	6448
1659	1774
3503	8949
7380	5423
7951	8102
5578	1540
8694	3027
4839	6334
2677	9894
6680	5297
3340	1351
2904	2018
5225	1844
1395	4142
2415	5300
5791	1067
2647	9333
4208	9853
3266	8922
3690	2255
9382	2376
3488	1266
7121	2068
5747	1976
3255	2401
5459	249
3572	1478
8657	4569
9432	4344
1643	2202
7048	2079
8761	4142
6421	1187
3656	7649
9428	4979
5238	1803
5854	9630
1479	489
3082	9253
6463	2823
6997	7776
9783	6047
7251	6131
3463	4345
1240	5346
9913	9890
4197	7059
4116	5966
2363	2593
3662	294
1565	3736
9933	3693
6344	2362
2613	5860
2538	56
4599	9325
7806	4912
304	6943
2543	6682
8644	3667
5424	2879
585	9241
9172	5194
9842	4309
5429	685
5555	4890
8931	3565
714	8412
4833	6951
3144	8804
7589	1198
1928	7820
9807	558
6233	763
4229	2989
6796	7085
4215	5374
7450	9990
7959	4784
4346	9643
297	4487
807	9429
7967	974
2854	4539
6477	6938
3246	3843
8062	9795
5250	5381
4651	1607
7200	3450
1344	7997
9397	3625
7374	1189
9752	4548
9726	9946
8540	9892
1939	5392
8429	2903
355	4543
6466	2858
9153	214
3650	3307
3055	7997
2946	7157
6505	7958
2464	9278
383	8742
2954	5143
8074	5478
1036	4141
5871	5151
5257	8479
1990	6129
2484	8860
9533	2634
7730	155
7728	9821
7162	1557
2104	7111
3774	5807
877	8751
9706	3110
859	9086
1965	9422
6271	5192
5309	9088
8601	5076
8697	938
7651	1061
5297	821
6982	4612
7171	7685
6711	185
1516	253
7927	9106
5702	5821
9130	1297
1027	8960
9329	4108
8453	9076
9840	8594
769	8552
8514	6391
5356	7080
4095	3490
5057	2199
7664	8682
4440	8173
4766	5659
7561	2983
9816	9273
8285	9581
8599	2277
771	5405
7332	1254
25	5600
5180	5912
1225	6856
6455	9819
2023	307
8615	7847
1431	3391
4326	9608
6353	4171
9562	7249
4032	5532
9832	3553
3007	7882
1051	6515
3516	5437
6994	991
6419	3815
1440	1662
5091	9820
9894	5268
1942	5091
8944	7780
4632	771
3113	2057
5562	4150
3081	4146
1840	1579
8781	8894
5559	3225
8047	1306
4034	9394
227	7063
6991	709
9858	3415
7491	1311
4171	9942
5758	3957
3093	2386
7850	3436
596	9293
4991	1274
6369	9875
219	3162
2128	7318
3388	7524
8022	3914
5214	8113
3330	4745
3385	2956
2847	8823
9349	3623
8342	6291
7619	1847
6675	3926
607	5609
7184	5531
828	313
4092	4332
894	7801
3640	5381
8386	9006
9906	899
4361	2920
4356	5697
2140	7757
7544	3853
9844	3896
7564	4511
2493	6028
9013	9334
7434	5970
4236	7418
7117	8802
152	8860
1265	1988
189	7799
7885	7949
77	8355
9210	375
8746	8278
4723	1441
8014	1880
9978	4537
661	2590
3399	6236
2776	9539
7106	958
6195	5168
8339	914
7390	523
3406	7344
8347	1180
8024	1677
668	9939
7196	3933
9490	3282
8991	427
4046	8652
9292	1201
5649	8354
5879	8138
4253	4649
3118	8942
8573	9840
6568	6094
9550	6609
2902	5543
9997	2627
9938	4870
6380	9915
2060	8417
3006	4744
2850	1908
9717	2183
7546	3161
2274	6134
7910	770
341	4062
9205	2728
6852	3987
6553	1380
8288	5824
9419	673
4819	5690
9412	9701
9492	3489
7839	1186
4021	1062
2587	1720
4329	8688
8993	4430
7774	8833
8210	2256
724	1994
8189	8506
7824	8456
1018	696
6521	8984
8709	2012
9692	8586
9209	1081
5181	5148
3051	5077
2939	1867
7945	2938
6926	7242
9474	443
6054	2212
821	3191
6872	7222
5685	7924
7329	187
3252	2399
4489	5446
8250	4804
5147	2669
9191	2472
5882	3320
8529	6925
5794	9322
3939	5883
5870	7121
2373	8551
2194	9423
1679	5945
1852	851
7289	4254
335	1862
3450	193
5735	8784
8407	3662
3079	290
9705	5892
9000	5015
2775	1473
1650	301
1040	5056
5856	4117
9302	2448
1486	9309
2357	2779
2772	1558
7997	7714
6767	2869
9207	4191
5621	8087
5634	4746
221	3951
4255	4066
