500	1231895
967	5081
7410	2879
9297	6691
2055	4764
6680	5640
9802	2195
2343	4261
7936	4112
2142	4884
1470	7298
9007	1911
90	7578
8480	8620
9077	1256
9661	3934
2040	8334
6919	5815
9109	8098
8570	1743
9577	5078
776	491
8867	9470
8840	9290
7846	9971
4622	3675
410	5376
8224	1583
9979	3984
4183	4674
9758	8554
2783	7104
5010	8713
7659	2181
2454	5725
5020	4476
6386	3597
2153	4009
5590	6940
4131	2598
6640	4440
690	2683
5737	8189
3615	8939
4484	3358
2250	1380
2027	7897
8460	2316
1104	4366
2618	2508
2404	4070
4322	3302
8180	9841
8243	899
3977	8189
3815	3010
4501	2346
6429	5828
9735	8929
307	2018
6995	6298
4840	1687
2853	4849
1321	3583
1943	7278
2634	6829
3250	4712
3019	2057
5476	580
9740	2019
9714	2126
6464	389
3054	3053
6911	3668
2818	6378
3313	7961
4269	5780
971	8291
5684	5263
7990	3895
9644	4758
8378	4432
2870	7207
5785	786
9719	2400
6689	1354
9173	8208
7277	3671
1513	1008
6920	3487
9965	9222
2434	5359
4607	1770
4959	1193
5831	43
3791	810
1059	6282
759	104
6728	904
2320	1392
6703	1970
9433	4740
2040	6203
4332	4363
2608	6530
6558	8122
1903	7565
9560	2944
25	1450
2491	9158
6806	7373
5794	6299
3543	1156
5460	6688
885	342
7805	7642
1663	9307
3210	8800
4407	7631
2411	3839
3710	4798
9557	3695
9956	3513
9702	2069
1197	5612
8204	7408
4929	8494
1796	6332
327	2211
5081	4200
8141	5231
5106	3322
1041	8766
2264	3132
4467	9316
651	2566
9886	8692
2740	5898
1678	4994
2059	11
1694	7004
9260	8505
1774	5884
8223	518
8922	6493
2068	1263
3825	1229
5062	256
6442	2867
5357	8835
5077	7399
5704	7804
2937	8551
8229	6161
5846	4522
3331	5397
585	6824
7321	834
2965	3111
9249	5486
3080	4732
9380	671
7329	6802
4847	2918
9594	4257
8	904
9515	8248
1324	6022
8244	5522
2002	9631
1272	8594
519	2915
9381	6604
1867	8048
5769	5986
4821	9251
318	1644
7346	9479
538	7459
5594	3460
6365	6487
4044	8418
3299	2432
292	6576
7814	7624
7153	3033
1937	1350
9259	6162
7540	4028
1298	2650
403	8064
3390	4277
3708	3915
3462	6389
9959	2860
5352	4626
8096	4977
3961	6669
1669	2779
6246	3008
4407	2250
541	6968
9255	9962
219	4301
7828	1708
852	7936
7789	2508
1141	4639
4199	7192
96	8385
138	2031
3059	4396
6974	73
8313	5281
2411	6672
1201	9567
9990	6580
1163	7109
6299	9319
1736	2132
6304	7173
3906	6636
5962	2980
9343	7104
7693	9068
6153	8247
9318	8793
4050	3260
8783	9369
9905	2801
5129	4391
1209	7712
7900	410
9543	5929
6017	3427
7692	9082
2422	6130
6415	2157
6488	4683
5206	6874
7320	7063
5822	4058
7693	798
7044	4523
3649	8741
9989	6929
7793	7619
6160	8405
9388	5125
1162	2420
8866	2246
8306	7082
3173	8689
6047	9005
9352	6056
7904	7114
615	9083
931	8940
5156	8736
3632	6159
2949	7520
2396	4500
891	7587
124	2152
4485	1926
8301	3500
4367	2433
4506	5399
3532	5306
9200	7444
5988	9633
1862	511
3850	110
839	221
9669	7628
2358	3323
6638	4223
7166	958
5638	644
7759	1662
4987	7680
7612	5288
8347	3412
6721	4835
7685	5948
973	3937
2443	8982
7944	2107
1123	4090
9928	9651
9786	3944
9840	9555
9921	7106
9927	4221
2336	1263
2477	6427
3126	2495
3437	3697
9811	7281
8874	8756
6953	6026
9236	2012
1759	5587
509	559
5257	3699
1916	7336
9243	2511
6037	659
1555	4383
7808	7432
9851	6190
3558	8154
8794	2196
1416	2665
458	5397
9758	4601
2978	1934
4388	8463
7743	5398
8674	750
1722	1217
9174	6826
4308	2218
5781	7838
4913	701
9474	4122
1168	6285
3032	6426
4893	3248
9064	6579
8561	9188
8675	8424
3708	2842
8642	6041
9208	323
6994	4627
8406	998
1667	1521
1277	6334
8557	6041
691	1684
4115	295
6204	3993
9851	6030
9220	2758
1736	4839
7222	6062
6612	1831
3184	9501
1914	37
1510	2628
4197	7604
4570	4981
4052	1936
7332	7461
1834	9115
4598	1669
9778	3682
8926	5301
5128	6082
9913	909
3623	5999
8119	6938
2422	2064
1415	1410
7609	137
7717	2686
4798	5035
3204	2097
4331	3007
6123	8964
4969	9795
934	6080
7366	4614
6075	1492
3623	8970
2370	8364
5340	9787
5766	1695
9195	3832
3124	4835
2076	775
7480	8528
6241	1519
1736	3332
5977	9883
3620	4669
8434	407
4861	344
903	9899
3763	2571
4012	5382
2552	8663
412	4103
4202	9464
3363	4937
3387	8256
2128	7647
7349	9384
4307	5581
6732	9148
6807	313
4607	1927
6662	6077
7798	6258
8548	8973
4799	3319
8288	3969
6929	3295
1839	4043
8977	6746
8214	2751
659	1935
611	8123
9583	866
1728	4353
4391	5911
3186	4552
4769	4145
8459	6831
3328	8739
9238	9535
2285	9858
8462	4698
2058	4082
7013	9398
4029	4495
9522	6048
9431	5608
5310	5140
4851	2485
1532	2294
7977	1078
1430	5697
8228	1796
3259	138
2683	635
9230	7872
405	783
1629	6747
8913	7015
3353	8742
8036	348
8151	4942
655	1823
245	2664
2024	9966
3845	7295
1143	6666
7586	3374
6735	7615
2430	3269
9784	8665
4897	7260
7648	3780
2371	1346
8427	6056
4054	2257
8572	6720
8303	1705
8217	9962
6155	1483
1530	7027
1578	3516
35	2511
5745	1295
5500	6216
6437	922
7085	3311
9857	5682
9593	2850
390	5859
409	911
3711	8314
3992	3770
2664	1872
3196	4779
5866	1202
8540	6693
9907	4093
7853	91
7600	5796
4334	9601
6270	2612
6437	7418
5880	292
3720	6104
3969	2684
6717	6456
4648	910
8347	8457
2441	8901
185	7854
2142	9171
2688	6327
6253	1158
4574	4681
4873	4077
3659	2883
3043	8297
7533	5936
