500	1270682
4977	5283
338	360
1725	4251
5459	4312
7084	2146
5139	5493
2236	3060
7836	9047
7868	5226
739	6328
9538	182
6965	6781
8971	4860
5985	2192
2768	1342
6555	6406
7768	7113
5674	5677
3606	5476
5690	9549
1269	3406
1716	5996
4899	2416
4210	6017
6485	3622
694	2856
3175	3312
5152	3359
6167	6830
5543	1770
3089	2830
3336	5033
9900	6059
8364	2749
4339	5952
2450	7624
7969	6303
7441	2227
15	1334
3688	9243
9152	7731
4655	8931
5823	983
1744	2992
2748	3797
3563	7759
4204	1948
5284	313
8303	5418
6314	1735
7829	7740
3403	3588
2622	4945
2082	8242
810	4235
7434	3354
2815	1368
4561	7380
5479	8091
512	9254
3157	7754
3068	1811
8862	5163
369	405
8177	8034
3444	2641
4769	5759
8849	5174
2625	5031
6142	4473
8224	9636
6940	8609
9185	1497
3732	1873
6205	3084
6102	7961
6095	8916
4416	1108
6711	4643
8778	2251
9554	4008
9419	9195
8880	2976
5229	2176
4754	6863
7169	8877
8275	9417
9056	2793
6526	8922
324	299
7865	6639
6329	919
5486	4210
955	6582
6244	9357
4570	7528
9100	5054
7575	45
5722	8073
7331	4265
8231	2067
5772	2152
9059	861
9001	9546
9437	5482
9038	2166
6438	6496
7685	2551
9401	1260
6758	6462
9340	6308
1726	4123
228	9305
1637	2506
5007	1638
5051	2869
60	3485
5267	1406
2488	7816
8651	9614
3576	2910
3336	9503
436	1521
7704	8441
3733	1354
290	9882
1288	8684
2441	9975
7618	2019
4560	5776
3445	4493
1999	422
1427	8317
6623	8770
6633	8453
6837	4768
8323	6939
7587	186
4150	5341
7662	5582
8660	8628
5995	2532
5645	4
6989	9729
7323	2028
225	1444
3855	6932
4579	1913
7722	1061
7641	1315
7977	7518
4676	2366
5822	3614
8040	1513
1494	6744
9416	2957
4441	9867
6028	95
5166	7979
2806	6738
2062	3861
2941	4737
5711	8857
4401	5803
1903	1297
7683	9458
2514	3461
5967	9364
689	3197
7033	2454
5684	4571
6883	4153
4576	55
7874	6958
7265	2971
401	43
6628	4378
6322	2211
7632	6855
1133	7855
9794	8410
216	3423
6950	5735
4642	7792
392	5265
1999	7972
8209	9419
7616	9271
2032	3764
4404	5695
3261	7337
4522	7000
3490	6392
8774	9734
5998	4762
2797	7249
9661	9929
7936	2665
377	5108
3153	6485
7495	7354
3972	1358
101	6535
1221	8887
2168	6755
640	8704
8294	2197
6629	518
7928	6274
8787	9052
5904	6812
4415	430
2689	7075
4778	6988
7058	7072
9486	1660
322	3982
7019	3241
3248	1639
5223	8400
1299	9810
9148	8926
1617	7250
3241	1766
9048	2573
447	7943
3233	2684
7567	5657
3706	1394
5136	3178
961	9313
6340	2147
6925	1405
9102	9211
7639	6083
355	2082
9091	5317
3229	4120
670	5287
7367	7787
4815	3567
3932	6938
5200	961
163	68
6861	8791
8210	1314
1071	7885
1155	3325
8111	4767
6863	8062
425	2855
3514	6994
8968	3607
9419	1499
8155	7819
2320	1758
1383	8521
7888	9160
5102	2639
7231	1707
5949	2254
8365	7894
9722	8087
4646	553
8671	994
3426	5822
8695	3180
1221	8953
3739	9919
943	6787
4113	9455
5127	1379
8042	4647
3790	6940
1793	5703
2706	9101
8087	5379
422	4117
6831	4836
3606	5435
276	3971
2251	9310
2789	6473
5291	9370
7830	8767
5848	1022
9132	3952
8460	9563
5050	4761
5475	9405
6911	8034
5835	4255
4502	8064
6052	2336
8590	6510
854	7525
1581	5719
1004	5248
6081	5445
3118	2019
1605	3413
6090	3264
6726	2665
8842	8639
4418	542
6807	2946
3511	9557
7869	3132
5923	1728
4237	9070
6747	1773
8359	1601
5106	7335
9993	8029
6729	4568
5622	5157
1122	8461
1973	5714
2853	1730
1877	6392
3272	9112
9554	9663
140	9796
6686	2888
1034	8891
1751	661
8306	6844
7035	6714
3781	7653
172	4435
6402	1121
2267	6160
2578	8851
337	1528
4815	7207
169	4752
3260	2408
3030	240
471	4870
5331	6663
8354	4085
612	3810
1024	1702
8172	9974
7381	1258
6599	8568
4989	3596
2901	1474
9375	5420
9945	3252
2572	8674
7379	5420
9128	3981
9600	7059
9347	8748
1724	663
8572	2601
2843	5373
4337	3105
1016	7947
4869	8310
2843	7043
7337	6681
3129	5292
7293	744
2470	3138
4928	3016
8512	4848
1031	4472
9369	3278
8902	9372
3551	967
3049	1295
7534	4138
5649	707
6567	558
7740	8515
2539	9753
9582	4217
9746	2539
7239	5876
7849	6205
6463	4540
1321	5851
7722	2791
2101	8176
6065	3591
5978	7214
3915	9114
2598	9751
5168	1596
2053	2123
5473	9632
3736	5158
4388	7661
1540	9995
6092	9455
4646	3165
9813	2188
6525	687
9398	3987
4793	2306
7956	9865
7367	8307
1115	368
5068	282
9009	6961
6337	8556
8082	9434
7978	7873
2511	7934
3358	9816
252	2456
8725	954
3915	623
9337	1977
1089	970
1709	1541
3282	2395
8162	7358
387	9602
4112	7881
4712	6635
2244	4771
3199	4287
506	6999
6571	32
1217	6493
8392	8080
672	8761
8558	6894
2749	2411
7450	6162
6880	2653
7127	928
4531	6811
4407	4775
1059	8677
54	2887
1592	6475
8922	8400
8046	7429
1097	4543
6886	5649
4487	6539
2712	3630
3764	8788
7386	1829
3625	4508
9775	7368
6551	6873
3165	6211
3369	2000
9863	5968
6632	7638
3993	9959
8342	3478
6835	3512
9987	3194
5706	6576
6401	7101
7464	3552
3288	8209
9271	1846
3477	2614
69	3920
93	4703
8009	3184
8543	4266
6392	8809
3927	6151
9141	9943
6630	861
1062	1933
9968	5099
9751	2401
2329	1042
312	7112
8360	3692
8424	2784
3360	9578
6527	9377
5296	5154
7774	4103
8364	1782
5068	8922
339	8221
8723	163
4601	5555
717	8677
7603	7321
4130	184
9303	1590
1700	1315
1230	35
536	3099
2664	2696
2105	5656
5903	4059
4669	3346
