500	242459
5738	4223
6943	3100
53	7667
2236	960
9892	8168
5126	438
4442	8970
1485	9895
3266	9224
20	1274
3745	1048
5745	6876
2741	9648
9851	1885
5868	9556
3324	7228
2970	1837
1484	7556
9837	902
3054	2064
6498	7318
7060	1103
3602	6741
6645	3014
5161	8560
8704	3616
9343	6032
5505	181
8576	3250
3400	265
9826	8215
3056	2700
7999	4300
3424	3557
2399	868
8300	7890
39	6223
5316	1456
8482	2083
3470	4488
4459	5031
284	6567
9994	6548
2355	5309
2340	8554
9366	9036
7994	7908
2677	269
9469	9375
5139	545
9935	3163
4789	3226
5437	7590
5879	1689
1951	9275
8013	793
9610	7643
1628	5905
7163	213
9499	7387
2381	7668
5657	2415
3291	6378
3555	1456
9933	2588
7746	5780
9643	5721
6196	323
36	9516
820	3742
7933	4122
7305	7148
8535	3346
583	5527
5588	6486
8835	4156
4410	50
6502	7432
6364	5649
3707	855
2649	7550
1329	4448
5792	6271
8104	9992
3799	5704
7033	9456
5677	2959
5738	3087
6668	370
3749	9391
1420	836
9792	2151
1515	9735
265	7406
8799	7337
220	146
7425	1736
6188	3492
5986	3838
139	2672
6513	115
1745	1545
3063	2516
5822	3495
6847	7717
6530	8400
199	4613
1456	4532
6435	6128
22	5514
4737	7194
4657	1497
1808	3530
7366	8395
9449	4914
6092	1660
89	6797
8155	3934
8507	4163
8043	482
1065	477
7091	3085
4885	4729
8310	7202
728	704
2645	1614
5653	4416
9872	2978
5512	5344
3374	1221
1164	9115
5997	4155
2886	9900
1535	2034
9438	5626
4732	7354
8027	9468
6007	9198
347	3646
748	8334
8980	9496
1487	9825
1572	5152
7887	4448
2235	6978
4115	9402
5607	9793
9553	1888
6295	6918
3489	5993
6531	2990
932	7202
3402	134
7681	2248
4385	4167
1617	6809
9358	337
679	4938
4980	8513
9795	9752
551	2656
556	9134
8613	6699
4547	4945
954	7716
3159	3693
5240	6250
3894	2314
3236	4183
9544	2328
394	6483
7646	8518
1117	9719
753	5502
3407	9415
2831	6282
5170	7737
949	1544
9270	8578
6454	8345
2751	8626
1449	9880
989	7912
5183	9985
9441	6606
2437	8247
6403	8369
4872	1385
3052	7532
7365	4517
1743	4961
3574	8962
5746	6965
8514	3662
4728	1594
6168	7209
1507	1526
1918	456
4910	3892
713	2105
545	1488
6601	4098
3260	9263
9679	7451
7503	3327
1113	9229
7128	8994
2727	8887
7364	5953
9194	9110
7044	2146
6179	7972
3187	2857
604	9846
376	237
12	3167
3443	2457
7625	9918
8565	8892
5055	4214
920	9636
44	174
6957	6037
9755	5011
8152	4923
3028	2555
6850	2592
9793	9948
7260	5032
2893	3206
5644	7854
6788	1468
4985	9170
8344	6721
8014	4486
3406	1092
2999	2954
1917	7835
4127	9712
4348	4718
3516	4455
3254	4043
7388	13
4210	1421
5582	2919
3346	1507
2596	1959
4649	621
4355	317
6734	9175
3226	777
3987	7320
4482	5476
4306	4896
2086	5270
4537	5740
8725	5727
9291	5896
6548	5263
6331	82
6924	1149
3929	5706
3593	7427
9821	2096
8877	6892
396	9753
2637	1294
8250	6770
1055	9433
430	4776
471	8417
6782	8303
1226	9368
713	6774
976	3246
6594	7044
2299	5868
5694	1657
3111	920
8736	146
3805	304
8826	874
697	8402
3817	203
250	4887
3433	6800
5708	7582
6724	5321
3098	9245
8263	2279
196	2169
8497	8201
9781	8775
7313	9710
9551	9381
3877	5312
5982	2983
3115	548
5731	9564
5196	6384
2751	2956
1030	6889
968	8297
1542	6620
4561	815
7499	1885
170	3472
2687	1717
1314	6275
2757	5054
6579	68
7081	5424
6289	2960
7043	1093
5	1676
8611	71
3877	1242
2977	935
7477	2947
9894	9734
8539	6644
950	883
9811	1589
4247	8791
6589	1403
6936	4397
5374	5579
5886	5327
8783	1897
7793	584
3143	9389
5975	4280
7175	2421
826	1457
9197	8270
1336	9376
2586	1009
2344	934
5674	9571
7125	444
7865	734
818	3137
3101	3248
5515	4046
5344	9476
6470	121
5396	4749
7669	7535
145	4562
2207	2512
2021	2690
9267	5431
4616	1309
4356	5555
3474	2492
1355	129
4054	374
3550	4297
6298	9450
8804	5705
7175	4157
4862	9200
3880	565
8389	8014
6740	1052
4877	1356
4149	6849
1021	5189
6455	7658
3893	3203
1525	4677
6689	6072
7418	6994
9660	8795
4216	1307
1506	9692
3469	2463
7542	4733
2140	1589
9806	4241
6970	8509
6238	9196
4019	5704
8059	998
5304	9425
9205	1318
3969	6948
3001	2795
4620	9922
547	1609
321	293
1724	6462
7762	3978
9578	9269
5304	6942
8075	7114
1813	1426
5747	4903
6597	1278
1394	775
7965	8098
1961	427
9658	2399
346	9075
1109	8110
199	8485
5528	1557
48	5187
8848	3597
9076	2491
475	613
3419	677
9315	7918
8123	3045
6987	133
5374	3992
7233	4333
7769	4131
3680	3506
2146	1616
6884	3932
110	7505
5738	284
4349	1932
4470	4074
3587	8429
4898	4688
8392	5060
6689	5746
3824	6895
4644	1010
6215	9234
4170	421
2160	7824
410	4723
2012	2433
8477	5963
8944	4879
9256	7332
5801	3271
4153	6121
2138	9688
5139	5174
1919	4546
7904	4282
385	715
2942	6289
3376	8415
432	5247
4978	2704
372	1855
8759	116
3391	2956
2902	2252
5765	3718
984	4908
3944	9931
2653	8923
607	8749
6846	2205
433	5041
9281	7064
8764	5198
2815	3844
8435	1643
7247	3378
8351	1019
469	1911
8819	6734
8798	1441
7257	8279
871	7090
2448	4346
1921	1572
4273	9302
853	9536
7849	4569
442	9067
4842	4064
989	8739
3669	55
28	6943
3761	3820
1337	1821
9375	553
9787	6082
1584	4722
5122	3374
6178	6884
4121	2725
8922	5964
6477	6211
8528	484
7086	7932
5275	1103
3767	5882
5947	2753
73	3776
1233	6685
6812	6610
