500	615530
9628	7234
7046	851
1201	2386
4264	6847
333	1048
92	7801
6358	5168
2337	8800
9483	8449
7534	7036
8587	2139
3597	3349
4466	7242
84	618
2414	3123
1735	2966
3864	3785
2994	8100
4575	2796
9534	4627
1344	4727
9530	2494
1285	6062
7834	5215
5030	4047
9498	1767
4880	1351
4414	258
313	8337
9205	8572
3648	5447
3327	144
1443	2066
4504	3970
4157	8546
971	2214
4372	9880
8232	4220
9234	7640
6511	2484
8419	4101
1801	969
1320	7033
5396	1745
8028	4225
3173	1697
8274	6727
8941	341
2780	7260
7184	2375
4571	4859
8248	1882
6481	3235
9267	167
5873	736
6756	6216
8353	607
9928	6739
271	9670
9438	4996
4819	4360
6708	3946
2839	2335
129	5693
8262	9794
7155	3674
2854	2243
8650	9259
8842	9032
1064	389
1138	3003
9148	3238
1799	5432
2093	8512
5390	3283
2802	304
6118	4720
6409	8380
5271	8190
882	4138
6996	7013
3927	1106
1621	5149
8789	5090
7884	3180
282	1199
7210	202
5427	8278
2658	9965
8103	3724
3847	2187
3514	6362
4809	2881
6605	4344
4208	7505
1471	919
7138	6292
8562	3701
3992	8351
2974	4475
3485	6016
4760	7391
1268	4864
9711	7040
5081	1963
8151	3033
2605	350
9034	789
7404	6383
1385	3441
2907	1190
7007	968
5119	9135
5526	5011
7500	8814
7867	3273
6532	3906
317	7612
1889	745
1914	1192
3414	2654
2621	9190
6095	4275
5301	7949
3025	5275
3554	9916
2314	5749
2726	7785
4714	5863
8401	8554
2471	5502
8183	1051
6598	3828
6027	3318
4689	6837
3373	6792
7801	9958
1673	5475
1697	4365
1481	7812
3506	5203
7484	7804
6361	8167
232	2646
4014	2975
6064	1515
4729	2600
7885	934
1399	2568
6377	10
3171	207
1844	848
2772	5201
1064	854
1212	4239
2687	9863
920	5477
4329	1417
7952	6195
5360	6307
8461	4977
9997	9596
5455	2934
6107	1271
5576	5090
1254	7623
9472	1447
167	3965
7255	4758
1826	1030
2554	3008
1263	7085
3833	3512
1458	2509
7569	4470
3649	9657
273	9965
1233	4171
7264	1705
7368	7626
895	1849
7701	5645
6731	3997
4209	4709
3964	722
2025	8129
7496	6192
8197	3969
8677	6166
433	9230
5712	7474
2782	4770
8876	3806
5610	6318
3047	477
5662	7449
6203	2272
8859	7165
9865	5479
374	3932
8707	6531
9479	4525
8076	497
5392	4072
9068	2016
2222	1027
2022	6687
8118	6463
5964	9426
4642	5420
2748	4461
1591	6592
4869	1916
3348	4768
7348	1900
4576	392
5164	1107
6399	4730
6392	7548
8076	630
6255	5588
7882	8875
8860	7178
9457	484
7597	2967
3724	9582
3566	5434
4509	6692
166	6952
5500	8588
1045	7941
9916	6893
5660	8026
7484	792
5148	1503
5198	2000
5148	5644
698	5044
9613	6963
1752	8751
1376	7080
575	1270
2054	7200
9212	935
5435	6443
9464	1411
4337	726
8150	5223
6338	3994
2724	3855
3300	3923
159	3618
933	2494
6502	7987
3345	5517
7001	3974
1702	6978
5258	1999
1139	6753
2370	7265
1930	3654
5771	1166
5993	7197
6811	7255
4209	262
2352	3734
3732	4507
8235	9568
561	4739
8972	5974
1271	3765
8270	4505
2162	7398
9986	2127
4589	6936
4206	7556
3284	989
8135	5034
6811	4529
472	9579
9121	7821
1111	6973
8532	637
3823	2091
3360	7014
4966	8720
2506	2490
7943	1220
5866	8934
4999	7986
9097	8425
3677	9039
873	7195
9738	7271
4178	1866
2382	8483
807	6014
8270	2332
5846	8044
377	6068
4985	7603
5331	1755
4122	6534
6377	8700
7848	2126
9718	8097
5977	2694
3565	821
2219	646
5670	8085
9115	2260
6406	9535
5210	9100
324	6860
6306	5386
9635	8481
7819	7417
8272	2431
6772	4715
7736	6760
8887	7917
1666	7720
4178	5795
5275	8791
4419	9946
3415	4322
6706	3244
8967	1262
6601	6002
7088	7769
3550	9674
8868	6456
2513	8461
1299	9565
1990	7147
7418	8747
3462	5213
3038	53
2221	6986
8821	1929
8277	3700
5112	3133
3563	3387
3753	5315
9649	1794
7278	337
1118	3623
2230	2272
2030	5003
2010	722
9742	3705
21	1146
3653	9468
559	8833
8088	2929
9229	1047
2358	1626
4078	1951
5575	7789
335	5924
2459	2269
303	8152
2620	5131
4093	4555
9280	4264
5869	8702
9493	599
1939	9649
5152	1139
3363	3777
3827	734
9973	8115
6207	2251
8789	7817
1188	6111
3838	23
5318	5410
8862	6219
2918	8812
2981	5073
3329	1996
3776	2026
4678	7473
2816	150
2455	6766
1959	4997
8562	9927
8537	556
1436	4365
9829	9337
7622	9324
7812	3737
9399	6911
9713	9961
3992	3452
8735	6226
266	55
2105	5017
8714	6210
4270	4924
559	907
3570	8178
6082	4597
2471	5073
3571	8652
5650	3688
7681	6574
8342	4432
131	4956
2625	5108
328	4229
3207	2516
7593	8132
7531	7520
3100	9657
526	2188
3533	409
3569	5779
3862	2841
7291	5696
7291	6140
6185	7253
9277	1558
7156	5242
385	4003
6619	1061
3771	5457
788	4510
9135	5009
2715	9784
9899	2891
3898	1401
1504	5135
8295	5695
495	7131
5233	3731
5549	8927
296	9142
794	4385
3839	7549
1881	2435
5482	5172
1691	8094
4688	1501
2473	2867
2708	6083
5784	7393
1174	6344
1445	8079
5714	2859
3677	1668
8885	2803
8372	3486
5519	9456
6292	7287
477	6823
1397	9142
8983	9471
8767	886
9815	7908
1892	444
6481	1128
4156	652
5549	9757
6922	8195
1326	34
6468	2140
7178	377
8181	5657
3940	2792
5640	2490
7724	9487
147	6720
5705	5113
9758	3051
8957	713
8536	6505
2869	8492
7459	4785
7177	7765
3552	8342
7562	4373
714	6557
3545	2572
1286	6282
4255	2487
230	5213
4504	4024
7975	1166
6627	8233
2175	2915
4908	9821
8858	8120
3973	6017
9877	3609
6527	8465
4908	7785
9569	9554
9546	3033
2452	5418
